Bib,Zip,Age,Age Group,Gender,First Half,Second Half,Finish,Positive Split,Percent Change
25,93730,30,Under 35,M,3832,3961,7793,129,0.0336638830897703
9,97124,32,Under 35,M,3845,4059,7904,214,0.0556566970091027
20,80922,40,40-44,M,3795,4157,7952,362,0.0953886693017127
46,02136,38,35-39,M,3997,4065,8062,68,0.0170127595696772
51,06119,26,Under 35,M,3979,4198,8177,219,0.0550389545111837
36,90291,23,Under 35,M,3973,4215,8188,242,0.0609111502642839
43,72712,27,Under 35,M,3979,4249,8228,270,0.0678562452877607
37,81101,29,Under 35,M,4069,4257,8326,188,0.0462029982796756
47,02451,41,40-44,M,4122,4268,8390,146,0.0354196991751576
30,14850,33,Under 35,M,4004,4392,8396,388,0.0969030969030969
44,02891,35,35-39,M,4130,4276,8406,146,0.0353510895883777
58,48864,40,40-44,M,4195,4300,8495,105,0.0250297973778307
63,02124,37,35-39,M,4120,4383,8503,263,0.0638349514563106
21,86001,28,Under 35,M,3866,4654,8520,788,0.2038282462493533
38,86001,33,Under 35,M,4144,4383,8527,239,0.0576737451737451
300,13208,40,40-44,M,4272,4263,8535,-9,-0.0021067415730337
33,14580,33,Under 35,M,4139,4425,8564,286,0.069098816139164
121,86001,30,Under 35,F,4354,4211,8565,-143,-0.0328433624253559
121,86001,30,Under 35,F,7333,8798,16131,1465,0.199781808264012
110,80305,44,40-44,F,4355,4246,8601,-109,-0.0250287026406429
110,80305,44,40-44,F,5729,6548,12277,819,0.1429568860185023
251,03038,32,Under 35,M,4323,4306,8629,-17,-0.0039324543141337
119,87111,30,Under 35,F,4354,4290,8644,-64,-0.0146991272393201
119,87111,30,Under 35,F,6649,7283,13932,634,0.0953526846142277
108,19382,28,Under 35,F,4354,4290,8644,-64,-0.0146991272393201
108,19382,28,Under 35,F,5555,6966,12521,1411,0.254005400540054
31,78725,32,Under 35,M,4138,4520,8658,382,0.0923151280811986
556,63124,24,Under 35,M,4311,4360,8671,49,0.0113662723266063
41,03865,32,Under 35,M,4051,4623,8674,572,0.1411997037768452
1671,02132,36,35-39,M,4344,4356,8700,12,0.0027624309392265
237,95003,26,Under 35,M,4334,4381,8715,47,0.0108444854637748
255,44312,28,Under 35,M,4271,4459,8730,188,0.0440177944275345
290,60440,28,Under 35,M,4246,4500,8746,254,0.0598210080075365
407,55414,24,Under 35,M,4280,4470,8750,190,0.0443925233644859
430,07003,32,Under 35,M,4320,4433,8753,113,0.0261574074074074
235,02135,30,Under 35,M,4219,4535,8754,316,0.0748992652287271
245,47304,30,Under 35,M,4351,4412,8763,61,0.014019765571133
229,90704,37,35-39,M,4250,4527,8777,277,0.0651764705882353
268,43017,31,Under 35,M,4285,4502,8787,217,0.0506417736289381
59,80503,41,40-44,M,4281,4535,8816,254,0.0593319317916374
275,75212,31,Under 35,M,4361,4458,8819,97,0.0222426049071313
309,02139,31,Under 35,M,4335,4488,8823,153,0.0352941176470588
250,48324,46,45-49,M,4270,4554,8824,284,0.0665105386416861
273,54481,35,35-39,M,4264,4570,8834,306,0.0717636022514071
117,02155,31,Under 35,F,4353,4481,8834,128,0.0294050080404318
117,02155,31,Under 35,F,6733,7199,13932,466,0.0692113470963909
1116,15632,28,Under 35,M,4355,4487,8842,132,0.0303099885189437
351,78705,27,Under 35,M,4326,4520,8846,194,0.0448451225150254
620,10024,31,Under 35,M,4423,4425,8848,2,0.0004521817770743
434,80634,25,Under 35,M,4392,4461,8853,69,0.0157103825136612
294,02142,29,Under 35,M,4326,4528,8854,202,0.0466944059177068
280,01803,37,35-39,M,4293,4565,8858,272,0.0633589564407174
429,53202,25,Under 35,M,4271,4587,8858,316,0.0739873565909623
1661,95628,34,Under 35,M,4451,4417,8868,-34,-0.0076387328690181
497,94707,30,Under 35,M,4353,4518,8871,165,0.0379048931771192
1946,06355,35,35-39,M,4345,4529,8874,184,0.0423475258918296
260,63143,35,35-39,M,4293,4583,8876,290,0.0675518285581178
296,98199,35,35-39,M,4424,4457,8881,33,0.0074593128390596
307,84097,36,35-39,M,4333,4560,8893,227,0.0523886452804061
391,60601,34,Under 35,M,4429,4472,8901,43,0.0097087378640776
118,49720,40,40-44,F,4361,4546,8907,185,0.0424214629672093
118,49720,40,40-44,F,7009,9174,16183,2165,0.3088885718362106
478,85008,23,Under 35,M,4331,4579,8910,248,0.057261602401293
830,53211,23,Under 35,M,4362,4558,8920,196,0.0449335167354424
412,98115,30,Under 35,M,4396,4524,8920,128,0.0291173794358507
663,99835,26,Under 35,M,4284,4649,8933,365,0.0852007469654528
233,94102,27,Under 35,M,4489,4445,8934,-44,-0.0098017375807529
467,15218,29,Under 35,M,4372,4573,8945,201,0.0459743824336688
1562,28115,33,Under 35,M,4362,4584,8946,222,0.0508940852819807
586,02141,32,Under 35,M,4448,4500,8948,52,0.0116906474820143
997,10023,31,Under 35,M,4414,4535,8949,121,0.0274127775260534
358,02118,34,Under 35,M,4474,4476,8950,2,0.0004470272686633
244,22901,37,35-39,M,4427,4529,8956,102,0.0230404337022814
363,98004,32,Under 35,M,4392,4567,8959,175,0.0398451730418943
465,13440,21,Under 35,M,4442,4519,8961,77,0.0173345339936965
375,02135,27,Under 35,M,4493,4472,8965,-21,-0.0046739372356999
881,80021,29,Under 35,M,4463,4503,8966,40,0.0089625812233923
264,94706,29,Under 35,M,4335,4632,8967,297,0.0685121107266436
426,98103,24,Under 35,M,4399,4569,8968,170,0.0386451466242327
872,89117,28,Under 35,M,4459,4510,8969,51,0.0114375420497869
256,02115,27,Under 35,M,4317,4655,8972,338,0.0782951123465369
4278,10003,31,Under 35,M,4455,4537,8992,82,0.0184062850729517
314,02118,29,Under 35,M,4519,4486,9005,-33,-0.0073025005532197
266,21412,23,Under 35,M,4260,4760,9020,500,0.1173708920187793
329,19707,27,Under 35,M,4173,4849,9022,676,0.1619937694704049
505,01776,28,Under 35,M,4308,4724,9032,416,0.096564531104921
2293,20005,31,Under 35,M,4435,4597,9032,162,0.0365276211950394
279,02138,25,Under 35,M,4262,4782,9044,520,0.1220084467386203
398,63123,34,Under 35,M,4497,4548,9045,51,0.0113408939292861
1041,02109,30,Under 35,M,4451,4599,9050,148,0.0332509548416086
332,05672,34,Under 35,M,4413,4647,9060,234,0.0530251529571719
325,02138,25,Under 35,M,4400,4661,9061,261,0.0593181818181818
339,97703,30,Under 35,M,4311,4757,9068,446,0.1034562746462537
348,60013,29,Under 35,M,4403,4668,9071,265,0.0601862366568248
396,22903,26,Under 35,M,4275,4801,9076,526,0.1230409356725146
684,48198,29,Under 35,M,4476,4608,9084,132,0.0294906166219839
740,20010,22,Under 35,M,4465,4621,9086,156,0.0349384098544232
979,11207,24,Under 35,M,4506,4581,9087,75,0.0166444740346205
565,44126,36,35-39,M,4357,4732,9089,375,0.0860683956851044
373,98107,40,40-44,M,4463,4628,9091,165,0.0369706475464933
417,64158,34,Under 35,M,4489,4603,9092,114,0.0253954110046781
436,60914,25,Under 35,M,4489,4603,9092,114,0.0253954110046781
1276,01609,23,Under 35,M,4541,4557,9098,16,0.0035234529839242
914,19809,31,Under 35,M,4333,4766,9099,433,0.0999307639049157
490,02111,29,Under 35,M,4419,4680,9099,261,0.0590631364562118
996,10011,30,Under 35,M,4475,4624,9099,149,0.0332960893854748
484,53711,42,40-44,M,4386,4715,9101,329,0.0750113999088007
714,80033,25,Under 35,M,4466,4637,9103,171,0.0382892969099865
460,53705,31,Under 35,M,4546,4560,9106,14,0.0030796304443466
602,01035,36,35-39,M,4345,4767,9112,422,0.0971231300345224
1016,51250,24,Under 35,M,4488,4636,9124,148,0.0329768270944741
550,78703,34,Under 35,M,4448,4677,9125,229,0.0514838129496402
310,93004,26,Under 35,M,4334,4794,9128,460,0.10613751730503
1199,78751,30,Under 35,M,4561,4567,9128,6,0.0013155009866257
257,80026,30,Under 35,M,4420,4709,9129,289,0.0653846153846153
809,01886,42,40-44,M,4550,4580,9130,30,0.0065934065934065
303,84721,28,Under 35,M,4543,4587,9130,44,0.009685230024213
999,02138,45,45-49,M,4430,4708,9138,278,0.0627539503386004
539,27284,24,Under 35,M,4497,4646,9143,149,0.0331331999110518
330,80209,29,Under 35,M,4458,4688,9146,230,0.0515926424405563
1647,01510,25,Under 35,M,4495,4660,9155,165,0.0367074527252502
1589,15217,25,Under 35,M,4638,4521,9159,-117,-0.0252263906856403
590,02134,28,Under 35,M,4450,4710,9160,260,0.0584269662921348
346,10038,28,Under 35,M,4393,4769,9162,376,0.0855907124971545
938,63118,38,35-39,M,4540,4623,9163,83,0.0182819383259911
462,94131,26,Under 35,M,4365,4805,9170,440,0.1008018327605956
366,54703,37,35-39,M,4524,4657,9181,133,0.0293987621573828
800,97405,24,Under 35,M,4431,4753,9184,322,0.0726698262243285
695,02476,32,Under 35,M,4561,4624,9185,63,0.0138127603595702
479,02114,29,Under 35,M,4379,4809,9188,430,0.0981959351450102
498,06057,27,Under 35,M,4557,4638,9195,81,0.0177748518762343
299,94559,41,40-44,M,4509,4689,9198,180,0.0399201596806387
472,49525,25,Under 35,M,4488,4710,9198,222,0.0494652406417112
45,04102,32,Under 35,M,4514,4687,9201,173,0.038325210456358
409,84790,25,Under 35,M,4480,4723,9203,243,0.0542410714285714
905,84326,28,Under 35,M,4559,4661,9220,102,0.0223733274840973
1554,94901,23,Under 35,M,4367,4860,9227,493,0.1128921456377375
1944,46220,31,Under 35,M,4515,4715,9230,200,0.044296788482835
880,55419,45,45-49,M,4656,4575,9231,-81,-0.0173969072164948
805,11238,26,Under 35,M,4540,4692,9232,152,0.0334801762114537
1015,36502,32,Under 35,M,4597,4636,9233,39,0.0084837937785512
927,49504,26,Under 35,M,4442,4793,9235,351,0.0790184601530842
604,02140,32,Under 35,M,4572,4664,9236,92,0.0201224846894138
644,91321,36,35-39,M,4502,4735,9237,233,0.0517547756552643
317,22031,26,Under 35,M,4435,4803,9238,368,0.0829763246899661
1231,93401,38,35-39,M,4338,4904,9242,566,0.1304748732134624
4070,63130,33,Under 35,M,4536,4707,9243,171,0.0376984126984126
656,02446,31,Under 35,M,4580,4667,9247,87,0.0189956331877729
450,54880,29,Under 35,M,4466,4782,9248,316,0.070756829377519
448,02140,27,Under 35,M,4552,4701,9253,149,0.0327328646748681
529,19128,30,Under 35,M,4658,4605,9263,-53,-0.0113782739373121
873,81052,24,Under 35,M,4564,4701,9265,137,0.0300175284837861
377,04294,30,Under 35,M,4569,4697,9266,128,0.0280148829065441
1502,48390,22,Under 35,M,4577,4689,9266,112,0.0244701769718156
524,21009,36,35-39,M,4413,4854,9267,441,0.0999320190346702
427,51579,25,Under 35,M,4417,4852,9269,435,0.0984831333484265
606,76904,36,35-39,M,4504,4765,9269,261,0.0579484902309058
365,60618,31,Under 35,M,4322,4949,9271,627,0.1450717260527533
666,44406,28,Under 35,M,4465,4808,9273,343,0.0768197088465845
888,90025,28,Under 35,M,4468,4806,9274,338,0.0756490599820949
439,55114,27,Under 35,M,4555,4719,9274,164,0.0360043907793633
1857,94025,25,Under 35,M,4626,4650,9276,24,0.0051880674448767
1147,37405,34,Under 35,M,4584,4692,9276,108,0.0235602094240837
608,01945,36,35-39,M,4451,4826,9277,375,0.0842507301729948
298,02118,24,Under 35,M,4318,4961,9279,643,0.1489115331171839
3583,87111,24,Under 35,M,4487,4792,9279,305,0.06797414753733
364,37209,39,35-39,M,4391,4890,9281,499,0.1136415395126394
961,02472,31,Under 35,M,4622,4667,9289,45,0.0097360450021635
326,02492,26,Under 35,M,4415,4875,9290,460,0.1041902604756511
461,07030,31,Under 35,M,4507,4785,9292,278,0.06168182826714
907,55422,23,Under 35,M,4562,4741,9303,179,0.0392371766768961
593,75223,30,Under 35,M,4515,4788,9303,273,0.0604651162790697
397,42701,46,45-49,M,4523,4784,9307,261,0.0577050630112757
486,46304,23,Under 35,M,4323,4984,9307,661,0.1529030765671987
789,43220,42,40-44,M,4601,4708,9309,107,0.0232558139534883
515,94117,33,Under 35,M,4540,4770,9310,230,0.0506607929515418
483,21228,42,40-44,M,4624,4692,9316,68,0.0147058823529411
4189,03229,37,35-39,M,4617,4699,9316,82,0.0177604505089885
1184,22902,40,40-44,M,4704,4616,9320,-88,-0.0187074829931972
354,34655,22,Under 35,M,4479,4846,9325,367,0.0819379325742353
1618,52001,24,Under 35,M,4587,4739,9326,152,0.0331371266623065
1523,20155,30,Under 35,M,4480,4850,9330,370,0.0825892857142857
636,19146,36,35-39,M,4476,4856,9332,380,0.0848972296693476
791,90403,35,35-39,M,4641,4693,9334,52,0.011204481792717
2809,29403,29,Under 35,M,4694,4640,9334,-54,-0.0115040477204942
1742,80524,37,35-39,M,4638,4700,9338,62,0.0133678309616213
1101,94611,27,Under 35,M,4603,4735,9338,132,0.0286769498153378
1234,06040,30,Under 35,M,4503,4840,9343,337,0.074838996224739
469,10036,42,40-44,M,4542,4802,9344,260,0.0572435050638485
507,02322,32,Under 35,M,4588,4758,9346,170,0.0370531822144725
1039,72023,40,40-44,M,4579,4768,9347,189,0.0412753876392225
607,02135,37,35-39,M,4585,4763,9348,178,0.0388222464558342
1121,11238,25,Under 35,M,4639,4709,9348,70,0.0150894589351153
239,02135,31,Under 35,M,4461,4887,9348,426,0.0954942837928715
1747,68503,23,Under 35,M,4658,4693,9351,35,0.0075139544869042
980,02131,32,Under 35,M,4429,4925,9354,496,0.1119891623391284
527,55401,30,Under 35,M,4469,4887,9356,418,0.0935332289102707
340,78704,36,35-39,M,4293,5063,9356,770,0.1793617516887957
662,14618,24,Under 35,M,4610,4747,9357,137,0.0297180043383947
653,80303,32,Under 35,M,4592,4768,9360,176,0.0383275261324041
3653,22903,24,Under 35,M,4723,4638,9361,-85,-0.0179970357823417
640,90405,31,Under 35,M,4567,4794,9361,227,0.049704401138603
591,91006,26,Under 35,M,4543,4820,9363,277,0.060972925379705
242,64131,28,Under 35,M,4305,5068,9373,763,0.1772357723577236
555,64111,29,Under 35,M,4531,4845,9376,314,0.0693003751931141
1384,20007,32,Under 35,M,4645,4731,9376,86,0.0185145317545748
1560,19128,25,Under 35,M,4527,4850,9377,323,0.0713496796995803
504,95032,41,40-44,M,4572,4808,9380,236,0.0516185476815398
875,16865,33,Under 35,M,4594,4787,9381,193,0.042011319111885
693,85281,24,Under 35,M,4621,4769,9390,148,0.0320276996321142
503,48105,31,Under 35,M,4597,4793,9390,196,0.0426365020665651
331,20009,27,Under 35,M,4294,5096,9390,802,0.1867722403353516
702,02446,37,35-39,M,4582,4817,9399,235,0.0512876473155827
989,20003,33,Under 35,M,4639,4761,9400,122,0.0262987712869152
1329,01876,27,Under 35,M,4693,4711,9404,18,0.003835499680375
1043,43054,27,Under 35,M,4714,4690,9404,-24,-0.0050912176495545
1165,20001,24,Under 35,M,4528,4882,9410,354,0.0781802120141342
1166,85042,24,Under 35,M,4622,4792,9414,170,0.0367806144526179
755,94941,37,35-39,M,4544,4878,9422,334,0.0735035211267605
302,13021,43,40-44,M,4458,4967,9425,509,0.114176760879318
2467,59808,31,Under 35,M,4750,4681,9431,-69,-0.0145263157894736
474,02138,28,Under 35,M,4490,4942,9432,452,0.1006681514476614
949,11385,31,Under 35,M,4656,4777,9433,121,0.025987972508591
403,02143,30,Under 35,M,4536,4897,9433,361,0.0795855379188712
566,48430,26,Under 35,M,4674,4760,9434,86,0.0183996576807873
1093,23219,37,35-39,M,4363,5076,9439,713,0.1634196653678661
634,10036,27,Under 35,M,4610,4830,9440,220,0.0477223427331887
625,53932,32,Under 35,M,4563,4877,9440,314,0.0688143765066842
1037,87114,29,Under 35,M,4560,4881,9441,321,0.0703947368421052
582,44087,28,Under 35,M,4467,4977,9444,510,0.1141705842847548
291,08084,28,Under 35,M,4375,5073,9448,698,0.1595428571428571
816,60610,25,Under 35,M,4634,4816,9450,182,0.039274924471299
797,28217,27,Under 35,M,4463,4987,9450,524,0.1174098140264396
885,46814,27,Under 35,M,4514,4937,9451,423,0.0937084625609215
2558,02120,21,Under 35,M,4560,4891,9451,331,0.0725877192982456
1505,80207,34,Under 35,M,4742,4709,9451,-33,-0.0069590889919865
725,78701,26,Under 35,M,4445,5007,9452,562,0.1264341957255343
553,02129,27,Under 35,M,4586,4867,9453,281,0.0612734409071085
378,78703,27,Under 35,M,4474,4980,9454,506,0.1130978989718372
835,95032,23,Under 35,M,4627,4827,9454,200,0.0432245515452777
1863,60614,30,Under 35,M,4685,4771,9456,86,0.0183564567769477
425,91207,38,35-39,M,4514,4947,9461,433,0.0959237926451041
2934,02114,27,Under 35,M,4577,4892,9469,315,0.0688223727332313
567,27455,30,Under 35,M,4548,4922,9470,374,0.0822339489885664
1050,62234,23,Under 35,M,4582,4888,9470,306,0.0667830641641204
559,03229,41,40-44,M,4669,4802,9471,133,0.0284857571214392
1190,21224,28,Under 35,M,4669,4806,9475,137,0.0293424716213321
546,55114,28,Under 35,M,4635,4841,9476,206,0.0444444444444444
2319,30312,28,Under 35,M,4660,4817,9477,157,0.0336909871244635
1207,80305,24,Under 35,M,4159,5321,9480,1162,0.2793940851166145
664,11217,48,45-49,M,4735,4745,9480,10,0.0021119324181626
776,80301,44,40-44,M,4647,4841,9488,194,0.0417473638906821
1135,92117,33,Under 35,M,4701,4787,9488,86,0.0182939800042544
1144,98001,38,35-39,M,4656,4833,9489,177,0.0380154639175257
387,60187,32,Under 35,M,4569,4921,9490,352,0.0770409279929962
496,01864,40,40-44,M,4599,4891,9490,292,0.0634920634920634
2273,02493,21,Under 35,M,4760,4730,9490,-30,-0.0063025210084033
3921,40204,27,Under 35,M,4691,4799,9490,108,0.0230228096354721
1433,84045,25,Under 35,M,4686,4805,9491,119,0.0253947930004268
1753,15217,23,Under 35,M,4799,4693,9492,-106,-0.0220879349864555
1797,02468,29,Under 35,M,4667,4827,9494,160,0.034283265481037
3824,33141,37,35-39,M,4760,4735,9495,-25,-0.0052521008403361
249,84057,28,Under 35,M,4299,5197,9496,898,0.2088857873924168
1686,94305,26,Under 35,M,4733,4764,9497,31,0.0065497570251426
131,02134,32,Under 35,F,4732,4767,9499,35,0.007396449704142
2360,02446,28,Under 35,M,4764,4739,9503,-25,-0.0052476910159529
2321,22201,24,Under 35,M,4697,4806,9503,109,0.0232063018948264
665,10096,35,35-39,M,4621,4883,9504,262,0.0566976844838779
3010,16804,31,Under 35,M,4649,4858,9507,209,0.0449559044955904
1260,02461,27,Under 35,M,4661,4849,9510,188,0.0403346921261531
534,01760,26,Under 35,M,4662,4850,9512,188,0.0403260403260403
416,02130,25,Under 35,M,4514,4998,9512,484,0.1072219760744351
1216,76008,31,Under 35,M,4635,4877,9512,242,0.0522114347357065
1167,84105,31,Under 35,M,4668,4846,9514,178,0.0381319622964867
671,01226,22,Under 35,M,4562,4952,9514,390,0.0854888206926786
470,85226,32,Under 35,M,4459,5056,9515,597,0.1338865216416236
1129,80841,22,Under 35,M,4714,4801,9515,87,0.0184556639796351
1223,84660,23,Under 35,M,4512,5004,9516,492,0.1090425531914893
1073,60068,32,Under 35,M,4663,4855,9518,192,0.0411752090928586
1412,80121,33,Under 35,M,4621,4897,9518,276,0.0597273317463752
585,60187,45,45-49,M,4589,4929,9518,340,0.0740902157332752
491,98103,35,35-39,M,4427,5091,9518,664,0.1499887056697537
1410,08902,42,40-44,M,4656,4864,9520,208,0.0446735395189003
2627,54914,27,Under 35,M,4730,4790,9520,60,0.0126849894291754
981,20009,35,35-39,M,4572,4948,9520,376,0.0822397200349956
1451,30076,38,35-39,M,4594,4927,9521,333,0.0724858511101436
577,35475,38,35-39,M,4664,4860,9524,196,0.0420240137221269
629,34787,41,40-44,M,4564,4960,9524,396,0.0867659947414548
289,53704,27,Under 35,M,4359,5166,9525,807,0.1851342050929112
1106,94117,28,Under 35,M,4649,4876,9525,227,0.0488277048827704
2237,19147,25,Under 35,M,4502,5028,9530,526,0.1168369613505108
2056,43103,24,Under 35,M,4837,4693,9530,-144,-0.0297705189166838
1595,98516,29,Under 35,M,4696,4834,9530,138,0.0293867120954003
3810,11226,27,Under 35,M,4727,4804,9531,77,0.0162894013116141
933,05445,25,Under 35,M,4434,5098,9532,664,0.1497519170049616
1511,33558,32,Under 35,M,4741,4791,9532,50,0.0105462982493144
521,53593,40,40-44,M,4715,4819,9534,104,0.0220572640509013
357,08053,24,Under 35,M,4355,5180,9535,825,0.1894374282433984
1152,03033,42,40-44,M,4694,4842,9536,148,0.0315296122709842
1328,06032,25,Under 35,M,4718,4823,9541,105,0.0222551928783382
1570,02127,24,Under 35,M,4443,5102,9545,659,0.1483232050416385
284,22031,28,Under 35,M,4435,5111,9546,676,0.152423900789177
711,11218,33,Under 35,M,4658,4889,9547,231,0.049592099613568
985,35186,29,Under 35,M,4474,5074,9548,600,0.1341081805990165
360,66202,28,Under 35,M,4402,5146,9548,744,0.1690140845070422
2170,37208,29,Under 35,M,4654,4894,9548,240,0.0515685431886549
735,12159,38,35-39,M,4655,4894,9549,239,0.0513426423200859
865,46580,29,Under 35,M,4511,5039,9550,528,0.1170472179117712
1932,55416,35,35-39,M,4708,4842,9550,134,0.0284621920135938
1387,05055,27,Under 35,M,4668,4883,9551,215,0.0460582690659811
2332,98367,27,Under 35,M,4574,4977,9551,403,0.0881066899868823
674,37211,25,Under 35,M,4582,4971,9553,389,0.0848974247053688
698,66762,38,35-39,M,4700,4854,9554,154,0.0327659574468085
376,27534,26,Under 35,M,4436,5118,9554,682,0.1537421100090171
1179,15212,30,Under 35,M,4598,4958,9556,360,0.078294910830796
1492,89411,41,40-44,M,4759,4798,9557,39,0.0081949989493591
958,01520,44,40-44,M,4718,4840,9558,122,0.0258584145824501
2076,24060,27,Under 35,M,4684,4874,9558,190,0.0405636208368915
4295,33141,28,Under 35,M,4723,4838,9561,115,0.0243489307643446
2397,02492,31,Under 35,M,4660,4903,9563,243,0.0521459227467811
1442,99517,29,Under 35,M,4600,4967,9567,367,0.0797826086956521
1197,64119,20,Under 35,M,4648,4919,9567,271,0.0583046471600688
1192,64068,32,Under 35,M,4502,5069,9571,567,0.125944024877832
992,60564,23,Under 35,M,4377,5194,9571,817,0.1866575279872058
611,02130,37,35-39,M,4560,5015,9575,455,0.0997807017543859
2059,97008,26,Under 35,M,4667,4908,9575,241,0.051639168630812
944,15367,33,Under 35,M,4785,4794,9579,9,0.0018808777429467
2580,80305,32,Under 35,M,4718,4862,9580,144,0.0305214073760067
1584,28803,40,40-44,M,4688,4892,9580,204,0.0435153583617747
535,20001,24,Under 35,M,4540,5042,9582,502,0.1105726872246696
1126,80919,42,40-44,M,4768,4815,9583,47,0.0098573825503355
904,01075,36,35-39,M,4582,5004,9586,422,0.092099519860323
4574,91342,25,Under 35,M,4901,4685,9586,-216,-0.0440726382370944
3878,20601,20,Under 35,M,4608,4981,9589,373,0.0809461805555555
601,35222,35,35-39,M,4581,5009,9590,428,0.0934293822309539
1582,22203,25,Under 35,M,4576,5015,9591,439,0.0959353146853146
1926,56001,24,Under 35,M,4823,4768,9591,-55,-0.0114036906489736
615,01351,35,35-39,M,4542,5054,9596,512,0.1127256715103478
919,89146,53,50-54,M,4722,4875,9597,153,0.0324015247776365
1885,56308,42,40-44,M,4714,4884,9598,170,0.0360627916843445
5287,94024,37,35-39,M,4857,4741,9598,-116,-0.0238830553839818
757,48309,25,Under 35,M,4794,4806,9600,12,0.0025031289111389
247,60540,27,Under 35,M,4432,5168,9600,736,0.1660649819494584
675,80918,27,Under 35,M,4635,4969,9604,334,0.0720604099244875
1458,48167,20,Under 35,M,4591,5014,9605,423,0.0921367893705075
953,94115,39,35-39,M,4736,4872,9608,136,0.0287162162162162
1634,46140,18,Under 35,M,4670,4940,9610,270,0.0578158458244111
2140,10024,26,Under 35,M,4831,4779,9610,-52,-0.0107638170151107
1777,02356,28,Under 35,M,4669,4950,9619,281,0.0601841936174769
506,96019,29,Under 35,M,4600,5020,9620,420,0.0913043478260869
600,60654,30,Under 35,M,4835,4787,9622,-48,-0.0099276111685625
138,02478,37,35-39,F,4753,4871,9624,118,0.024826425415527
4131,21204,20,Under 35,M,4765,4861,9626,96,0.0201469045120671
867,02301,34,Under 35,M,4243,5385,9628,1142,0.2691491868960641
136,98367,24,Under 35,F,4679,4949,9628,270,0.0577046377431075
1075,22314,39,35-39,M,4630,4999,9629,369,0.0796976241900647
2444,10010,25,Under 35,M,4796,4838,9634,42,0.0087572977481234
353,02053,26,Under 35,M,4423,5211,9634,788,0.1781596201673072
569,45140,24,Under 35,M,4563,5075,9638,512,0.1122068814376506
676,23220,26,Under 35,M,4646,4993,9639,347,0.074687903572966
1221,84095,45,45-49,M,4852,4787,9639,-65,-0.013396537510305
394,80234,34,Under 35,M,4553,5088,9641,535,0.1175049417966176
435,02215,28,Under 35,M,4409,5237,9646,828,0.1877976865502381
1293,80134,39,35-39,M,4820,4827,9647,7,0.0014522821576763
404,44130,34,Under 35,M,4602,5050,9652,448,0.0973489787049109
3566,20009,29,Under 35,M,4780,4874,9654,94,0.0196652719665271
401,10009,26,Under 35,M,4503,5151,9654,648,0.1439040639573617
2173,98012,24,Under 35,M,4877,4780,9657,-97,-0.0198892761943817
1782,70808,28,Under 35,M,4799,4858,9657,59,0.0122942279641592
837,48103,40,40-44,M,4623,5034,9657,411,0.0889033095392602
850,02135,29,Under 35,M,4695,4963,9658,268,0.0570820021299254
687,27701,27,Under 35,M,4709,4949,9658,240,0.050966234869399
746,07027,30,Under 35,M,4663,4998,9661,335,0.0718421616984773
1496,34202,39,35-39,M,4737,4924,9661,187,0.0394764618957145
447,45209,31,Under 35,M,4640,5023,9663,383,0.0825431034482758
920,46250,40,40-44,M,4788,4875,9663,87,0.0181704260651629
965,20175,38,35-39,M,4553,5111,9664,558,0.122556556116846
285,97232,42,40-44,M,4573,5092,9665,519,0.1134922370435163
563,02116,33,Under 35,M,4580,5087,9667,507,0.1106986899563318
6548,11231,35,35-39,M,4789,4880,9669,91,0.0190018793067446
1579,55413,32,Under 35,M,4667,5003,9670,336,0.0719948575101778
771,48310,32,Under 35,M,4595,5076,9671,481,0.1046789989118607
3286,44281,25,Under 35,M,4682,4989,9671,307,0.0655702691157625
616,48867,25,Under 35,M,4752,4919,9671,167,0.0351430976430976
1342,87375,23,Under 35,M,4773,4900,9673,127,0.0266080033521893
1800,80110,39,35-39,M,4775,4899,9674,124,0.0259685863874345
726,10019,32,Under 35,M,4621,5055,9676,434,0.0939190651374161
943,48309,23,Under 35,M,4795,4881,9676,86,0.0179353493222106
1386,91107,34,Under 35,M,4718,4963,9681,245,0.0519287833827893
828,02138,22,Under 35,M,4653,5028,9681,375,0.0805931656995486
437,48912,25,Under 35,M,4498,5185,9683,687,0.1527345486883059
1785,07024,28,Under 35,M,4773,4912,9685,139,0.0291221454012151
1218,97034,42,40-44,M,4670,5015,9685,345,0.0738758029978586
787,13215,40,40-44,M,4732,4954,9686,222,0.0469146238377007
1815,17011,47,45-49,M,4798,4890,9688,92,0.0191746561067111
3447,07030,22,Under 35,M,4713,4976,9689,263,0.0558030978145554
2488,94109,25,Under 35,M,4645,5046,9691,401,0.086329386437029
1778,22207,28,Under 35,M,4645,5046,9691,401,0.086329386437029
783,60657,25,Under 35,M,4599,5095,9694,496,0.1078495325070667
2096,94114,34,Under 35,M,4911,4784,9695,-127,-0.0258603135817552
2187,43614,24,Under 35,M,4822,4877,9699,55,0.011406055578598
1789,75214,34,Under 35,M,4816,4884,9700,68,0.0141196013289036
393,02135,27,Under 35,M,4547,5154,9701,607,0.1334946118319771
1371,30339,29,Under 35,M,4754,4947,9701,193,0.0405973916701724
978,92024,28,Under 35,M,4662,5040,9702,378,0.081081081081081
1422,02114,31,Under 35,M,4761,4943,9704,182,0.0382272631800042
1018,02648,43,40-44,M,4708,4997,9705,289,0.0613848768054375
2135,27516,36,35-39,M,4749,4956,9705,207,0.0435881238155401
578,19503,29,Under 35,M,4780,4926,9706,146,0.0305439330543933
883,94947,37,35-39,M,4536,5171,9707,635,0.1399911816578483
2890,14519,20,Under 35,M,4658,5049,9707,391,0.083941605839416
2057,10022,28,Under 35,M,4821,4888,9709,67,0.0138975316324414
1396,80951,28,Under 35,M,4744,4970,9714,226,0.0476391231028667
1766,84604,24,Under 35,M,4808,4906,9714,98,0.0203826955074875
690,62901,25,Under 35,M,4355,5359,9714,1004,0.2305396096440872
542,90814,41,40-44,M,4598,5116,9714,518,0.1126576772509786
3262,02806,23,Under 35,M,4605,5115,9720,510,0.1107491856677524
1376,08225,35,35-39,M,4766,4958,9724,192,0.0402853545950482
7342,02468,46,45-49,M,4821,4906,9727,85,0.0176311968471271
1512,02139,26,Under 35,M,4670,5057,9727,387,0.0828693790149893
2792,55413,23,Under 35,M,4825,4903,9728,78,0.0161658031088082
1454,07030,27,Under 35,M,4811,4917,9728,106,0.0220328414051132
1178,80521,33,Under 35,M,4723,5005,9728,282,0.0597078128308278
3567,90293,24,Under 35,M,4611,5119,9730,508,0.1101713294296248
6412,02446,35,35-39,M,4772,4961,9733,189,0.0396060352053646
1341,92663,23,Under 35,M,4619,5115,9734,496,0.1073825503355704
1215,09012,26,Under 35,M,4423,5311,9734,888,0.2007687090210264
2188,10024,32,Under 35,M,4780,4954,9734,174,0.0364016736401673
710,82520,32,Under 35,M,4531,5204,9735,673,0.1485323328183624
998,78401,40,40-44,M,4726,5009,9735,283,0.0598815065594583
1886,11211,36,35-39,M,4581,5154,9735,573,0.1250818598559266
824,94518,32,Under 35,M,4722,5014,9736,292,0.0618382041507835
267,20120,35,35-39,M,4603,5134,9737,531,0.1153595481207907
765,92122,27,Under 35,M,4563,5176,9739,613,0.1343414420337497
1779,54601,28,Under 35,M,4687,5052,9739,365,0.0778749733304885
762,11372,40,40-44,M,4721,5018,9739,297,0.0629104003389112
596,02048,42,40-44,M,4548,5191,9739,643,0.1413808267370272
2343,92673,43,40-44,M,4927,4815,9742,-112,-0.0227318855287193
2864,10019,37,35-39,M,4808,4936,9744,128,0.0266222961730449
4961,90403,29,Under 35,M,4821,4924,9745,103,0.0213648620618129
788,02129,30,Under 35,M,4641,5104,9745,463,0.0997629821159233
2771,22802,32,Under 35,M,4837,4909,9746,72,0.0148852594583419
3350,15237,29,Under 35,M,4770,4977,9747,207,0.0433962264150943
4212,28211,24,Under 35,M,4610,5137,9747,527,0.1143167028199566
923,10019,37,35-39,M,4706,5041,9747,335,0.071185720356991
847,48336,26,Under 35,M,4508,5243,9751,735,0.1630434782608695
1201,02132,36,35-39,M,4875,4876,9751,1,0.0002051282051282
1722,10038,27,Under 35,M,4857,4896,9753,39,0.0080296479308214
896,11421,48,45-49,M,4654,5101,9755,447,0.0960464116888697
1196,20010,38,35-39,M,4737,5019,9756,282,0.0595313489550348
618,02118,35,35-39,M,4573,5184,9757,611,0.1336103214520008
2366,02141,28,Under 35,M,4737,5021,9758,284,0.0599535571036521
2034,01827,39,35-39,M,4862,4897,9759,35,0.0071986836692719
1483,80205,30,Under 35,M,4763,4996,9759,233,0.0489187486878018
2050,01890,40,40-44,M,4821,4938,9759,117,0.0242688238954573
509,02138,32,Under 35,M,4711,5050,9761,339,0.0719592443218
541,47304,27,Under 35,M,4467,5295,9762,828,0.1853593015446608
2322,10002,26,Under 35,M,4644,5118,9762,474,0.1020671834625323
2411,94110,43,40-44,M,4918,4845,9763,-73,-0.0148434322895485
1528,98682,40,40-44,M,4767,4999,9766,232,0.0486679253199077
1558,80841,19,Under 35,M,4697,5071,9768,374,0.0796252927400468
2876,80516,37,35-39,M,4723,5045,9768,322,0.0681770061401651
148,19103,25,Under 35,F,4738,5036,9774,298,0.0628957365977205
148,19103,25,Under 35,F,7774,9859,17633,2085,0.2682016979675842
2288,91702,32,Under 35,M,4898,4879,9777,-19,-0.0038791343405471
679,10128,32,Under 35,M,4791,4988,9779,197,0.0411187643498225
3191,92011,36,35-39,M,4831,4950,9781,119,0.0246325812461188
1477,29902,36,35-39,M,4895,4887,9782,-8,-0.0016343207354443
3496,94710,29,Under 35,M,4798,4986,9784,188,0.039182992913714
957,98103,36,35-39,M,4648,5137,9785,489,0.1052065404475043
1882,92131,27,Under 35,M,4820,4966,9786,146,0.0302904564315352
713,46706,27,Under 35,M,4608,5179,9787,571,0.1239149305555555
686,44905,30,Under 35,M,4543,5245,9788,702,0.1545234426590359
1497,94122,29,Under 35,M,4768,5022,9790,254,0.0532718120805369
2263,20733,25,Under 35,M,4510,5280,9790,770,0.1707317073170731
1908,94303,28,Under 35,M,4765,5026,9791,261,0.0547743966421825
4416,80841,20,Under 35,M,4617,5174,9791,557,0.1206411089452025
150,03038,28,Under 35,F,4727,5065,9792,338,0.0715041252379945
150,03038,28,Under 35,F,6888,7570,14458,682,0.0990127758420441
2988,23223,29,Under 35,M,4823,4970,9793,147,0.0304789550072568
1164,85383,29,Under 35,M,4769,5026,9795,257,0.0538897043405326
3205,55341,23,Under 35,M,4922,4875,9797,-47,-0.009548963835839
1838,10027,47,45-49,M,4741,5057,9798,316,0.0666526049356675
4357,02482,47,45-49,M,4771,5027,9798,256,0.0536575141479773
4673,20148,21,Under 35,M,4661,5137,9798,476,0.1021240077236644
1701,68106,23,Under 35,M,4907,4893,9800,-14,-0.0028530670470756
2281,57702,28,Under 35,M,4763,5037,9800,274,0.057526768843166
438,19085,34,Under 35,M,4507,5294,9801,787,0.1746172620368316
3225,34202,36,35-39,M,4901,4901,9802,0,0.0
3630,43206,26,Under 35,M,4826,4977,9803,151,0.0312888520513883
2405,49071,21,Under 35,M,4763,5041,9804,278,0.0583665756875918
1155,94089,40,40-44,M,4853,4953,9806,100,0.0206058108386565
283,44123,30,Under 35,M,4548,5258,9806,710,0.1561125769569041
892,02332,28,Under 35,M,4708,5099,9807,391,0.0830501274426508
639,53207,33,Under 35,M,4639,5170,9809,531,0.1144643242078034
392,84106,27,Under 35,M,4473,5336,9809,863,0.1929353901184887
753,83440,22,Under 35,M,4696,5113,9809,417,0.0887989778534923
1162,80919,38,35-39,M,4923,4886,9809,-37,-0.0075157424334755
862,80204,29,Under 35,M,4409,5401,9810,992,0.2249943297799954
424,66044,46,45-49,M,4597,5215,9812,618,0.1344355014139656
2699,43201,28,Under 35,M,4825,4988,9813,163,0.0337823834196891
1233,47630,33,Under 35,M,4833,4981,9814,148,0.0306228015725222
785,26753,39,35-39,M,4588,5226,9814,638,0.1390584132519616
1771,90094,34,Under 35,M,4769,5048,9817,279,0.0585028307821346
1142,60615,30,Under 35,M,4795,5023,9818,228,0.0475495307612095
510,90042,30,Under 35,M,4540,5278,9818,738,0.1625550660792951
1466,40059,28,Under 35,M,4835,4984,9819,149,0.0308169596690796
922,60061,37,35-39,M,4850,4969,9819,119,0.0245360824742268
870,80027,41,40-44,M,4827,4993,9820,166,0.0343898902009529
2385,33157,21,Under 35,M,4689,5133,9822,444,0.0946896992962252
736,46765,21,Under 35,M,4610,5212,9822,602,0.13058568329718
1711,46011,22,Under 35,M,4922,4901,9823,-21,-0.0042665583096302
1118,33624,23,Under 35,M,4741,5083,9824,342,0.0721366800253111
2566,52057,40,40-44,M,4914,4911,9825,-3,-0.0006105006105006
2431,68102,28,Under 35,M,4762,5065,9827,303,0.0636287274254514
572,02143,29,Under 35,M,4813,5015,9828,202,0.0419696654892998
659,06107,30,Under 35,M,4611,5218,9829,607,0.131641726306658
1097,43215,25,Under 35,M,4874,4956,9830,82,0.0168239638900287
270,97212,35,35-39,M,4328,5503,9831,1175,0.2714879852125693
1721,92612,34,Under 35,M,4765,5066,9831,301,0.0631689401888772
1027,60091,46,45-49,M,4783,5052,9835,269,0.0562408530211164
1180,30097,24,Under 35,M,4656,5180,9836,524,0.1125429553264604
3615,53901,29,Under 35,M,4793,5044,9837,251,0.0523680367202169
1064,95126,33,Under 35,M,4576,5262,9838,686,0.1499125874125874
2038,55416,29,Under 35,M,4822,5016,9838,194,0.040232268768146
941,37205,26,Under 35,M,4785,5053,9838,268,0.0560083594566353
774,97202,19,Under 35,M,4715,5126,9841,411,0.0871686108165429
1972,04106,39,35-39,M,4760,5082,9842,322,0.0676470588235294
661,01602,27,Under 35,M,4560,5283,9843,723,0.1585526315789473
1696,02472,40,40-44,M,4822,5021,9843,199,0.0412691829116549
1131,17007,40,40-44,M,4795,5051,9846,256,0.0533889468196037
1177,22302,40,40-44,M,4829,5017,9846,188,0.0389314557879478
1081,68516,42,40-44,M,4781,5065,9846,284,0.0594017987868646
1335,49684,41,40-44,M,4844,5003,9847,159,0.032824112303881
370,97003,40,40-44,M,4566,5281,9847,715,0.1565922032413491
2518,27546,25,Under 35,M,4969,4879,9848,-90,-0.0181122962366673
1171,33606,29,Under 35,M,4452,5397,9849,945,0.2122641509433962
2561,98465,37,35-39,M,4691,5158,9849,467,0.099552334257088
1498,80841,22,Under 35,M,4963,4886,9849,-77,-0.0155148095909732
2519,49534,31,Under 35,M,4718,5131,9849,413,0.0875370919881305
413,48101,27,Under 35,M,4470,5380,9850,910,0.203579418344519
2011,94303,34,Under 35,M,4797,5053,9850,256,0.0533666875130289
1716,55408,24,Under 35,M,4839,5013,9852,174,0.0359578425294482
570,80021,28,Under 35,M,4675,5178,9853,503,0.1075935828877005
842,03801,36,35-39,M,4653,5200,9853,547,0.117558564367075
1642,02140,30,Under 35,M,4905,4949,9854,44,0.0089704383282364
362,02458,35,35-39,M,4622,5232,9854,610,0.1319774989182172
1719,48098,34,Under 35,M,4826,5028,9854,202,0.0418566100290095
1605,08036,20,Under 35,M,4748,5107,9855,359,0.0756107834877843
2243,75206,29,Under 35,M,4667,5189,9856,522,0.1118491536318834
2222,95818,42,40-44,M,4860,4996,9856,136,0.0279835390946502
2276,94582,53,50-54,M,4860,4997,9857,137,0.0281893004115226
4211,22202,31,Under 35,M,4715,5142,9857,427,0.0905620360551431
856,08550,39,35-39,M,4665,5192,9857,527,0.1129689174705251
1181,15211,25,Under 35,M,4689,5168,9857,479,0.1021539773939006
2987,40205,28,Under 35,M,4862,4996,9858,134,0.0275606746194981
2868,52246,34,Under 35,M,4679,5179,9858,500,0.1068604402650138
3515,02135,42,40-44,M,4933,4929,9862,-4,-0.0008108655990269
930,11716,34,Under 35,M,4711,5152,9863,441,0.0936106983655274
2924,60439,32,Under 35,M,4799,5065,9864,266,0.055428214211294
1672,48105,24,Under 35,M,4844,5022,9866,178,0.0367464905037159
3469,02120,21,Under 35,M,4885,4982,9867,97,0.0198567041965199
540,10023,27,Under 35,M,4696,5174,9870,478,0.1017887563884156
531,96819,42,40-44,M,4677,5194,9871,517,0.1105409450502458
1461,94107,35,35-39,M,4640,5233,9873,593,0.127801724137931
459,33118,23,Under 35,M,4874,5000,9874,126,0.0258514567090685
792,22193,32,Under 35,M,4541,5334,9875,793,0.1746311385157454
156,45419,34,Under 35,F,4862,5017,9879,155,0.0318798848210612
156,45419,34,Under 35,F,6531,6746,13277,215,0.0329199203797274
3883,20171,29,Under 35,M,4886,4995,9881,109,0.0223086369218174
677,21412,21,Under 35,M,4657,5225,9882,568,0.1219669315009662
3854,37209,31,Under 35,F,4820,5062,9882,242,0.050207468879668
1115,19103,24,Under 35,M,4655,5228,9883,573,0.1230934479054779
1976,53711,24,Under 35,M,4656,5228,9884,572,0.1228522336769759
1094,85284,41,40-44,M,4650,5235,9885,585,0.1258064516129032
552,97333,33,Under 35,M,4499,5387,9886,888,0.1973771949322071
1883,10012,27,Under 35,M,4757,5129,9886,372,0.0782005465629598
1169,04043,45,45-49,M,4833,5055,9888,222,0.0459342023587833
455,02143,32,Under 35,M,4321,5569,9890,1248,0.2888220319370516
4429,10012,27,Under 35,F,4948,4942,9890,-6,-0.0012126111560226
1678,02906,42,40-44,M,4855,5035,9890,180,0.0370751802265705
142,27701,34,Under 35,F,4869,5021,9890,152,0.031217909221606
3116,34787,37,35-39,M,4919,4972,9891,53,0.0107745476722911
1250,04011,45,45-49,M,4711,5180,9891,469,0.0995542347696879
2344,04401,38,35-39,M,4887,5007,9894,120,0.0245549416820135
2161,28208,29,Under 35,M,4819,5076,9895,257,0.0533305665075741
2379,48820,35,35-39,M,4865,5030,9895,165,0.0339157245632065
402,10016,28,Under 35,M,4666,5230,9896,564,0.12087441063009
158,01772,36,35-39,F,4809,5092,9901,283,0.0588479933458099
272,02134,32,Under 35,M,4494,5410,9904,916,0.2038273253226524
3349,63049,20,Under 35,M,4733,5173,9906,440,0.0929642932600887
2649,92109,23,Under 35,M,4911,4996,9907,85,0.0173080838933007
1677,03303,30,Under 35,M,4733,5175,9908,442,0.0933868582294527
898,81501,25,Under 35,M,4721,5187,9908,466,0.09870790086846
1858,01748,33,Under 35,M,4855,5056,9911,201,0.0414006179196704
910,37412,36,35-39,M,4656,5257,9913,601,0.1290807560137457
1679,13214,42,40-44,M,4943,4971,9914,28,0.0056645761683188
3562,78255,37,35-39,M,4912,5003,9915,91,0.0185260586319218
2271,55441,40,40-44,M,4856,5060,9916,204,0.0420098846787479
145,02108,31,Under 35,F,4732,5185,9917,453,0.095731191885038
145,02108,31,Under 35,F,7068,9102,16170,2034,0.2877758913412563
642,21401,35,35-39,M,4522,5396,9918,874,0.1932773109243697
5327,84326,28,Under 35,F,4979,4940,9919,-39,-0.0078328981723237
26778,02143,30,Under 35,M,4614,5308,9922,694,0.1504117902037277
1749,55406,59,55-59,M,4881,5044,9925,163,0.0333947961483302
1999,11432,49,45-49,M,4506,5422,9928,916,0.2032845095428317
3090,84403,41,40-44,M,4800,5130,9930,330,0.06875
2092,01510,36,35-39,M,4663,5267,9930,604,0.1295303452712845
4659,80526,34,Under 35,M,4976,4955,9931,-21,-0.0042202572347266
538,53562,45,45-49,M,4650,5282,9932,632,0.1359139784946236
1049,04463,52,50-54,M,4701,5233,9934,532,0.1131674111891087
2726,01520,34,Under 35,M,4811,5123,9934,312,0.0648513822490126
3633,06078,21,Under 35,M,4925,5011,9936,86,0.0174619289340101
4400,33182,42,40-44,M,4952,4985,9937,33,0.0066639741518578
4983,80524,39,35-39,M,4782,5156,9938,374,0.0782099539941447
458,15650,36,35-39,M,5006,4932,9938,-74,-0.0147822612864562
4591,82601,34,Under 35,M,4882,5056,9938,174,0.0356411306841458
5192,65804,39,35-39,M,4829,5109,9938,280,0.0579830192586456
4302,65606,31,Under 35,M,4903,5036,9939,133,0.0271262492351621
2631,80924,53,50-54,M,4901,5039,9940,138,0.0281575188736992
4572,07730,33,Under 35,M,4594,5347,9941,753,0.1639094471049194
4401,48103,37,35-39,M,4944,4997,9941,53,0.010720064724919
2362,21202,29,Under 35,M,4835,5110,9945,275,0.0568769389865563
2715,21230,27,Under 35,M,4987,4959,9946,-28,-0.0056145979546821
1204,81620,48,45-49,M,4829,5119,9948,290,0.0600538413750258
2523,27215,36,35-39,M,4903,5046,9949,143,0.0291658168468284
1824,11238,30,Under 35,M,4915,5035,9950,120,0.0244150559511698
482,75214,24,Under 35,M,4443,5508,9951,1065,0.2397029034436191
628,48067,26,Under 35,M,4707,5244,9951,537,0.1140854047163798
1522,98847,26,Under 35,M,4854,5098,9952,244,0.0502678203543469
1986,86001,40,40-44,M,4862,5090,9952,228,0.0468942821883998
446,02130,24,Under 35,M,4666,5290,9956,624,0.1337333904843549
2673,55112,28,Under 35,M,4958,4998,9956,40,0.0080677692617991
808,02129,27,Under 35,M,4516,5442,9958,926,0.2050487156775907
4756,68102,23,Under 35,M,4968,4991,9959,23,0.0046296296296296
1573,98199,36,35-39,M,4873,5086,9959,213,0.0437102400985019
2451,30269,19,Under 35,M,4786,5174,9960,388,0.0810697868783953
610,94117,28,Under 35,M,4509,5451,9960,942,0.2089155023286759
1078,01984,38,35-39,M,4819,5142,9961,323,0.0670263540153558
1343,34715,41,40-44,M,4771,5193,9964,422,0.0884510584783064
715,94965,35,35-39,M,4868,5097,9965,229,0.0470419063270336
2664,45203,38,35-39,M,4928,5039,9967,111,0.0225243506493506
3595,78704,29,Under 35,F,5059,4910,9969,-149,-0.0294524609606641
983,68132,20,Under 35,M,4309,5663,9972,1354,0.3142260385240195
1355,21046,31,Under 35,M,4909,5066,9975,157,0.0319820737421063
2184,55346,35,35-39,M,4895,5084,9979,189,0.0386108273748723
1292,11702,28,Under 35,M,4771,5208,9979,437,0.0915950534479144
817,02472,33,Under 35,M,5043,4937,9980,-106,-0.0210192345825897
1950,78526,33,Under 35,M,4796,5186,9982,390,0.0813177648040033
3458,64123,34,Under 35,M,4984,4999,9983,15,0.0030096308186195
2803,10001,40,40-44,M,4940,5043,9983,103,0.0208502024291497
1625,02568,19,Under 35,M,4875,5109,9984,234,0.048
1400,07202,40,40-44,M,4918,5066,9984,148,0.030093533956893
1430,44113,26,Under 35,M,4752,5233,9985,481,0.1012205387205387
433,02115,23,Under 35,M,4601,5385,9986,784,0.1703977396218213
1852,41040,22,Under 35,M,4748,5239,9987,491,0.1034119629317607
1500,61244,30,Under 35,M,4851,5136,9987,285,0.0587507730364873
622,20005,27,Under 35,M,4577,5410,9987,833,0.1819969412278785
1280,11743,41,40-44,M,4919,5069,9988,150,0.0304940028461069
2935,02111,26,Under 35,M,4984,5005,9989,21,0.0042134831460674
4482,10128,39,35-39,M,4922,5068,9990,146,0.0296627387240958
320,91764,33,Under 35,M,4539,5453,9992,914,0.2013659396342806
159,84604,40,40-44,F,4873,5119,9992,246,0.0504822491278473
4642,30318,25,Under 35,M,4844,5148,9992,304,0.0627580511973575
1072,54155,48,45-49,M,4886,5107,9993,221,0.0452312730249693
1188,60607,28,Under 35,M,4852,5141,9993,289,0.0595630667765869
318,80302,25,Under 35,M,4233,5761,9994,1528,0.3609733049846444
2381,44107,40,40-44,M,4861,5133,9994,272,0.0559555646986216
2410,30305,47,45-49,M,4949,5046,9995,97,0.019599919175591
2128,19808,24,Under 35,M,4562,5435,9997,873,0.191363437088996
708,07030,31,Under 35,M,4672,5326,9998,654,0.1399828767123287
3165,95926,36,35-39,M,4836,5162,9998,326,0.0674110835401158
1995,94123,30,Under 35,M,4703,5295,9998,592,0.1258770997235807
1119,84653,22,Under 35,M,4913,5086,9999,173,0.0352127009973539
1349,23693,33,Under 35,M,4978,5022,10000,44,0.0088388911209321
2731,19125,30,Under 35,M,4860,5140,10000,280,0.0576131687242798
1690,77025,36,35-39,M,4824,5178,10002,354,0.0733830845771144
1203,27107,28,Under 35,M,5097,4906,10003,-191,-0.0374730233470669
1136,11225,41,40-44,M,4990,5013,10003,23,0.0046092184368737
1265,10583,48,45-49,M,4877,5127,10004,250,0.0512610211195407
844,49302,30,Under 35,M,4765,5240,10005,475,0.0996852046169989
3843,56303,27,Under 35,M,4984,5022,10006,38,0.0076243980738362
1643,48067,24,Under 35,M,4724,5283,10007,559,0.1183319220999153
926,19004,47,45-49,M,4827,5180,10007,353,0.0731303086803397
3592,02139,26,Under 35,M,4877,5130,10007,253,0.0518761533729751
445,48116,23,Under 35,M,4495,5513,10008,1018,0.2264738598442714
2153,19148,38,35-39,M,4892,5116,10008,224,0.0457890433360588
1566,02129,34,Under 35,M,4752,5257,10009,505,0.1062710437710437
1915,01850,43,40-44,M,4861,5149,10010,288,0.0592470685044229
1373,92555,29,Under 35,M,4778,5233,10011,455,0.095228128924236
1242,85250,40,40-44,M,4708,5304,10012,596,0.1265930331350892
1547,02472,31,Under 35,M,4916,5096,10012,180,0.0366151342554922
1979,17522,43,40-44,M,4846,5168,10014,322,0.0664465538588526
3953,02451,36,35-39,M,4853,5163,10016,310,0.0638780135998351
1114,06824,25,Under 35,M,4771,5245,10016,474,0.0993502410396143
2505,98115,35,35-39,M,4943,5074,10017,131,0.0265021242160631
274,60615,26,Under 35,M,4300,5717,10017,1417,0.3295348837209302
1919,80304,35,35-39,M,4980,5038,10018,58,0.0116465863453815
3302,92118,49,45-49,M,4904,5114,10018,210,0.0428221859706362
2884,61265,32,Under 35,M,4887,5132,10019,245,0.0501330059341109
3123,80027,44,40-44,M,5051,4971,10022,-80,-0.0158384478321124
1100,93405,25,Under 35,M,4687,5336,10023,649,0.1384681032643482
2394,91016,35,35-39,M,4972,5054,10026,82,0.0164923572003218
2039,21213,46,45-49,M,4733,5293,10026,560,0.1183181914219311
970,98102,49,45-49,M,4783,5243,10026,460,0.0961739494041396
1224,01930,33,Under 35,M,4789,5238,10027,449,0.093756525370641
1613,01982,27,Under 35,M,4851,5176,10027,325,0.0669964955679241
868,98103,37,35-39,M,4852,5175,10027,323,0.0665704863973619
732,07704,30,Under 35,M,4537,5491,10028,954,0.2102711042539122
523,02764,41,40-44,M,4700,5329,10029,629,0.1338297872340425
1449,75149,41,40-44,M,4872,5159,10031,287,0.0589080459770114
3950,44113,40,40-44,M,4903,5129,10032,226,0.0460942280236589
2936,44122,43,40-44,M,4935,5097,10032,162,0.0328267477203647
2126,54913,25,Under 35,M,4798,5234,10032,436,0.0908711963318049
493,02492,41,40-44,M,4752,5281,10033,529,0.1113215488215488
547,30269,39,35-39,M,4510,5524,10034,1014,0.2248337028824833
3748,93101,26,Under 35,M,5242,4794,10036,-448,-0.085463563525372
228,80209,25,Under 35,M,5242,4794,10036,-448,-0.085463563525372
3752,94118,24,Under 35,M,5242,4795,10037,-447,-0.0852727966425028
573,97124,25,Under 35,M,5242,4795,10037,-447,-0.0852727966425028
1025,92024,27,Under 35,M,5243,4794,10037,-449,-0.085637993515163
1471,60614,35,35-39,M,5000,5037,10037,37,0.0074
2382,24153,36,35-39,M,4825,5214,10039,389,0.080621761658031
3008,80841,20,Under 35,M,5009,5032,10041,23,0.004591734877221
380,55406,27,Under 35,M,4422,5621,10043,1199,0.2711442786069651
4055,83714,33,Under 35,M,4991,5052,10043,61,0.0122219995992787
1145,08527,21,Under 35,M,4668,5375,10043,707,0.1514567266495287
2046,49525,31,Under 35,M,4876,5168,10044,292,0.0598851517637407
1246,07030,30,Under 35,F,4918,5126,10044,208,0.0422936152907686
3767,15203,25,Under 35,M,4962,5082,10044,120,0.0241837968561064
1425,83716,30,Under 35,M,4991,5053,10044,62,0.0124223602484472
1757,45383,26,Under 35,M,4664,5380,10044,716,0.153516295025729
5650,01503,35,35-39,M,4834,5211,10045,377,0.0779892428630533
1256,96701,34,Under 35,M,4896,5149,10045,253,0.0516748366013071
389,08732,37,35-39,M,4568,5480,10048,912,0.1996497373029772
2638,02421,39,35-39,M,4848,5200,10048,352,0.0726072607260726
4596,42164,18,Under 35,M,4907,5142,10049,235,0.0478907682901976
4333,30328,28,Under 35,M,5017,5032,10049,15,0.0029898345624875
1306,20003,29,Under 35,M,4691,5359,10050,668,0.1424003410786612
3054,05403,32,Under 35,M,4882,5169,10051,287,0.0587873822204014
1365,96814,34,Under 35,M,4813,5239,10052,426,0.088510284645751
650,02118,24,Under 35,M,4580,5477,10057,897,0.1958515283842794
2860,99516,42,40-44,M,4800,5258,10058,458,0.0954166666666666
2164,21228,37,35-39,M,4900,5160,10060,260,0.0530612244897959
969,19128,33,Under 35,M,4668,5392,10060,724,0.1550985432733504
5882,47136,37,35-39,M,4930,5131,10061,201,0.0407707910750507
1257,48377,40,40-44,M,4704,5357,10061,653,0.1388180272108843
3896,14127,42,40-44,M,4852,5209,10061,357,0.0735779060181368
592,77008,27,Under 35,M,4583,5479,10062,896,0.1955051276456469
3614,31401,30,Under 35,M,4913,5149,10062,236,0.0480358233258701
452,76244,22,Under 35,M,4403,5659,10062,1256,0.2852600499659323
6146,78702,35,35-39,M,4977,5085,10062,108,0.0216998191681736
3706,15226,33,Under 35,M,5037,5026,10063,-11,-0.0021838395870557
1733,11201,36,35-39,M,4837,5230,10067,393,0.0812487078767831
543,60563,25,Under 35,M,4543,5525,10068,982,0.2161567246313009
1185,28719,37,35-39,M,4892,5176,10068,284,0.0580539656582175
3224,40207,24,Under 35,M,4726,5343,10069,617,0.1305543800253914
1709,13219,40,40-44,M,4931,5141,10072,210,0.0425877104035692
3948,68007,23,Under 35,M,4848,5228,10076,380,0.0783828382838283
1456,03801,45,45-49,M,4863,5214,10077,351,0.0721776681061073
1873,80301,35,35-39,M,4664,5414,10078,750,0.1608061749571183
4313,43031,32,Under 35,M,4893,5185,10078,292,0.0596770897200081
1499,77095,28,Under 35,M,4814,5266,10080,452,0.0938928126298296
799,49331,22,Under 35,M,4626,5455,10081,829,0.1792044963251189
3201,07016,43,40-44,M,4979,5102,10081,123,0.0247037557742518
2457,80218,31,Under 35,M,4918,5164,10082,246,0.0500203334688897
1139,48104,24,Under 35,M,4992,5091,10083,99,0.0198317307692307
1096,11215,29,Under 35,M,4908,5175,10083,267,0.05440097799511
1585,20009,35,35-39,M,5004,5080,10084,76,0.0151878497202238
3081,18635,20,Under 35,M,4886,5199,10085,313,0.0640605812525583
2250,60068,35,35-39,M,4777,5309,10086,532,0.1113669667155118
878,92130,38,35-39,M,5049,5038,10087,-11,-0.0021786492374727
2745,48823,21,Under 35,M,4918,5170,10088,252,0.0512403416022773
1352,01453,32,Under 35,M,4851,5239,10090,388,0.0799835085549371
3811,02139,25,Under 35,F,4973,5117,10090,144,0.0289563643675849
3673,07307,33,Under 35,M,4947,5144,10091,197,0.0398221144127754
2242,33990,25,Under 35,M,4805,5288,10093,483,0.1005202913631633
1154,94015,29,Under 35,M,4891,5202,10093,311,0.0635861786955632
5534,92078,35,35-39,M,5060,5034,10094,-26,-0.0051383399209486
3480,37938,32,Under 35,M,4999,5097,10096,98,0.0196039207841568
4757,49946,24,Under 35,M,5013,5084,10097,71,0.014163175743068
1176,06489,21,Under 35,M,4641,5457,10098,816,0.1758241758241758
936,03903,41,40-44,M,4846,5252,10098,406,0.0837804374742055
1253,02170,37,35-39,M,4996,5103,10099,107,0.0214171337069655
1173,55317,44,40-44,M,4892,5207,10099,315,0.0643908421913327
1460,75019,34,Under 35,M,4784,5315,10099,531,0.1109949832775919
451,02180,37,35-39,M,4668,5432,10100,764,0.1636675235646958
3823,13073,43,40-44,M,4933,5167,10100,234,0.0474356375430772
4386,10011,29,Under 35,M,4907,5194,10101,287,0.0584878744650499
2610,02130,33,Under 35,M,4955,5147,10102,192,0.0387487386478304
3136,02127,33,Under 35,M,4998,5104,10102,106,0.0212084833933573
2278,32092,43,40-44,M,4959,5143,10102,184,0.0371042548900988
1420,77803,29,Under 35,M,4576,5527,10103,951,0.2078234265734265
4248,30052,43,40-44,M,4962,5142,10104,180,0.0362756952841596
2846,01002,42,40-44,M,4667,5439,10106,772,0.1654167559460038
1718,43215,23,Under 35,M,4829,5278,10107,449,0.0929799130254711
827,78109,37,35-39,M,4593,5516,10109,923,0.2009579795340736
3196,55104,24,Under 35,M,4981,5129,10110,148,0.0297129090544067
2262,46802,25,Under 35,M,4931,5179,10110,248,0.0502940580004055
1600,80841,21,Under 35,M,4985,5126,10111,141,0.028284854563691
4717,94118,30,Under 35,M,4927,5184,10111,257,0.0521615587578648
811,02445,30,Under 35,M,4543,5568,10111,1025,0.2256218357913273
1459,97035,47,45-49,M,4693,5420,10113,727,0.1549115704240358
4751,90008,29,Under 35,M,4863,5252,10115,389,0.0799917746247172
2602,15136,36,35-39,M,4907,5209,10116,302,0.061544732015488
1254,95070,28,Under 35,M,4703,5413,10116,710,0.150967467573889
871,10021,33,Under 35,M,5035,5081,10116,46,0.0091360476663356
1697,10010,39,35-39,M,4930,5187,10117,257,0.052129817444219
4225,75072,55,55-59,M,5071,5047,10118,-24,-0.0047327943206468
2885,73105,25,Under 35,M,4982,5136,10118,154,0.0309112806101967
1424,11238,28,Under 35,M,4769,5349,10118,580,0.1216187880058712
1128,14607,26,Under 35,M,4646,5474,10120,828,0.1782178217821782
1108,45248,27,Under 35,M,4884,5236,10120,352,0.072072072072072
3644,77584,35,35-39,M,5057,5064,10121,7,0.0013842198932173
4496,11225,32,Under 35,M,4784,5338,10122,554,0.1158026755852842
1363,28270,36,35-39,M,4822,5300,10122,478,0.0991289921194525
4029,06824,24,Under 35,M,5083,5039,10122,-44,-0.0086563053314971
3945,22207,33,Under 35,M,5119,5004,10123,-115,-0.0224653252588396
2669,02144,32,Under 35,F,5001,5123,10124,122,0.0243951209758048
3636,20002,29,Under 35,M,4856,5270,10126,414,0.0852553542009884
778,19426,25,Under 35,M,4703,5424,10127,721,0.1533064001701042
1862,80203,37,35-39,M,4939,5189,10128,250,0.0506175339137477
1525,81507,35,35-39,M,4941,5188,10129,247,0.0499898805909734
3026,02130,28,Under 35,F,5056,5074,10130,18,0.0035601265822784
7668,54902,31,Under 35,F,5093,5038,10131,-55,-0.0107991360691144
1614,03839,42,40-44,M,4896,5235,10131,339,0.0692401960784313
1936,01460,41,40-44,M,4832,5299,10131,467,0.0966473509933774
1934,53719,24,Under 35,M,4812,5320,10132,508,0.1055694098088113
798,40205,42,40-44,M,4692,5440,10132,748,0.1594202898550724
4758,02127,23,Under 35,M,4871,5261,10132,390,0.0800656949291726
480,19146,26,Under 35,M,4649,5483,10132,834,0.1793934179393418
1884,02119,24,Under 35,M,4761,5372,10133,611,0.1283343835328712
3891,21204,28,Under 35,M,4999,5134,10133,135,0.027005401080216
1217,20405,29,Under 35,M,4668,5466,10134,798,0.1709511568123393
916,20007,45,45-49,M,4672,5464,10136,792,0.1695205479452055
2813,92708,46,45-49,M,4934,5202,10136,268,0.0543169841913254
2339,60616,32,Under 35,M,4910,5227,10137,317,0.0645621181262729
2029,92058,34,Under 35,M,4905,5233,10138,328,0.0668705402650356
2730,18923,31,Under 35,M,4890,5249,10139,359,0.0734151329243353
3880,90278,41,40-44,M,4852,5288,10140,436,0.0898598516075845
2691,94563,44,40-44,M,5044,5096,10140,52,0.0103092783505154
1847,71106,46,45-49,M,4849,5291,10140,442,0.0911528150134048
5059,10019,38,35-39,M,4968,5173,10141,205,0.0412640901771336
2111,92677,27,Under 35,M,4898,5243,10141,345,0.0704369130257247
605,94122,29,Under 35,M,4781,5360,10141,579,0.1211043714704036
2878,95472,32,Under 35,M,4881,5261,10142,380,0.0778528989961073
2620,48067,29,Under 35,M,4941,5201,10142,260,0.0526209269378668
2679,11757,25,Under 35,M,4969,5173,10142,204,0.0410545381364459
536,83706,34,Under 35,M,4462,5680,10142,1218,0.2729717615419094
1297,97224,51,50-54,M,4921,5221,10142,300,0.0609632188579557
3361,20814,38,35-39,M,5014,5129,10143,115,0.0229357798165137
1973,10023,39,35-39,M,4990,5154,10144,164,0.0328657314629258
508,01605,29,Under 35,M,5024,5121,10145,97,0.0193073248407643
1948,38103,42,40-44,M,4990,5157,10147,167,0.0334669338677354
1844,92109,25,Under 35,M,4579,5569,10148,990,0.2162044114435466
2176,55105,24,Under 35,M,4825,5324,10149,499,0.1034196891191709
712,44011,37,35-39,M,4846,5304,10150,458,0.0945109368551382
248,84081,39,35-39,M,4469,5681,10150,1212,0.2712016110986798
2509,02129,27,Under 35,M,5000,5151,10151,151,0.0302
2702,30076,38,35-39,M,4869,5282,10151,413,0.0848223454508112
3356,13068,24,Under 35,M,5041,5111,10152,70,0.0138861337036302
1366,97086,41,40-44,M,4567,5585,10152,1018,0.2229034377052769
1236,05363,25,Under 35,M,4732,5420,10152,688,0.1453930684699915
6726,99516,47,45-49,M,5001,5153,10154,152,0.0303939212157568
2491,48188,32,Under 35,M,5170,4984,10154,-186,-0.0359767891682785
911,07405,38,35-39,M,4658,5496,10154,838,0.1799055388578789
4956,64151,35,35-39,M,4822,5335,10157,513,0.1063873911240149
3236,90033,50,50-54,M,5064,5094,10158,30,0.0059241706161137
3943,18229,43,40-44,M,4846,5312,10158,466,0.0961617829137432
4824,46077,44,40-44,M,4964,5195,10159,231,0.0465350523771152
2588,97702,28,Under 35,M,4753,5406,10159,653,0.1373869135282979
4418,54868,35,35-39,M,5015,5144,10159,129,0.0257228315054835
1931,90272,41,40-44,M,4846,5315,10161,469,0.0967808501857201
984,03755,34,Under 35,M,4670,5492,10162,822,0.176017130620985
3685,60201,32,Under 35,M,5064,5100,10164,36,0.0071090047393364
1799,10023,43,40-44,M,5051,5113,10164,62,0.0122747970698871
371,92102,28,Under 35,M,4582,5582,10164,1000,0.2182453077258838
2146,94609,39,35-39,M,5090,5076,10166,-14,-0.0027504911591355
2739,77550,27,Under 35,M,4853,5313,10166,460,0.0947867298578199
3113,89512,28,Under 35,M,4986,5181,10167,195,0.0391095066185318
2256,10023,43,40-44,M,5014,5153,10167,139,0.0277223773434383
4348,92673,41,40-44,M,5009,5159,10168,150,0.0299460970253543
1640,33707,26,Under 35,M,4627,5541,10168,914,0.1975362005619191
4567,75214,32,Under 35,M,4862,5307,10169,445,0.0915261209378856
575,56215,25,Under 35,M,4687,5482,10169,795,0.1696180925965436
4219,22201,31,Under 35,M,4974,5195,10169,221,0.0444310414153598
4111,03903,50,50-54,M,4992,5177,10169,185,0.0370592948717948
2482,10997,20,Under 35,M,5011,5159,10170,148,0.029535022949511
643,02130,23,Under 35,M,4606,5565,10171,959,0.2082066869300911
836,75214,38,35-39,M,4727,5444,10171,717,0.1516818277977575
1871,94122,37,35-39,M,4985,5188,10173,203,0.0407221664994984
6029,02130,35,35-39,F,5128,5045,10173,-83,-0.016185647425897
2251,27513,43,40-44,M,4943,5232,10175,289,0.0584665183087194
466,63011,25,Under 35,M,4486,5689,10175,1203,0.268167632634864
2465,02478,32,Under 35,M,5045,5130,10175,85,0.0168483647175421
937,01810,38,35-39,M,4852,5324,10176,472,0.0972794723825226
3271,78041,39,35-39,M,4949,5228,10177,279,0.0563750252576278
3071,01983,39,35-39,M,4946,5231,10177,285,0.0576223210675293
4885,97206,50,50-54,M,5091,5087,10178,-4,-0.0007857002553525
3502,21412,22,Under 35,M,4996,5182,10178,186,0.0372297838270616
2169,48072,35,35-39,M,4978,5200,10178,222,0.0445962233828846
887,11102,41,40-44,M,4629,5550,10179,921,0.1989630589760207
3674,28405,29,Under 35,M,4960,5220,10180,260,0.0524193548387096
3956,98109,29,Under 35,M,4923,5257,10180,334,0.0678448100751574
637,22201,27,Under 35,M,4435,5746,10181,1311,0.2956031567080045
889,20854,28,Under 35,M,5129,5052,10181,-77,-0.0150126730356794
2365,78704,37,35-39,M,4966,5215,10181,249,0.0501409585179218
1277,95124,46,45-49,M,4873,5308,10181,435,0.0892673917504617
5358,53505,49,45-49,M,5016,5166,10182,150,0.0299043062200956
3557,12302,29,Under 35,M,5043,5139,10182,96,0.0190362879238548
3742,95628,43,40-44,M,5095,5088,10183,-7,-0.0013738959764474
1275,37221,34,Under 35,M,4896,5288,10184,392,0.0800653594771241
3591,56345,25,Under 35,M,5001,5184,10185,183,0.0365926814637072
2116,10708,37,35-39,M,4941,5244,10185,303,0.0613236187006678
2233,94122,30,Under 35,M,4818,5368,10186,550,0.1141552511415525
1954,80401,38,35-39,M,4949,5237,10186,288,0.0581935744594867
3842,10033,32,Under 35,M,5263,4923,10186,-340,-0.0646019380581417
4284,10021,28,Under 35,M,5072,5115,10187,43,0.0084779179810725
2119,20003,29,Under 35,M,4771,5417,10188,646,0.1354013833577866
900,28209,25,Under 35,M,4520,5668,10188,1148,0.2539823008849557
4395,07901,27,Under 35,M,5053,5136,10189,83,0.0164258856125074
5334,78209,36,35-39,M,5133,5056,10189,-77,-0.0150009740892265
595,49686,33,Under 35,M,4719,5472,10191,753,0.1595677050222504
2494,60491,37,35-39,M,4897,5295,10192,398,0.081274249540535
6363,10590,43,40-44,M,5074,5119,10193,45,0.0088687426093811
627,62010,30,Under 35,M,4810,5384,10194,574,0.1193347193347193
1687,01907,39,35-39,M,4767,5428,10195,661,0.1386616320537025
2019,11435,45,45-49,M,4796,5399,10195,603,0.1257297748123436
924,75002,25,Under 35,M,4601,5595,10196,994,0.2160399913062377
3841,94131,38,35-39,M,4815,5382,10197,567,0.1177570093457943
991,44718,26,Under 35,M,4747,5450,10197,703,0.148093532757531
4664,05452,37,35-39,M,4907,5290,10197,383,0.078051762787854
1637,94040,32,Under 35,M,4917,5280,10197,363,0.0738255033557047
3095,77009,39,35-39,M,5020,5178,10198,158,0.0314741035856573
2937,01887,38,35-39,M,4988,5210,10198,222,0.0445068163592622
5079,13413,41,40-44,M,4844,5354,10198,510,0.1052848885218827
3564,07740,54,50-54,M,4961,5239,10200,278,0.0560370892965128
3612,60513,29,Under 35,M,4999,5201,10200,202,0.0404080816163232
1453,46168,28,Under 35,M,4885,5317,10202,432,0.0884339815762538
3961,75204,26,Under 35,M,4937,5266,10203,329,0.0666396597123759
9464,02135,26,Under 35,F,4927,5277,10204,350,0.0710371422772478
1769,02129,40,40-44,M,4736,5468,10204,732,0.1545608108108108
2450,64030,30,Under 35,M,4849,5357,10206,508,0.1047638688389358
2428,21230,34,Under 35,M,5138,5069,10207,-69,-0.0134293499416115
1892,80841,19,Under 35,M,4615,5595,10210,980,0.2123510292524377
2475,84093,35,35-39,M,5238,4972,10210,-266,-0.0507827415043909
2956,80033,31,Under 35,M,4949,5261,10210,312,0.0630430389977773
1641,97211,32,Under 35,M,4954,5257,10211,303,0.061162696810658
1408,76065,42,40-44,M,4806,5406,10212,600,0.1248439450686641
2721,98144,38,35-39,M,4920,5292,10212,372,0.0756097560975609
3443,28211,32,Under 35,M,5098,5114,10212,16,0.003138485680659
5765,55410,38,35-39,M,5055,5158,10213,103,0.020375865479723
1333,90745,49,45-49,M,5052,5162,10214,110,0.0217735550277117
3045,97223,36,35-39,M,4873,5341,10214,468,0.0960394007798071
5849,48170,31,Under 35,F,5071,5144,10215,73,0.0143955827253007
3411,12887,45,45-49,M,5080,5137,10217,57,0.0112204724409448
3365,10997,19,Under 35,M,4788,5429,10217,641,0.1338763575605681
2006,78230,30,Under 35,M,4791,5426,10217,635,0.1325401795032352
2455,17033,27,Under 35,M,4689,5530,10219,841,0.1793559394327148
2755,78404,35,35-39,M,5020,5200,10220,180,0.0358565737051792
1564,11561,25,Under 35,M,4759,5461,10220,702,0.1475099810884639
2622,68106,31,Under 35,M,4908,5313,10221,405,0.0825183374083129
1555,90650,32,Under 35,M,5000,5221,10221,221,0.0442
4346,94556,41,40-44,M,4997,5225,10222,228,0.0456273764258555
1970,80015,25,Under 35,M,4725,5498,10223,773,0.1635978835978836
1597,11231,27,Under 35,M,4803,5421,10224,618,0.1286695815115552
4379,12054,19,Under 35,M,5044,5181,10225,137,0.0271609833465503
1807,39110,30,Under 35,M,4639,5586,10225,947,0.204138823022203
2132,18603,45,45-49,M,5086,5140,10226,54,0.0106173810460086
2714,92075,19,Under 35,M,4710,5518,10228,808,0.1715498938428874
3082,27604,30,Under 35,M,4928,5302,10230,374,0.0758928571428571
1014,27612,35,35-39,M,4670,5562,10232,892,0.1910064239828693
2042,25082,40,40-44,M,4986,5247,10233,261,0.0523465703971119
2680,44304,33,Under 35,M,4962,5271,10233,309,0.062273276904474
1947,87109,32,Under 35,M,4854,5379,10233,525,0.1081582200247218
1368,44118,26,Under 35,M,4668,5570,10238,902,0.1932305055698372
1729,94115,37,35-39,M,4902,5336,10238,434,0.0885352917176662
6954,98033,35,35-39,M,5076,5162,10238,86,0.0169424743892829
655,63141,24,Under 35,M,4770,5469,10239,699,0.1465408805031446
2048,01890,41,40-44,M,4858,5381,10239,523,0.1076574722107863
1909,64870,43,40-44,M,5087,5152,10239,65,0.0127776685669353
4042,07621,27,Under 35,F,5158,5082,10240,-76,-0.0147343931756494
238,19608,25,Under 35,M,4887,5353,10240,466,0.0953550235318191
4559,30308,29,Under 35,M,5071,5170,10241,99,0.0195227765726681
2349,96734,25,Under 35,M,4985,5258,10243,273,0.0547642928786359
1626,01902,34,Under 35,M,4842,5403,10245,561,0.1158612143742255
745,02446,35,35-39,M,4966,5280,10246,314,0.0632299637535239
1269,84404,24,Under 35,M,4891,5356,10247,465,0.0950725822940094
3031,53705,45,45-49,M,5086,5162,10248,76,0.0149429807314195
3676,52537,36,35-39,F,5052,5196,10248,144,0.0285035629453681
1143,97140,41,40-44,M,4646,5605,10251,959,0.2064141196728368
1345,46220,35,35-39,M,5005,5247,10252,242,0.0483516483516483
6027,38301,27,Under 35,M,5085,5168,10253,83,0.0163225172074729
1432,98226,22,Under 35,M,4695,5558,10253,863,0.1838125665601704
2269,08012,33,Under 35,M,4915,5339,10254,424,0.0862665310274669
3448,55413,34,Under 35,M,4968,5287,10255,319,0.0642109500805152
3198,02630,29,Under 35,M,4916,5339,10255,423,0.0860455655004068
2949,76182,37,35-39,M,5067,5189,10256,122,0.0240773633313597
1249,48073,32,Under 35,M,4703,5554,10257,851,0.1809483308526472
4742,11201,37,35-39,M,4997,5260,10257,263,0.0526315789473684
2418,84003,29,Under 35,M,4897,5360,10257,463,0.0945476822544414
2416,91351,32,Under 35,M,5036,5222,10258,186,0.0369340746624305
822,02145,45,45-49,M,4793,5467,10260,674,0.1406217400375547
1080,37075,27,Under 35,M,4897,5364,10261,467,0.0953645088829895
1023,30309,28,Under 35,M,4906,5357,10263,451,0.0919282511210762
3266,07047,33,Under 35,M,4944,5319,10263,375,0.0758495145631067
1071,01720,31,Under 35,M,4818,5446,10264,628,0.1303445413034454
3814,95136,38,35-39,M,5101,5163,10264,62,0.0121544795138208
3647,02127,30,Under 35,M,4978,5286,10264,308,0.0618722378465247
3219,21202,28,Under 35,M,5184,5081,10265,-103,-0.0198688271604938
3507,80516,28,Under 35,M,4970,5298,10268,328,0.0659959758551307
3523,96161,39,35-39,M,5082,5188,10270,106,0.020857929948839
648,10601,39,35-39,M,5112,5161,10273,49,0.0095852895148669
4033,08904,42,40-44,M,4991,5282,10273,291,0.0583049489080344
2579,12518,39,35-39,M,4969,5304,10273,335,0.067417991547595
4195,19107,32,Under 35,M,5046,5229,10275,183,0.0362663495838287
440,02453,33,Under 35,M,5103,5172,10275,69,0.0135214579659024
3746,78704,27,Under 35,M,5077,5198,10275,121,0.0238329722276935
5223,02446,39,35-39,M,5228,5048,10276,-180,-0.0344299923488905
1630,42718,30,Under 35,M,4852,5424,10276,572,0.1178895300906842
3482,94025,27,Under 35,M,5142,5134,10276,-8,-0.0015558148580318
146,37919,44,40-44,F,4713,5563,10276,850,0.180352217271377
2798,78023,36,35-39,M,4968,5309,10277,341,0.0686392914653784
1336,18322,44,40-44,M,4847,5430,10277,583,0.1202805859294409
2266,78204,38,35-39,M,4849,5429,10278,580,0.1196122911940606
1551,11369,42,40-44,M,4958,5321,10279,363,0.0732150060508269
10225,90266,33,Under 35,F,5121,5159,10280,38,0.0074204256981058
2539,49441,38,35-39,M,4894,5386,10280,492,0.1005312627707396
6748,83204,37,35-39,M,5108,5173,10281,65,0.0127251370399373
700,93004,26,Under 35,M,4771,5511,10282,740,0.155103751833997
3679,10010,26,Under 35,M,4908,5374,10282,466,0.0949470252648736
295,14618,34,Under 35,M,4563,5724,10287,1161,0.2544378698224852
1828,92040,50,50-54,M,4864,5424,10288,560,0.1151315789473684
3497,37405,28,Under 35,M,5165,5123,10288,-42,-0.0081316553727008
3782,30741,56,55-59,M,5082,5208,10290,126,0.024793388429752
3024,92587,35,35-39,F,4956,5335,10291,379,0.0764729620661824
1989,80504,36,35-39,M,4956,5335,10291,379,0.0764729620661824
1684,10026,32,Under 35,M,4975,5318,10293,343,0.0689447236180904
6987,07417,52,50-54,M,5266,5028,10294,-238,-0.0451955943790353
1307,63301,25,Under 35,M,4853,5441,10294,588,0.1211621677313002
5137,11106,38,35-39,F,5090,5204,10294,114,0.0223968565815324
4104,02575,27,Under 35,M,4911,5384,10295,473,0.0963143962533089
1138,19123,28,Under 35,M,4939,5356,10295,417,0.0844300465681312
2317,54313,35,35-39,M,5199,5096,10295,-103,-0.0198115022119638
4903,94301,36,35-39,M,4986,5310,10296,324,0.0649819494584837
6520,10003,25,Under 35,F,4977,5320,10297,343,0.0689170182841068
2052,80401,30,Under 35,M,4708,5589,10297,881,0.1871282922684791
6929,44122,35,35-39,M,5026,5271,10297,245,0.0487465181058495
1372,34655,34,Under 35,M,4785,5515,10300,730,0.1525600835945663
1012,46040,30,Under 35,M,4789,5511,10300,722,0.1507621632908749
3960,94109,24,Under 35,M,5242,5058,10300,-184,-0.0351011064479206
3804,18055,29,Under 35,M,4886,5415,10301,529,0.1082685223086369
2009,10162,28,Under 35,M,4954,5350,10304,396,0.0799354057327412
2149,19128,30,Under 35,M,4862,5442,10304,580,0.1192924722336487
5931,33137,36,35-39,M,5164,5141,10305,-23,-0.0044539116963594
4436,40299,44,40-44,M,5052,5253,10305,201,0.0397862232779097
3363,07840,30,Under 35,M,4923,5384,10307,461,0.0936420881576274
3166,60610,35,35-39,M,4984,5324,10308,340,0.0682182985553772
4599,63117,41,40-44,M,5076,5232,10308,156,0.0307328605200945
2674,48154,33,Under 35,M,5058,5251,10309,193,0.0381573744563068
2477,57702,45,45-49,M,4952,5357,10309,405,0.0817851373182552
4032,53204,39,35-39,F,5140,5169,10309,29,0.0056420233463035
6372,07087,52,50-54,M,5126,5185,10311,59,0.0115099492781896
2574,98106,34,Under 35,M,4930,5382,10312,452,0.091683569979716
162,22192,40,40-44,F,4881,5434,10315,553,0.1132964556443351
2662,07090,43,40-44,M,5098,5217,10315,119,0.0233424872499019
2514,45601,38,35-39,M,4922,5394,10316,472,0.0958959772450223
2587,37205,36,35-39,M,4999,5317,10316,318,0.0636127225445089
8046,97504,40,40-44,M,5156,5160,10316,4,0.0007757951900698
2084,80904,23,Under 35,M,4852,5465,10317,613,0.1263396537510305
4392,01468,36,35-39,M,5071,5247,10318,176,0.0347071583514099
4107,14612,34,Under 35,M,5136,5182,10318,46,0.0089563862928348
2267,55122,22,Under 35,M,4713,5606,10319,893,0.1894759176745173
5777,84092,45,45-49,M,5066,5254,10320,188,0.0371101460718515
758,04092,38,35-39,M,4729,5592,10321,863,0.182491012899133
4207,21113,33,Under 35,M,4901,5421,10322,520,0.1061007957559681
1629,02113,27,Under 35,M,5135,5187,10322,52,0.010126582278481
3080,10022,28,Under 35,M,5032,5291,10323,259,0.0514705882352941
3094,02909,39,35-39,M,5075,5248,10323,173,0.0340886699507389
3300,80204,30,Under 35,M,5031,5292,10323,261,0.0518783542039356
382,94118,25,Under 35,M,5394,4931,10325,-463,-0.085836114200964
5181,83714,36,35-39,M,4991,5334,10325,343,0.0687237026647966
1202,80841,20,Under 35,M,4764,5562,10326,798,0.1675062972292191
3015,78217,40,40-44,M,4951,5375,10326,424,0.0856392647949909
806,22102,26,Under 35,M,4420,5906,10326,1486,0.3361990950226244
2763,28209,33,Under 35,M,4954,5373,10327,419,0.084578118691966
2564,10002,30,Under 35,M,5101,5229,10330,128,0.0250931189962752
3452,30339,30,Under 35,M,4869,5461,10330,592,0.1215855411788868
1665,01730,34,Under 35,M,4853,5477,10330,624,0.1285802596332165
2306,98122,24,Under 35,M,5046,5285,10331,239,0.0473642489100277
2326,22801,28,Under 35,M,4934,5398,10332,464,0.0940413457640859
2197,01741,39,35-39,M,4966,5367,10333,401,0.080749093838099
4192,15909,28,Under 35,M,4839,5494,10333,655,0.1353585451539574
721,46280,36,35-39,M,4753,5580,10333,827,0.173995371344414
8490,35244,45,45-49,M,4928,5407,10335,479,0.0971996753246753
2227,13416,59,55-59,M,5097,5238,10335,141,0.0276633313713949
2776,02025,40,40-44,M,5067,5269,10336,202,0.0398657983027432
3289,10002,47,45-49,M,5038,5298,10336,260,0.0516077808654227
3981,92614,35,35-39,M,5162,5175,10337,13,0.0025184037194885
3072,53188,38,35-39,M,5059,5279,10338,220,0.0434868551097054
4063,38103,27,Under 35,M,5125,5213,10338,88,0.017170731707317
2115,92865,41,40-44,M,5013,5326,10339,313,0.0624376620785956
2501,94103,32,Under 35,M,4983,5356,10339,373,0.0748545053180814
2329,04092,35,35-39,M,4891,5450,10341,559,0.1142915559190349
3847,84115,26,Under 35,M,5236,5106,10342,-130,-0.0248281130634071
2193,08721,63,60-64,M,4900,5443,10343,543,0.1108163265306122
4413,46123,25,Under 35,M,4813,5530,10343,717,0.1489715354248909
4410,02453,29,Under 35,M,5186,5157,10343,-29,-0.0055919784033937
1814,16066,28,Under 35,M,4846,5498,10344,652,0.1345439537763103
2926,68105,30,Under 35,M,5157,5188,10345,31,0.0060112468489431
3806,98686,35,35-39,M,4912,5434,10346,522,0.1062703583061889
5342,90042,42,40-44,M,5208,5138,10346,-70,-0.0134408602150537
807,56560,35,35-39,M,4733,5613,10346,880,0.1859285865201774
1440,02472,39,35-39,M,5070,5277,10347,207,0.0408284023668639
2182,27705,33,Under 35,M,4859,5488,10347,629,0.1294505042189751
4535,02149,35,35-39,M,4992,5355,10347,363,0.0727163461538461
3140,10706,36,35-39,M,4984,5364,10348,380,0.0762439807383627
345,17552,24,Under 35,M,4710,5638,10348,928,0.1970276008492569
6185,10301,48,45-49,M,5026,5323,10349,297,0.0590927178670911
3578,11937,44,40-44,M,4889,5460,10349,571,0.1167928001636326
2594,15213,23,Under 35,M,4662,5688,10350,1026,0.22007722007722
2104,32137,26,Under 35,M,4948,5403,10351,455,0.0919563459983831
2354,22201,27,Under 35,M,4997,5355,10352,358,0.0716429857914748
1609,92130,42,40-44,M,5001,5351,10352,350,0.0699860027994401
2337,48178,24,Under 35,M,4865,5488,10353,623,0.1280575539568345
3114,28209,30,Under 35,F,5104,5250,10354,146,0.0286050156739811
2782,45230,36,35-39,M,4991,5364,10355,373,0.0747345221398517
6293,33149,35,35-39,M,5197,5158,10355,-39,-0.0075043294208197
4037,48188,34,Under 35,M,5203,5153,10356,-50,-0.009609840476648
3928,10128,32,Under 35,M,5035,5321,10356,286,0.0568023833167825
2487,45040,37,35-39,M,4988,5369,10357,381,0.076383319967923
950,10032,34,Under 35,M,5208,5149,10357,-59,-0.0113287250384024
1611,02447,23,Under 35,M,4810,5547,10357,737,0.1532224532224532
3543,80226,30,Under 35,M,5013,5344,10357,331,0.0660283263514861
1714,94901,36,35-39,M,4924,5435,10359,511,0.1037774167343623
1674,85742,26,Under 35,M,4781,5579,10360,798,0.1669106881405563
1899,03054,30,Under 35,M,4814,5548,10362,734,0.152471956792688
4719,10583,35,35-39,M,5122,5240,10362,118,0.023037875829754
3109,97229,30,Under 35,M,4893,5469,10362,576,0.117719190680564
4573,02026,33,Under 35,M,5091,5271,10362,180,0.0353565114908662
3066,75238,49,45-49,M,5114,5250,10364,136,0.0265936644505279
3197,01923,32,Under 35,M,4973,5392,10365,419,0.0842549768751256
4672,43221,28,Under 35,M,5082,5283,10365,201,0.0395513577331759
2356,48843,40,40-44,M,4927,5438,10365,511,0.1037142277247818
882,60605,24,Under 35,M,4758,5608,10366,850,0.1786464901218999
4268,21204,43,40-44,M,5177,5189,10366,12,0.0023179447556499
2871,02536,32,Under 35,M,5119,5248,10367,129,0.0252002344207853
1925,78731,29,Under 35,M,4875,5494,10369,619,0.1269743589743589
4522,01844,33,Under 35,M,5072,5297,10369,225,0.0443611987381703
2824,02127,36,35-39,M,5110,5259,10369,149,0.0291585127201565
3128,96822,36,35-39,M,5207,5163,10370,-44,-0.0084501632417898
1728,55112,45,45-49,M,5030,5341,10371,311,0.0618290258449304
3694,02139,44,40-44,M,5028,5343,10371,315,0.0626491646778042
3040,02115,34,Under 35,M,5049,5324,10373,275,0.0544662309368191
1923,10003,26,Under 35,M,4822,5552,10374,730,0.1513894649523019
1077,22903,24,Under 35,M,4828,5546,10374,718,0.1487158243579121
4923,94024,43,40-44,M,4943,5432,10375,489,0.0989277766538539
4765,02135,34,Under 35,M,4896,5479,10375,583,0.1190767973856209
1076,11231,28,Under 35,M,4836,5540,10376,704,0.1455748552522746
3525,70808,26,Under 35,M,5136,5241,10377,105,0.0204439252336448
3050,20132,35,35-39,M,4996,5381,10377,385,0.0770616493194555
3456,94306,25,Under 35,M,4772,5607,10379,835,0.1749790444258172
2597,02346,39,35-39,M,4914,5466,10380,552,0.1123321123321123
3059,28134,34,Under 35,M,5099,5282,10381,183,0.0358893900764855
2439,02852,27,Under 35,M,5006,5375,10381,369,0.0737115461446264
2508,79765,26,Under 35,M,5007,5375,10382,368,0.0734971040543239
6599,46779,45,45-49,M,5112,5271,10383,159,0.0311032863849765
1962,80120,25,Under 35,M,4856,5527,10383,671,0.1381795716639209
1961,19118,26,Under 35,M,4856,5527,10383,671,0.1381795716639209
3765,33315,35,35-39,M,4880,5504,10384,624,0.1278688524590163
3764,08080,30,Under 35,F,5079,5305,10384,226,0.0444969482181531
3067,59715,30,Under 35,M,4860,5526,10386,666,0.137037037037037
5228,78703,46,45-49,M,5166,5220,10386,54,0.0104529616724738
3638,78240,26,Under 35,M,4934,5453,10387,519,0.1051884880421564
3150,17078,32,Under 35,M,4718,5673,10391,955,0.2024162780839338
3215,78412,43,40-44,M,5195,5196,10391,1,0.0001924927815206
2979,99516,43,40-44,M,5084,5307,10391,223,0.0438630999213217
1939,10024,25,Under 35,M,4593,5800,10393,1207,0.2627912040060962
4279,95404,26,Under 35,F,5113,5281,10394,168,0.0328574222569919
4970,60657,24,Under 35,M,4912,5483,10395,571,0.1162459283387622
1530,37064,34,Under 35,M,4671,5724,10395,1053,0.2254335260115607
2690,21113,31,Under 35,M,5082,5313,10395,231,0.0454545454545454
682,10970,29,Under 35,M,4681,5715,10396,1034,0.2208929715872676
9688,50157,34,Under 35,F,5035,5362,10397,327,0.0649453823237338
1639,01945,43,40-44,M,5100,5297,10397,197,0.0386274509803921
1516,98105,31,Under 35,M,4876,5521,10397,645,0.1322805578342904
4605,60622,28,Under 35,M,4999,5399,10398,400,0.0800160032006401
1362,31783,28,Under 35,M,4935,5463,10398,528,0.1069908814589665
2205,92130,50,50-54,M,5135,5265,10400,130,0.0253164556962025
1627,02130,33,Under 35,F,5091,5309,10400,218,0.0428206639167157
2962,14617,29,Under 35,M,5020,5381,10401,361,0.0719123505976095
2827,53212,25,Under 35,M,4868,5534,10402,666,0.1368118323746918
3539,06850,34,Under 35,M,4834,5569,10403,735,0.1520479933802234
2788,55902,38,35-39,M,5010,5393,10403,383,0.0764471057884231
1294,60532,22,Under 35,M,5196,5208,10404,12,0.0023094688221709
1340,13440,34,Under 35,M,4819,5585,10404,766,0.1589541398630421
2107,90042,45,45-49,M,5015,5389,10404,374,0.0745762711864406
1802,23454,24,Under 35,F,4951,5455,10406,504,0.1017976166431024
4364,37830,28,Under 35,M,4910,5498,10408,588,0.1197556008146639
2301,07960,37,35-39,M,5110,5299,10409,189,0.036986301369863
1047,05401,25,Under 35,M,4780,5629,10409,849,0.1776150627615062
1401,01742,41,40-44,M,4773,5638,10411,865,0.1812277393672742
3982,45248,32,Under 35,M,4955,5457,10412,502,0.1013118062563067
2247,80602,28,Under 35,M,5178,5234,10412,56,0.0108149864812668
4146,20015,43,40-44,M,5110,5302,10412,192,0.037573385518591
638,02445,45,45-49,M,4700,5713,10413,1013,0.215531914893617
558,80304,31,Under 35,M,4508,5905,10413,1397,0.3098935226264419
6262,77494,44,40-44,M,5235,5178,10413,-57,-0.0108882521489971
2553,02896,32,Under 35,M,5011,5402,10413,391,0.0780283376571542
2053,39110,20,Under 35,M,4884,5530,10414,646,0.1322686322686322
3730,02143,31,Under 35,M,5010,5404,10414,394,0.0786427145708582
772,16508,32,Under 35,M,4690,5725,10415,1035,0.220682302771855
2490,55408,23,Under 35,M,5100,5315,10415,215,0.042156862745098
1820,10027,24,Under 35,M,4803,5613,10416,810,0.1686445971267957
7007,02140,38,35-39,M,5210,5206,10416,-4,-0.000767754318618
2749,19428,43,40-44,M,5213,5203,10416,-10,-0.0019182812200268
2469,55430,34,Under 35,M,4941,5476,10417,535,0.1082776765836875
4274,97403,24,Under 35,M,4998,5419,10417,421,0.0842336934773909
796,84663,40,40-44,M,4731,5686,10417,955,0.201860071866413
4339,37404,30,Under 35,M,4838,5580,10418,742,0.1533691608102521
6691,92057,42,40-44,M,5081,5338,10419,257,0.0505805943711867
6323,03825,44,40-44,M,5157,5265,10422,108,0.0209424083769633
1117,49007,38,35-39,M,4944,5481,10425,537,0.1086165048543689
1518,46112,28,Under 35,M,4775,5651,10426,876,0.1834554973821989
3974,60613,26,Under 35,F,5102,5324,10426,222,0.0435123480987847
2938,39564,27,Under 35,M,4901,5525,10426,624,0.1273209549071618
4254,94538,31,Under 35,M,5057,5371,10428,314,0.0620921494957484
3584,07922,33,Under 35,M,4835,5593,10428,758,0.1567735263702171
3873,53593,23,Under 35,F,5079,5349,10428,270,0.0531600708800945
4351,13210,26,Under 35,M,5059,5370,10429,311,0.0614745997232654
2402,02134,30,Under 35,M,4991,5438,10429,447,0.0895612101783209
4585,70433,22,Under 35,M,5277,5152,10429,-125,-0.0236877013454614
1137,45224,37,35-39,M,4980,5450,10430,470,0.0943775100401606
4394,02184,24,Under 35,M,5140,5290,10430,150,0.0291828793774319
3510,48240,42,40-44,M,4973,5458,10431,485,0.0975266438769354
4050,17022,38,35-39,M,4989,5443,10432,454,0.0910002004409701
3341,06902,27,Under 35,M,4929,5503,10432,574,0.1164536417123148
583,60613,31,Under 35,M,4877,5555,10432,678,0.1390198892761943
617,75080,41,40-44,M,4964,5469,10433,505,0.1017324738114423
3546,27407,48,45-49,M,5183,5250,10433,67,0.0129268763264518
5068,97756,36,35-39,M,5114,5319,10433,205,0.0400860383261634
4925,94066,38,35-39,M,5267,5166,10433,-101,-0.0191760015188912
8512,23223,42,40-44,M,4781,5653,10434,872,0.1823886216272746
1375,80134,34,Under 35,M,4842,5594,10436,752,0.1553077240809582
1209,80020,40,40-44,M,5104,5332,10436,228,0.0446708463949843
1835,80210,41,40-44,M,5161,5275,10436,114,0.0220887424917651
928,02138,27,Under 35,M,4577,5860,10437,1283,0.2803146165610662
6455,37215,36,35-39,M,5231,5206,10437,-25,-0.0047792009176065
4613,10003,25,Under 35,M,5021,5417,10438,396,0.0788687512447719
2131,60642,34,Under 35,M,5225,5215,10440,-10,-0.0019138755980861
742,02333,26,Under 35,M,5015,5425,10440,410,0.0817547357926221
4099,68949,41,40-44,M,4926,5514,10440,588,0.1193666260657734
1667,44236,43,40-44,M,5188,5252,10440,64,0.0123361603700848
3159,92627,24,Under 35,M,5002,5438,10440,436,0.0871651339464214
5595,14226,36,35-39,M,5151,5290,10441,139,0.0269850514463211
4168,64155,30,Under 35,M,5211,5231,10442,20,0.0038380349261178
6110,55337,19,Under 35,M,4995,5448,10443,453,0.0906906906906906
6430,46738,39,35-39,M,5177,5266,10443,89,0.017191423604404
4366,53089,24,Under 35,M,5064,5380,10444,316,0.0624012638230647
1572,94904,39,35-39,M,4819,5625,10444,806,0.1672546171404856
3879,11249,33,Under 35,F,5082,5362,10444,280,0.0550964187327823
1303,80526,25,Under 35,F,4842,5602,10444,760,0.1569599339116067
2760,10023,29,Under 35,M,4801,5645,10446,844,0.1757967090189544
4406,01821,28,Under 35,M,5261,5187,10448,-74,-0.0140657669644554
1445,01876,29,Under 35,M,4807,5642,10449,835,0.1737050135219471
2282,02476,28,Under 35,F,5008,5442,10450,434,0.0866613418530351
9223,45385,40,40-44,F,5049,5403,10452,354,0.0701128936423054
6076,85255,38,35-39,M,5148,5304,10452,156,0.0303030303030303
1760,55305,28,Under 35,M,5148,5304,10452,156,0.0303030303030303
3444,37209,28,Under 35,F,5072,5383,10455,311,0.0613170347003154
4232,11215,30,Under 35,M,5212,5244,10456,32,0.0061396776669224
4511,29405,30,Under 35,M,5071,5388,10459,317,0.06251232498521
2801,02445,23,Under 35,M,4563,5897,10460,1334,0.2923515231207539
4646,33155,41,40-44,M,5144,5318,10462,174,0.0338258164852255
4123,10591,25,Under 35,M,5027,5436,10463,409,0.0813606524766262
5309,02458,46,45-49,M,5077,5387,10464,310,0.0610596809139255
1791,77019,39,35-39,M,4931,5534,10465,603,0.1222875684445345
1763,60622,38,35-39,M,5107,5358,10465,251,0.0491482279224593
2958,04240,28,Under 35,F,5126,5340,10466,214,0.0417479516191962
3383,77019,40,40-44,M,4876,5590,10466,714,0.1464315012305168
744,10003,33,Under 35,M,4974,5493,10467,519,0.1043425814234016
2425,10024,41,40-44,M,4964,5503,10467,539,0.1085817888799355
5189,30338,57,55-59,M,5052,5415,10467,363,0.0718527315914489
3938,92102,29,Under 35,M,5062,5405,10467,343,0.0677597787435796
1347,62711,38,35-39,M,4545,5923,10468,1378,0.3031903190319032
3505,94118,45,45-49,M,5143,5325,10468,182,0.035387905891503
6310,68132,35,35-39,M,5113,5356,10469,243,0.0475259143360062
580,10023,31,Under 35,M,4553,5916,10469,1363,0.2993630573248407
383,02139,32,Under 35,M,4524,5946,10470,1422,0.3143236074270557
1437,11238,34,Under 35,M,4971,5499,10470,528,0.1062160531080265
5177,37207,40,40-44,M,5111,5359,10470,248,0.048522793973782
3408,60615,27,Under 35,M,5170,5301,10471,131,0.0253384912959381
813,11223,27,Under 35,M,4963,5508,10471,545,0.1098126133387064
1811,90017,27,Under 35,M,5085,5388,10473,303,0.0595870206489675
5128,06480,37,35-39,M,4957,5516,10473,559,0.1127698204559209
516,53711,28,Under 35,M,4886,5588,10474,702,0.1436758084322554
2466,60625,27,Under 35,M,4876,5599,10475,723,0.1482772764561115
564,84790,27,Under 35,M,4933,5543,10476,610,0.1236570038516116
1228,53213,32,Under 35,M,5186,5290,10476,104,0.0200539915156189
1593,29445,35,35-39,M,5198,5279,10477,81,0.0155829165063485
5890,85253,38,35-39,M,5150,5328,10478,178,0.0345631067961165
2849,92114,45,45-49,M,5031,5447,10478,416,0.082687338501292
3687,37919,34,Under 35,M,4995,5483,10478,488,0.0976976976976976
3547,33759,42,40-44,M,5109,5370,10479,261,0.0510863182618907
4981,98144,40,40-44,M,5105,5374,10479,269,0.0526934378060724
2807,85032,35,35-39,M,4949,5530,10479,581,0.1173974540311174
3903,75703,43,40-44,M,5036,5443,10479,407,0.0808181096108022
6689,92103,31,Under 35,F,5217,5263,10480,46,0.0088173279662641
2595,15217,41,40-44,M,5058,5422,10480,364,0.0719652036378015
667,97006,37,35-39,M,4765,5715,10480,950,0.1993704092339979
1506,02128,23,Under 35,M,4989,5491,10480,502,0.1006213670074163
2378,55038,39,35-39,M,4895,5587,10482,692,0.1413687436159346
3394,78641,40,40-44,M,5057,5425,10482,368,0.0727704172434249
3675,80123,34,Under 35,M,5041,5441,10482,400,0.0793493354493156
1935,40241,46,45-49,M,4751,5732,10483,981,0.2064828457166912
5160,94025,34,Under 35,M,5200,5283,10483,83,0.0159615384615384
6895,94608,39,35-39,M,5203,5280,10483,77,0.014799154334038
2310,22204,39,35-39,M,4993,5490,10483,497,0.0995393550971359
2831,45248,24,Under 35,M,4952,5531,10483,579,0.1169224555735056
4916,53151,44,40-44,M,5268,5216,10484,-52,-0.0098709187547456
9741,17313,45,45-49,M,5103,5383,10486,280,0.0548696844993141
2172,57043,21,Under 35,M,4817,5669,10486,852,0.1768735727631305
1673,05491,33,Under 35,M,4865,5622,10487,757,0.155601233299075
1494,32205,28,Under 35,M,5147,5340,10487,193,0.037497571400816
1578,21412,21,Under 35,M,4777,5710,10487,933,0.1953108645593468
5645,23185,35,35-39,M,5137,5352,10489,215,0.041853221724742
5277,01945,45,45-49,M,5006,5484,10490,478,0.0954854174990012
6173,62246,28,Under 35,F,5279,5211,10490,-68,-0.0128812275052093
1272,66801,29,Under 35,M,4724,5766,10490,1042,0.220575783234547
761,45891,23,Under 35,M,4522,5968,10490,1446,0.3197700132684652
3381,60010,24,Under 35,M,5086,5405,10491,319,0.0627211954384585
2064,84102,32,Under 35,M,4815,5677,10492,862,0.1790238836967809
2497,19104,28,Under 35,M,5082,5411,10493,329,0.0647382920110192
2525,37203,24,Under 35,M,4839,5654,10493,815,0.1684232279396569
2372,20850,47,45-49,M,5124,5369,10493,245,0.0478142076502732
3568,29605,29,Under 35,M,5174,5320,10494,146,0.0282180131426362
4606,55435,34,Under 35,M,5131,5363,10494,232,0.0452153576300916
1543,02115,30,Under 35,M,4883,5612,10495,729,0.1492934671308621
3913,94103,35,35-39,M,5206,5290,10496,84,0.0161352285824049
2350,02116,32,Under 35,M,4851,5645,10496,794,0.1636775922490208
5304,18929,41,40-44,M,5293,5204,10497,-89,-0.0168146608728509
3872,10023,32,Under 35,M,5189,5309,10498,120,0.0231258431296974
3049,84087,34,Under 35,F,5105,5395,10500,290,0.0568070519098922
5461,02127,25,Under 35,M,4969,5531,10500,562,0.1131012276111893
10815,03304,54,50-54,M,5167,5333,10500,166,0.0321269595509967
4494,01702,38,35-39,M,5159,5342,10501,183,0.0354719906958712
5695,94117,28,Under 35,F,5070,5431,10501,361,0.0712031558185404
1283,49001,40,40-44,M,5080,5422,10502,342,0.0673228346456693
442,50023,28,Under 35,M,4818,5684,10502,866,0.1797426317974263
2520,02141,31,Under 35,M,5115,5388,10503,273,0.0533724340175953
12877,30338,57,55-59,M,5293,5210,10503,-83,-0.0156810882297373
594,94122,27,Under 35,M,4677,5829,10506,1152,0.246311738293778
369,94070,47,45-49,M,4645,5861,10506,1216,0.2617868675995694
3600,27517,26,Under 35,M,5113,5394,10507,281,0.0549579503227068
4863,94107,50,50-54,M,5192,5315,10507,123,0.0236902927580893
4011,10075,25,Under 35,F,5164,5343,10507,179,0.0346630518977536
4408,28277,35,35-39,M,5195,5313,10508,118,0.0227141482194417
4658,28546,22,Under 35,M,4761,5747,10508,986,0.2070993488762865
5678,07753,35,35-39,M,5231,5277,10508,46,0.0087937296883961
2552,10031,29,Under 35,M,5119,5389,10508,270,0.0527446766946669
5298,93401,29,Under 35,F,5108,5401,10509,293,0.057361002349256
2629,06437,47,45-49,M,5057,5453,10510,396,0.0783072968162942
4921,73103,45,45-49,M,5295,5216,10511,-79,-0.0149197355996222
225,01720,33,Under 35,M,4623,5888,10511,1265,0.2736318407960199
1865,27502,43,40-44,M,4786,5725,10511,939,0.1961972419557041
3779,46835,23,Under 35,M,4871,5641,10512,770,0.1580784233216998
3603,20785,50,50-54,M,5103,5410,10513,307,0.0601606897903194
4152,98109,32,Under 35,M,5086,5428,10514,342,0.0672434132913881
6761,75007,51,50-54,M,5300,5214,10514,-86,-0.0162264150943396
4214,91106,42,40-44,F,5142,5373,10515,231,0.0449241540256709
5420,73162,36,35-39,M,5262,5253,10515,-9,-0.0017103762827822
2838,92865,42,40-44,M,5130,5386,10516,256,0.0499025341130604
5470,80537,60,60-64,M,5169,5347,10516,178,0.0344360611336815
3538,08620,38,35-39,M,5095,5421,10516,326,0.0639842983316977
4484,43026,23,Under 35,M,4972,5545,10517,573,0.1152453740949316
5165,11516,47,45-49,M,5175,5343,10518,168,0.032463768115942
4237,97080,27,Under 35,M,4743,5775,10518,1032,0.217583807716635
5373,11109,41,40-44,M,5241,5277,10518,36,0.0068689181453921
4127,64110,42,40-44,M,4951,5568,10519,617,0.1246212886285598
2307,80205,27,Under 35,F,5001,5518,10519,517,0.1033793241351729
3722,48154,19,Under 35,M,4854,5670,10524,816,0.1681087762669963
3651,62439,30,Under 35,M,4725,5800,10525,1075,0.2275132275132275
6382,91350,35,35-39,M,4871,5655,10526,784,0.1609525764730034
1918,49504,23,Under 35,M,5445,5082,10527,-363,-0.0666666666666666
4264,04861,33,Under 35,M,5233,5295,10528,62,0.011847888400535
1854,49315,35,35-39,M,5217,5312,10529,95,0.0182096990607628
3089,19128,25,Under 35,M,5280,5249,10529,-31,-0.0058712121212121
2148,73093,38,35-39,M,5060,5470,10530,410,0.0810276679841897
1227,04473,27,Under 35,M,4764,5766,10530,1002,0.2103274559193954
5045,63139,39,35-39,M,5200,5330,10530,130,0.025
1475,63105,42,40-44,M,5125,5405,10530,280,0.0546341463414634
2797,46062,44,40-44,M,5129,5402,10531,273,0.0532267498537726
5179,20814,39,35-39,M,5226,5305,10531,79,0.0151167240719479
2912,78747,25,Under 35,M,4893,5638,10531,745,0.1522583282239934
2315,46055,43,40-44,M,5129,5402,10531,273,0.0532267498537726
3796,19701,41,40-44,M,5247,5284,10531,37,0.0070516485610825
5648,80130,42,40-44,M,5151,5381,10532,230,0.044651523975927
4057,63050,32,Under 35,M,5053,5479,10532,426,0.084306352661785
2036,43334,26,Under 35,M,4807,5725,10532,918,0.190971499895985
5537,91675,54,50-54,M,5088,5447,10535,359,0.0705581761006289
2524,29617,36,35-39,M,4868,5667,10535,799,0.1641331142152834
8301,44452,35,35-39,F,5181,5354,10535,173,0.0333912372128932
3463,60657,27,Under 35,M,5175,5360,10535,185,0.0357487922705314
4549,32097,33,Under 35,M,5108,5427,10535,319,0.062451057165231
3622,03903,27,Under 35,M,5039,5497,10536,458,0.0908910498114705
2598,80204,33,Under 35,M,5049,5488,10537,439,0.0869479104773222
2260,06525,42,40-44,M,5066,5471,10537,405,0.0799447295696802
5481,92234,35,35-39,M,5204,5333,10537,129,0.0247886241352805
4478,02478,47,45-49,M,5206,5331,10537,125,0.0240107568190549
4238,96753,53,50-54,M,5174,5363,10537,189,0.0365287978353305
2270,28037,27,Under 35,F,5069,5469,10538,400,0.0789110278161373
5142,48912,36,35-39,M,5152,5387,10539,235,0.045613354037267
1813,95014,29,Under 35,M,5129,5411,10540,282,0.05498147787093
4882,25303,40,40-44,M,5222,5318,10540,96,0.0183837610111068
3380,43016,39,35-39,M,5106,5435,10541,329,0.0644339992166079
7649,01060,43,40-44,M,5271,5271,10542,0,0.0
3318,49546,32,Under 35,M,5089,5453,10542,364,0.0715268225584594
2746,11231,29,Under 35,M,4965,5578,10543,613,0.1234642497482376
4388,22079,21,Under 35,M,5208,5335,10543,127,0.0243855606758832
6549,20009,36,35-39,M,5381,5163,10544,-218,-0.0405129158149042
6967,71115,39,35-39,M,5209,5335,10544,126,0.024188903820311
5102,49507,36,35-39,M,5038,5507,10545,469,0.093092497022628
8351,32780,27,Under 35,F,5053,5494,10547,441,0.0872748862062141
2636,68512,41,40-44,M,5181,5367,10548,186,0.0359004053271569
2028,11735,32,Under 35,M,5052,5496,10548,444,0.0878859857482185
3579,19104,27,Under 35,M,4660,5891,10551,1231,0.2641630901287554
10067,02871,35,35-39,F,5161,5391,10552,230,0.0445650067816314
1418,23937,23,Under 35,M,5078,5475,10553,397,0.0781803859787317
4444,92020,41,40-44,M,5223,5331,10554,108,0.0206777713957495
3759,60068,37,35-39,M,5273,5281,10554,8,0.0015171629053669
8162,80301,32,Under 35,F,5264,5290,10554,26,0.0049392097264437
3871,77003,31,Under 35,M,5319,5237,10556,-82,-0.0154164316600864
954,45224,31,Under 35,M,4984,5572,10556,588,0.1179775280898876
431,32504,39,35-39,M,4785,5771,10556,986,0.206060606060606
160,93065,40,40-44,F,4967,5591,10558,624,0.1256291524058788
11563,87015,31,Under 35,F,5307,5252,10559,-55,-0.0103636706237045
4142,84057,25,Under 35,M,5065,5495,10560,430,0.0848963474827245
4434,94123,32,Under 35,M,5187,5373,10560,186,0.0358588779641411
3774,84624,43,40-44,M,5213,5348,10561,135,0.0258967964703625
2806,15044,40,40-44,M,5217,5345,10562,128,0.0245351734713436
5619,80301,45,45-49,M,5252,5310,10562,58,0.011043412033511
3532,07047,34,Under 35,M,4958,5605,10563,647,0.1304961678096006
3206,44266,24,Under 35,M,5044,5519,10563,475,0.0941712926249008
4073,80525,25,Under 35,M,5162,5403,10565,241,0.0466873304920573
6378,02721,38,35-39,M,4963,5602,10565,639,0.1287527705017126
1339,21401,38,35-39,M,5220,5346,10566,126,0.0241379310344827
1960,01890,27,Under 35,M,4811,5755,10566,944,0.1962170027021409
2567,10024,29,Under 35,M,5010,5556,10566,546,0.1089820359281437
2244,21401,20,Under 35,M,4823,5744,10567,921,0.1909599834128136
513,02148,23,Under 35,M,4667,5901,10568,1234,0.2644096850224984
30494,02121,41,40-44,M,5128,5440,10568,312,0.0608424336973478
3822,80503,48,45-49,M,5284,5285,10569,1,0.0001892505677517
2456,19060,31,Under 35,M,5298,5271,10569,-27,-0.0050962627406568
2684,02461,37,35-39,M,5184,5387,10571,203,0.0391589506172839
7129,78752,48,45-49,M,5013,5558,10571,545,0.1087173349291841
1353,02144,34,Under 35,M,5343,5229,10572,-114,-0.0213363279056709
489,06033,30,Under 35,M,4992,5580,10572,588,0.1177884615384615
1992,10018,27,Under 35,M,4674,5898,10572,1224,0.2618741976893453
2144,81507,42,40-44,F,5060,5513,10573,453,0.0895256916996047
3248,30067,51,50-54,M,5187,5386,10573,199,0.0383651436283015
6182,02190,36,35-39,M,4967,5606,10573,639,0.128649083954097
2823,80227,20,Under 35,M,4848,5728,10576,880,0.1815181518151815
4286,02139,26,Under 35,M,5137,5439,10576,302,0.0587891765621958
4093,30312,30,Under 35,F,5214,5363,10577,149,0.0285769083237437
12614,05473,30,Under 35,F,5215,5362,10577,147,0.0281879194630872
12072,49506,43,40-44,F,5189,5388,10577,199,0.0383503565234149
2545,77382,19,Under 35,M,4952,5626,10578,674,0.1361066235864297
24897,02113,24,Under 35,M,5203,5376,10579,173,0.0332500480492023
1565,61244,25,Under 35,M,4846,5733,10579,887,0.1830375567478332
790,55443,38,35-39,M,4925,5655,10580,730,0.1482233502538071
3228,90046,36,35-39,M,5191,5390,10581,199,0.0383355808129454
5576,19008,34,Under 35,F,5165,5417,10582,252,0.0487899322362052
3130,19348,43,40-44,M,4924,5658,10582,734,0.1490658001624695
3668,10012,52,50-54,M,5036,5547,10583,511,0.1014694201747418
1761,01118,34,Under 35,F,5000,5583,10583,583,0.1166
4133,08731,27,Under 35,M,4982,5601,10583,619,0.1242472902448815
3421,80303,37,35-39,M,5139,5445,10584,306,0.0595446584938704
5739,64112,24,Under 35,M,5016,5568,10584,552,0.1100478468899521
3389,13440,43,40-44,M,5219,5366,10585,147,0.0281663153860892
2033,04107,40,40-44,M,5272,5314,10586,42,0.0079666160849772
4887,83702,45,45-49,M,5070,5516,10586,446,0.0879684418145956
3587,22203,29,Under 35,M,5053,5534,10587,481,0.0951909756580249
4331,97222,40,40-44,M,5095,5493,10588,398,0.0781157998037291
7373,02472,48,45-49,M,5249,5339,10588,90,0.0171461230710611
3485,27376,38,35-39,M,5104,5484,10588,380,0.0744514106583072
1402,62034,39,35-39,M,4940,5649,10589,709,0.1435222672064777
2634,13440,32,Under 35,M,4877,5712,10589,835,0.1712118105392659
3392,20008,46,45-49,M,5129,5461,10590,332,0.0647299668551374
5991,80211,35,35-39,M,5198,5392,10590,194,0.0373220469411312
4726,84341,29,Under 35,M,5002,5588,10590,586,0.1171531387445022
5529,55438,35,35-39,M,5256,5335,10591,79,0.0150304414003044
2235,43220,24,Under 35,M,4960,5632,10592,672,0.1354838709677419
5511,91326,37,35-39,M,5201,5391,10592,190,0.0365314362622572
9279,02130,32,Under 35,F,5243,5349,10592,106,0.0202174327674995
1664,27510,30,Under 35,M,5040,5553,10593,513,0.1017857142857142
2794,02139,27,Under 35,F,5232,5361,10593,129,0.0246559633027522
5235,48307,25,Under 35,M,5285,5308,10593,23,0.0043519394512772
4889,28262,40,40-44,M,5088,5506,10594,418,0.0821540880503144
276,13326,35,35-39,M,4957,5637,10594,680,0.1371797458140004
3720,10018,35,35-39,F,5111,5483,10594,372,0.072784190960673
4619,98034,34,Under 35,F,5021,5573,10594,552,0.1099382593108942
5465,10014,36,35-39,M,5126,5468,10594,342,0.0667186890362856
3355,78108,29,Under 35,M,5033,5563,10596,530,0.1053049870852374
1255,12203,34,Under 35,M,4942,5654,10596,712,0.1440712262242007
4541,97203,34,Under 35,M,5083,5513,10596,430,0.0845957111941766
6057,48430,59,55-59,F,5299,5297,10596,-2,-0.0003774297037176
6802,93420,36,35-39,M,5212,5385,10597,173,0.0331926323867996
2067,48840,38,35-39,M,4974,5623,10597,649,0.1304784881383192
2711,22181,56,55-59,M,5234,5363,10597,129,0.0246465418418035
5623,02835,39,35-39,M,5210,5388,10598,178,0.0341650671785028
2225,07032,33,Under 35,M,4967,5631,10598,664,0.1336823032011274
1549,23220,32,Under 35,M,5047,5551,10598,504,0.0998613037447988
5002,78412,40,40-44,M,5229,5369,10598,140,0.0267737617135207
3563,30307,24,Under 35,M,4828,5770,10598,942,0.1951118475559237
2637,10024,44,40-44,M,5218,5381,10599,163,0.0312380222307397
4657,94560,26,Under 35,M,5105,5495,10600,390,0.0763956904995102
7449,86001,58,55-59,M,5243,5358,10601,115,0.0219340072477589
4300,07042,42,40-44,M,5240,5361,10601,121,0.0230916030534351
1717,92109,26,Under 35,M,5101,5500,10601,399,0.0782199568712017
5872,94044,35,35-39,M,5197,5405,10602,208,0.0400230902443717
4159,60025,44,40-44,M,5240,5362,10602,122,0.0232824427480916
1062,21228,47,45-49,M,4717,5886,10603,1169,0.2478270086919652
8235,54301,32,Under 35,F,5180,5423,10603,243,0.0469111969111969
2910,15237,32,Under 35,M,5236,5368,10604,132,0.0252100840336134
8585,21204,39,35-39,M,5382,5223,10605,-159,-0.0295429208472686
6037,49684,38,35-39,M,5156,5449,10605,293,0.0568269976726144
6470,02472,31,Under 35,F,5323,5283,10606,-40,-0.0075145594589517
7510,46816,43,40-44,M,5138,5469,10607,331,0.0644219540677306
4355,33711,25,Under 35,F,5145,5463,10608,318,0.0618075801749271
4674,21014,51,50-54,M,5240,5370,10610,130,0.0248091603053435
5212,47714,42,40-44,M,5306,5304,10610,-2,-0.0003769317753486
2659,95834,37,35-39,M,5133,5478,10611,345,0.0672121566335476
6685,94123,39,35-39,M,5134,5479,10613,345,0.0671990650564861
8604,75068,43,40-44,M,5214,5400,10614,186,0.0356731875719217
6525,55107,43,40-44,M,5342,5272,10614,-70,-0.0131037064769749
1532,76063,45,45-49,M,5060,5555,10615,495,0.0978260869565217
3257,55423,29,Under 35,M,5303,5312,10615,9,0.0016971525551574
1113,02144,38,35-39,M,5228,5387,10615,159,0.0304131599081866
3760,02446,39,35-39,M,5129,5487,10616,358,0.0697991811269253
4227,70817,27,Under 35,M,5109,5507,10616,398,0.0779017420238794
3477,15101,22,Under 35,M,5005,5612,10617,607,0.1212787212787212
471,90605,29,Under 35,M,4636,5982,10618,1346,0.2903364969801553
4210,19125,38,35-39,M,5075,5543,10618,468,0.0922167487684729
4265,98109,29,Under 35,M,5291,5329,10620,38,0.0071820071820071
6843,95050,41,40-44,M,5106,5514,10620,408,0.0799059929494712
9640,44240,34,Under 35,F,5233,5388,10621,155,0.0296197210013376
6984,10075,56,55-59,M,5169,5452,10621,283,0.0547494679822015
5325,66002,52,50-54,M,5059,5563,10622,504,0.0996244317058707
6558,27514,23,Under 35,F,5051,5571,10622,520,0.1029499109087309
4926,13603,22,Under 35,M,5208,5415,10623,207,0.0397465437788018
2907,94960,34,Under 35,M,4961,5662,10623,701,0.1413021568232211
3704,22307,39,35-39,M,4909,5715,10624,806,0.1641882257078834
6319,10597,42,40-44,M,5149,5475,10624,326,0.0633132647115944
1550,60048,37,35-39,M,5123,5501,10624,378,0.07378489166504
2744,40291,47,45-49,M,5131,5494,10625,363,0.0707464431884623
6433,01760,39,35-39,M,5247,5378,10625,131,0.024966647608157
2099,46033,33,Under 35,M,5117,5508,10625,391,0.0764119601328903
4047,19146,39,35-39,M,5266,5359,10625,93,0.0176604633497911
4632,37934,39,35-39,F,5207,5418,10625,211,0.0405223737276742
3162,49315,52,50-54,M,5168,5458,10626,290,0.0561145510835913
1282,02719,34,Under 35,M,4916,5711,10627,795,0.1617168429617575
6711,12440,40,40-44,M,5189,5438,10627,249,0.0479861244941221
2415,39401,37,35-39,M,4996,5631,10627,635,0.127101681345076
6552,17033,40,40-44,M,5080,5547,10627,467,0.0919291338582677
2717,37221,40,40-44,M,5090,5537,10627,447,0.0878192534381139
1983,97850,34,Under 35,M,5187,5441,10628,254,0.0489685752843647
5047,29617,35,35-39,F,5266,5362,10628,96,0.0182301557159134
1737,21412,22,Under 35,M,5076,5553,10629,477,0.0939716312056737
1738,98115,41,40-44,M,5285,5345,10630,60,0.0113528855250709
6737,20005,38,35-39,M,5075,5556,10631,481,0.0947783251231527
6926,77008,35,35-39,M,5206,5425,10631,219,0.0420668459469842
6597,94115,31,Under 35,F,5229,5403,10632,174,0.0332759609868043
2133,55408,40,40-44,M,4867,5766,10633,899,0.1847133757961783
3294,53703,28,Under 35,M,4754,5879,10633,1125,0.2366428270929743
6115,07435,47,45-49,M,5317,5317,10634,0,0.0
6658,20009,29,Under 35,F,5162,5473,10635,311,0.0602479659046881
2877,84106,22,Under 35,M,4694,5942,10636,1248,0.2658713250958671
2678,60542,38,35-39,M,5168,5468,10636,300,0.0580495356037151
8204,80401,41,40-44,M,5327,5309,10636,-18,-0.0033790125774357
2700,07310,28,Under 35,M,5020,5617,10637,597,0.1189243027888446
4629,44720,35,35-39,M,5045,5592,10637,547,0.108424182358771
5039,94518,45,45-49,F,5161,5477,10638,316,0.0612284440999806
1680,02114,27,Under 35,F,5134,5505,10639,371,0.0722633424230619
335,02114,27,Under 35,M,5134,5505,10639,371,0.0722633424230619
7625,94526,46,45-49,M,5005,5634,10639,629,0.1256743256743256
2617,71301,22,Under 35,M,4981,5659,10640,678,0.1361172455330255
2707,63129,35,35-39,M,5039,5601,10640,562,0.1115300654891843
1592,60201,30,Under 35,M,4800,5840,10640,1040,0.2166666666666666
8889,90025,24,Under 35,F,5222,5419,10641,197,0.0377250095748755
4344,01060,27,Under 35,F,5036,5605,10641,569,0.1129864972200158
6086,03103,35,35-39,F,5198,5443,10641,245,0.0471335128895729
3554,01760,46,45-49,M,5130,5511,10641,381,0.0742690058479532
2093,92131,31,Under 35,M,5284,5358,10642,74,0.014004542013626
2551,92124,37,35-39,M,5057,5585,10642,528,0.1044097290883923
1817,05401,25,Under 35,M,4729,5914,10643,1185,0.2505815182913935
2041,80304,53,50-54,M,5094,5550,10644,456,0.0895170789163722
7205,98407,35,35-39,M,5165,5479,10644,314,0.0607938044530493
6476,02139,40,40-44,M,5204,5442,10646,238,0.0457340507302075
3220,98199,31,Under 35,M,5162,5484,10646,322,0.0623789228981015
3406,94710,33,Under 35,M,5166,5480,10646,314,0.0607820363917924
384,02025,40,40-44,M,4465,6182,10647,1717,0.3845464725643897
4458,30080,48,45-49,M,5349,5299,10648,-50,-0.0093475415965601
5921,03755,47,45-49,M,5282,5366,10648,84,0.0159030670200681
8793,27701,30,Under 35,F,5295,5354,10649,59,0.0111425873465533
1063,20002,31,Under 35,M,5545,5104,10649,-441,-0.0795311091073038
6064,97221,44,40-44,M,5138,5511,10649,373,0.0725963409887115
2167,02472,31,Under 35,F,5106,5545,10651,439,0.0859772816294555
5758,94619,39,35-39,M,5150,5501,10651,351,0.0681553398058252
9198,12508,50,50-54,M,5358,5293,10651,-65,-0.0121313923105636
3987,94595,39,35-39,M,5103,5549,10652,446,0.0873995688810503
4083,46202,26,Under 35,M,5018,5634,10652,616,0.1227580709445994
8875,98107,41,40-44,M,5260,5392,10652,132,0.0250950570342205
3571,55066,28,Under 35,M,4988,5664,10652,676,0.1355252606255012
6699,80027,50,50-54,M,5243,5409,10652,166,0.0316612626358954
6183,28213,45,45-49,F,5292,5361,10653,69,0.0130385487528344
1654,03229,40,40-44,M,5069,5584,10653,515,0.1015979483132767
4796,10538,41,40-44,M,5148,5505,10653,357,0.0693473193473193
8769,35242,60,60-64,M,5236,5417,10653,181,0.0345683728036669
11981,02130,25,Under 35,F,5448,5206,10654,-242,-0.0444199706314243
5311,60660,49,45-49,M,5194,5461,10655,267,0.0514054678475163
646,10010,34,Under 35,M,4770,5885,10655,1115,0.2337526205450733
8633,20001,40,40-44,M,5091,5564,10655,473,0.0929090551954429
418,64131,25,Under 35,M,4933,5722,10655,789,0.1599432394080681
3132,02446,36,35-39,M,5052,5605,10657,553,0.1094615993665874
1211,11379,44,40-44,M,4972,5686,10658,714,0.1436041834271922
3303,75165,44,40-44,M,5180,5478,10658,298,0.0575289575289575
7442,33407,42,40-44,M,5128,5530,10658,402,0.078393135725429
3605,20001,41,40-44,M,5204,5454,10658,250,0.0480399692544196
1636,20009,33,Under 35,M,4827,5832,10659,1005,0.2082038533250466
2577,10024,42,40-44,M,5077,5582,10659,505,0.0994681898759109
2647,22202,42,40-44,M,5038,5621,10659,583,0.1157205240174672
3744,49456,37,35-39,M,4961,5699,10660,738,0.1487603305785124
1556,64063,24,Under 35,M,4959,5702,10661,743,0.1498285944746925
6276,91701,37,35-39,M,5231,5430,10661,199,0.0380424393041483
4078,94301,33,Under 35,M,5148,5513,10661,365,0.0709013209013209
1981,80111,26,Under 35,M,4878,5783,10661,905,0.1855268552685527
7027,92116,36,35-39,F,5241,5420,10661,179,0.034153787445144
4427,60614,38,35-39,M,5382,5279,10661,-103,-0.0191378669639539
1816,03053,42,40-44,M,4896,5766,10662,870,0.1776960784313725
4715,92081,33,Under 35,M,5193,5472,10665,279,0.0537261698440207
3967,17325,46,45-49,M,5151,5515,10666,364,0.0706658901184236
327,29687,32,Under 35,M,4378,6288,10666,1910,0.4362722704431247
3711,10023,48,45-49,M,5179,5488,10667,309,0.0596640278045954
1480,48103,33,Under 35,M,4824,5843,10667,1019,0.2112354892205638
3467,94947,40,40-44,M,5066,5602,10668,536,0.1058033951835767
5157,06033,36,35-39,M,5213,5455,10668,242,0.0464224055246499
1354,80215,43,40-44,M,4864,5804,10668,940,0.1932565789473684
2835,19146,29,Under 35,M,5173,5495,10668,322,0.0622462787550744
2941,02130,50,50-54,M,5241,5427,10668,186,0.0354894104178591
1086,52317,25,Under 35,M,5097,5571,10668,474,0.0929958799293702
2125,94107,34,Under 35,M,5091,5578,10669,487,0.0956590060891769
4190,84109,37,35-39,M,5241,5429,10670,188,0.035871016981492
2021,94710,35,35-39,M,5312,5358,10670,46,0.0086596385542168
1267,48220,37,35-39,M,5311,5359,10670,48,0.0090378459800414
5801,94005,45,45-49,M,5128,5542,10670,414,0.0807332293291731
1784,23229,34,Under 35,M,4840,5831,10671,991,0.2047520661157024
1898,24015,37,35-39,M,4845,5826,10671,981,0.2024767801857585
7572,08550,45,45-49,M,5275,5397,10672,122,0.023127962085308
3800,02492,47,45-49,M,5127,5546,10673,419,0.0817242051882192
5547,81101,43,40-44,M,5260,5413,10673,153,0.0290874524714828
1414,53715,28,Under 35,M,4567,6106,10673,1539,0.3369827019925553
2259,95070,26,Under 35,M,5018,5655,10673,637,0.1269430051813471
1205,01845,20,Under 35,M,4704,5969,10673,1265,0.2689200680272108
5345,97365,39,35-39,M,5270,5404,10674,134,0.025426944971537
6644,54155,37,35-39,M,5328,5346,10674,18,0.0033783783783783
6060,07005,58,55-59,M,5313,5361,10674,48,0.0090344438170525
2933,10304,27,Under 35,M,5320,5355,10675,35,0.006578947368421
5608,06897,50,50-54,M,5307,5368,10675,61,0.0114942528735632
4537,92118,28,Under 35,M,5101,5575,10676,474,0.0929229562830817
4187,17322,44,40-44,M,5279,5397,10676,118,0.0223527183178632
4680,06437,44,40-44,M,5134,5542,10676,408,0.0794701986754966
3483,50320,34,Under 35,M,5113,5563,10676,450,0.0880109524740856
5392,02124,38,35-39,M,5058,5619,10677,561,0.1109134045077105
5722,98110,56,55-59,M,5086,5591,10677,505,0.0992921745969327
6191,90062,49,45-49,M,5039,5638,10677,599,0.1188727922206787
1901,63110,32,Under 35,M,5110,5568,10678,458,0.0896281800391389
1434,02445,24,Under 35,M,4733,5945,10678,1212,0.2560743714346081
4335,02129,29,Under 35,M,4935,5744,10679,809,0.1639311043566362
3851,85203,36,35-39,M,5258,5422,10680,164,0.0311905667554203
3693,48864,45,45-49,M,5089,5591,10680,502,0.0986441344075456
5328,19147,28,Under 35,F,5250,5430,10680,180,0.0342857142857142
1403,02138,40,40-44,M,4839,5842,10681,1003,0.2072742302128539
2881,53711,40,40-44,M,5212,5471,10683,259,0.0496930161166538
2292,45327,20,Under 35,M,4925,5758,10683,833,0.1691370558375634
754,10027,41,40-44,M,4777,5907,10684,1130,0.2365501360686623
1517,32814,41,40-44,M,5032,5652,10684,620,0.1232114467408585
8304,16509,41,40-44,M,5260,5424,10684,164,0.0311787072243346
5560,94022,46,45-49,M,5299,5386,10685,87,0.0164181921117191
3334,10010,35,35-39,M,5223,5462,10685,239,0.0457591422554087
4085,20746,40,40-44,M,5224,5461,10685,237,0.0453675344563552
1423,93063,41,40-44,M,5201,5484,10685,283,0.0544126129590463
2209,20619,28,Under 35,M,5068,5618,10686,550,0.1085240726124704
3978,02461,24,Under 35,M,5276,5410,10686,134,0.0253980288097043
2412,60610,27,Under 35,M,4916,5771,10687,855,0.1739218877135883
3652,37917,29,Under 35,M,4889,5798,10687,909,0.1859275925547146
7627,98117,42,40-44,M,5325,5363,10688,38,0.0071361502347417
2304,01915,37,35-39,M,5010,5678,10688,668,0.1333333333333333
3457,07748,24,Under 35,M,4975,5713,10688,738,0.1483417085427135
3110,10467,54,50-54,M,5071,5617,10688,546,0.107671070794715
6589,22307,43,40-44,M,5190,5500,10690,310,0.0597302504816955
3231,07086,38,35-39,M,4852,5840,10692,988,0.2036273701566364
5257,78602,41,40-44,M,5117,5575,10692,458,0.0895055696697283
2775,22903,30,Under 35,F,5192,5500,10692,308,0.059322033898305
5590,60010,54,50-54,M,5361,5331,10692,-30,-0.0055959709009513
6593,20759,40,40-44,M,5199,5494,10693,295,0.0567416810925177
3654,23223,60,60-64,M,5201,5492,10693,291,0.0559507786964045
517,92120,39,35-39,M,5044,5649,10693,605,0.1199444885011895
2443,11201,31,Under 35,M,4998,5696,10694,698,0.139655862344938
2504,06033,41,40-44,M,4974,5720,10694,746,0.1499798954563731
8915,66061,35,35-39,F,5086,5609,10695,523,0.1028313016122689
3107,15228,22,Under 35,M,4748,5950,10698,1202,0.2531592249368155
2665,32561,38,35-39,M,5043,5655,10698,612,0.1213563355145746
3558,02176,45,45-49,M,5081,5617,10698,536,0.1054910450698681
5526,92620,49,45-49,M,5223,5476,10699,253,0.0484395941030059
2142,22936,39,35-39,M,5180,5519,10699,339,0.0654440154440154
4002,11367,47,45-49,M,5081,5618,10699,537,0.1056878567211178
2312,02129,39,35-39,M,5180,5520,10700,340,0.0656370656370656
8006,01890,37,35-39,F,5319,5381,10700,62,0.0116563263771385
2453,77550,42,40-44,M,4903,5797,10700,894,0.1823373444829696
1053,94502,43,40-44,M,4914,5787,10701,873,0.1776556776556776
6964,13088,44,40-44,M,5245,5456,10701,211,0.0402287893231649
6853,10003,41,40-44,M,5189,5512,10701,323,0.0622470610907689
6137,97227,35,35-39,M,5219,5483,10702,264,0.0505844031423644
9234,10543,46,45-49,M,5237,5465,10702,228,0.0435363757876646
2583,11201,30,Under 35,M,4997,5705,10702,708,0.1416850110066039
4263,79714,37,35-39,M,5328,5374,10702,46,0.0086336336336336
3258,80301,34,Under 35,M,5072,5632,10704,560,0.1104100946372239
6833,94503,44,40-44,M,5212,5492,10704,280,0.0537221795855717
3951,10022,39,35-39,M,5159,5545,10704,386,0.0748207016863733
5175,38201,41,40-44,M,5251,5453,10704,202,0.0384688630737002
3941,20165,47,45-49,M,5223,5482,10705,259,0.0495883591805475
5472,80210,38,35-39,F,5235,5470,10705,235,0.0448901623686723
11697,06460,36,35-39,F,5304,5401,10705,97,0.018288084464555
3233,60540,24,Under 35,M,5024,5682,10706,658,0.1309713375796178
8476,97703,43,40-44,M,5131,5575,10706,444,0.0865328396024166
8731,80301,29,Under 35,F,5283,5423,10706,140,0.0265000946431951
5415,02771,21,Under 35,M,5272,5435,10707,163,0.0309180576631259
4184,45371,33,Under 35,M,5140,5568,10708,428,0.0832684824902723
1880,80212,46,45-49,M,4826,5882,10708,1056,0.2188147534189805
8196,21212,42,40-44,M,5288,5421,10709,133,0.0251512859304084
1172,10025,31,Under 35,M,4783,5926,10709,1143,0.2389713568889818
2723,94127,44,40-44,M,5164,5546,10710,382,0.073973663826491
4363,48197,39,35-39,M,5137,5573,10710,436,0.0848744403348257
3154,04101,30,Under 35,F,5218,5493,10711,275,0.052702184745113
5090,90042,35,35-39,M,4990,5721,10711,731,0.1464929859719438
3514,98026,40,40-44,M,5311,5400,10711,89,0.0167576727546601
3627,21146,38,35-39,M,5274,5437,10711,163,0.0309063329541145
6841,17046,41,40-44,M,5228,5484,10712,256,0.0489671002295332
6534,98040,42,40-44,M,5290,5422,10712,132,0.0249527410207939
2157,76082,34,Under 35,M,5012,5701,10713,689,0.1374700718276137
2083,48069,30,Under 35,M,5312,5403,10715,91,0.0171310240963855
3908,55804,39,35-39,M,5306,5410,10716,104,0.0196004523181304
5486,02176,29,Under 35,M,4979,5737,10716,758,0.152239405503113
7275,90815,42,40-44,M,5156,5560,10716,404,0.0783553141970519
3470,29605,35,35-39,M,5138,5579,10717,441,0.0858310626702997
4946,98837,36,35-39,M,5300,5417,10717,117,0.0220754716981132
1428,60564,36,35-39,M,5335,5382,10717,47,0.0088097469540768
4199,90266,34,Under 35,M,5012,5706,10718,694,0.1384676775738228
673,03038,26,Under 35,M,4533,6186,10719,1653,0.3646591661151555
11592,43560,46,45-49,M,5368,5353,10721,-15,-0.0027943368107302
2165,46814,25,Under 35,M,5003,5718,10721,715,0.1429142514491305
5356,55804,47,45-49,M,5397,5324,10721,-73,-0.0135260329812859
8446,07874,40,40-44,M,5366,5355,10721,-11,-0.0020499440924338
775,10024,46,45-49,M,4708,6013,10721,1305,0.2771877655055225
7547,22207,46,45-49,M,5339,5383,10722,44,0.0082412436785914
3053,80516,33,Under 35,M,4926,5796,10722,870,0.1766138855054811
1098,12866,32,Under 35,M,4966,5757,10723,791,0.1592831252517116
6753,77019,28,Under 35,F,5387,5336,10723,-51,-0.0094672359383701
5920,60616,45,45-49,M,5244,5479,10723,235,0.0448131197559115
1781,70808,28,Under 35,M,5015,5708,10723,693,0.138185443668993
5139,02779,21,Under 35,F,5209,5514,10723,305,0.0585525052793242
4686,32712,46,45-49,M,5149,5575,10724,426,0.0827345115556418
2703,60610,32,Under 35,M,5370,5354,10724,-16,-0.0029795158286778
6961,77584,42,40-44,M,5077,5647,10724,570,0.1122710261965727
5592,02108,39,35-39,M,5309,5416,10725,107,0.0201544546995667
5663,82609,39,35-39,M,5229,5496,10725,267,0.051061388410786
3022,84047,26,Under 35,M,5024,5702,10726,678,0.134952229299363
3727,20190,35,35-39,M,4949,5777,10726,828,0.1673065265710244
4119,55317,42,40-44,M,5132,5594,10726,462,0.0900233826968043
1519,60613,32,Under 35,M,5304,5422,10726,118,0.0222473604826546
5307,29745,57,55-59,M,5373,5353,10726,-20,-0.0037223152801042
4792,80206,33,Under 35,M,5136,5591,10727,455,0.0885903426791277
5180,67212,35,35-39,M,4924,5803,10727,879,0.1785134037367993
3682,94595,43,40-44,M,5192,5536,10728,344,0.0662557781201849
2804,75204,43,40-44,M,4992,5736,10728,744,0.1490384615384615
3047,92126,27,Under 35,M,5146,5582,10728,436,0.0847260007773027
3307,52302,33,Under 35,M,5072,5656,10728,584,0.1151419558359621
13630,80401,32,Under 35,F,5322,5407,10729,85,0.0159714393085306
8434,60654,30,Under 35,F,5306,5423,10729,117,0.0220505088578967
7346,90027,44,40-44,M,5307,5422,10729,115,0.0216694931222913
2521,07082,23,Under 35,M,5045,5686,10731,641,0.1270564915758176
5868,17402,45,45-49,M,5218,5514,10732,296,0.056726715216558
2122,01108,34,Under 35,F,4997,5735,10732,738,0.1476886131679007
6736,02132,39,35-39,M,5302,5430,10732,128,0.0241418332704639
5791,33009,39,35-39,M,5163,5570,10733,407,0.0788301375169475
1792,92373,35,35-39,M,5158,5575,10733,417,0.0808452888716556
3970,16509,39,35-39,M,5197,5537,10734,340,0.0654223590532999
3403,53211,50,50-54,M,5116,5618,10734,502,0.098123534010946
5014,52247,38,35-39,M,5158,5576,10734,418,0.0810391624660721
2660,46341,58,55-59,M,5207,5527,10734,320,0.0614557326675628
2226,92104,24,Under 35,M,5315,5420,10735,105,0.0197554092191909
4843,65714,19,Under 35,M,4860,5875,10735,1015,0.2088477366255144
2686,84780,23,Under 35,M,4758,5977,10735,1219,0.2562000840689365
3404,10027,43,40-44,M,5358,5377,10735,19,0.0035460992907801
3932,61873,22,Under 35,M,5043,5692,10735,649,0.1286932381518937
13908,20005,26,Under 35,F,5263,5473,10736,210,0.039901197035911
6606,02118,37,35-39,M,5264,5472,10736,208,0.0395136778115501
10004,10024,27,Under 35,F,5399,5338,10737,-61,-0.0112983885904797
4053,10708,31,Under 35,M,5157,5581,10738,424,0.0822183439984487
3949,02130,27,Under 35,M,5153,5586,10739,433,0.0840287211333204
5570,29609,38,35-39,M,5316,5423,10739,107,0.0201279157261098
2054,02144,28,Under 35,F,5151,5589,10740,438,0.0850320326150262
4837,02038,48,45-49,M,5321,5419,10740,98,0.0184175906784439
3791,02139,27,Under 35,M,5075,5666,10741,591,0.1164532019704433
3105,11215,38,35-39,M,5048,5693,10741,645,0.1277733755942947
6315,46033,53,50-54,M,5357,5384,10741,27,0.005040134403584
1090,80021,34,Under 35,M,5260,5481,10741,221,0.0420152091254752
6379,36521,37,35-39,M,5318,5423,10741,105,0.0197442647611884
4615,02116,32,Under 35,F,5276,5466,10742,190,0.0360121304018195
8368,10128,28,Under 35,F,5234,5508,10742,274,0.0523500191058463
5267,96813,36,35-39,M,5248,5494,10742,246,0.046875
2511,10003,26,Under 35,M,4970,5773,10743,803,0.1615694164989939
7227,80218,37,35-39,M,5055,5689,10744,634,0.1254203758654797
2913,02118,32,Under 35,M,5302,5442,10744,140,0.0264051301395699
974,60607,25,Under 35,M,4547,6197,10744,1650,0.3628766219485375
5036,22801,45,45-49,M,5203,5542,10745,339,0.065154718431674
4439,02114,29,Under 35,M,5261,5484,10745,223,0.0423873788253183
1526,01742,39,35-39,M,4944,5802,10746,858,0.1735436893203883
2977,17844,31,Under 35,M,4955,5791,10746,836,0.1687184661957618
7473,02631,47,45-49,M,5289,5458,10747,169,0.0319531102287767
4776,02191,49,45-49,M,5233,5515,10748,282,0.0538887827250143
11281,02446,31,Under 35,F,5274,5474,10748,200,0.0379218809252938
28589,10023,23,Under 35,M,5197,5552,10749,355,0.0683086395997691
4343,53065,36,35-39,M,5325,5424,10749,99,0.0185915492957746
1730,76226,38,35-39,M,5228,5521,10749,293,0.056044376434583
6247,77377,38,35-39,M,5196,5554,10750,358,0.0688991531947652
2476,64154,29,Under 35,M,5177,5573,10750,396,0.0764921769364496
4062,02119,33,Under 35,M,5265,5486,10751,221,0.0419753086419753
10118,44124,29,Under 35,F,5259,5492,10751,233,0.044305000950751
10453,02446,49,45-49,M,5277,5474,10751,197,0.0373318173204472
5657,02474,36,35-39,M,5302,5449,10751,147,0.0277253866465484
739,63108,29,Under 35,M,4769,5982,10751,1213,0.2543510169846928
4031,45040,19,Under 35,M,5052,5700,10752,648,0.1282660332541567
6709,63368,55,55-59,M,5377,5375,10752,-2,-0.0003719546215361
3375,61568,25,Under 35,M,4966,5788,10754,822,0.1655255739025372
6321,30004,44,40-44,M,5254,5500,10754,246,0.0468214693566806
2252,91107,38,35-39,M,5206,5549,10755,343,0.0658855167114867
2578,80207,36,35-39,M,4904,5851,10755,947,0.1931076672104404
3473,19709,43,40-44,F,5091,5664,10755,573,0.1125515615792575
2532,94303,52,50-54,M,5325,5430,10755,105,0.0197183098591549
5332,10128,36,35-39,M,5193,5562,10755,369,0.07105719237435
5314,98118,41,40-44,M,5116,5640,10756,524,0.1024237685691946
3937,97068,27,Under 35,M,4962,5794,10756,832,0.1676743248690044
5710,07624,52,50-54,M,5204,5553,10757,349,0.0670637970791698
3043,19805,41,40-44,M,5021,5736,10757,715,0.1424019119697271
4638,20814,31,Under 35,M,5287,5471,10758,184,0.0348023453754492
3288,20010,28,Under 35,M,5083,5676,10759,593,0.116663387763132
2819,19044,44,40-44,M,5243,5516,10759,273,0.0520694259012016
6416,06514,56,55-59,M,5294,5466,10760,172,0.0324896108802417
3874,60625,54,50-54,M,5060,5700,10760,640,0.1264822134387351
7272,20818,46,45-49,M,5308,5452,10760,144,0.027128862094951
5224,10011,35,35-39,F,5296,5465,10761,169,0.0319108761329305
2852,80918,29,Under 35,M,5152,5610,10762,458,0.0888975155279503
3745,02140,35,35-39,M,5201,5561,10762,360,0.069217458181119
5499,18069,37,35-39,M,5283,5479,10762,196,0.0371001325004732
9262,10014,24,Under 35,F,5347,5416,10763,69,0.0129044323919955
4306,66061,38,35-39,M,5198,5565,10763,367,0.0706040784917275
2361,84109,31,Under 35,M,5033,5731,10764,698,0.1386846811047089
7019,84106,41,40-44,M,5401,5363,10764,-38,-0.0070357341233104
7262,11229,44,40-44,M,5341,5423,10764,82,0.0153529301628908
3327,55408,26,Under 35,M,5109,5655,10764,546,0.1068702290076335
6238,11758,32,Under 35,F,5187,5577,10764,390,0.075187969924812
8010,48326,47,45-49,M,5195,5570,10765,375,0.0721847930702598
5205,75205,40,40-44,M,5170,5595,10765,425,0.0822050290135396
6890,21754,26,Under 35,F,5175,5591,10766,416,0.0803864734299516
9436,10036,28,Under 35,F,5376,5390,10766,14,0.0026041666666666
27339,02116,27,Under 35,M,4954,5812,10766,858,0.173193379087606
2581,85207,32,Under 35,M,5367,5399,10766,32,0.0059623625861747
952,30004,29,Under 35,M,5127,5640,10767,513,0.1000585137507314
8369,80924,25,Under 35,F,5492,5275,10767,-217,-0.0395120174799708
5125,01844,42,40-44,M,5085,5682,10767,597,0.1174041297935103
2945,55123,43,40-44,M,5370,5397,10767,27,0.0050279329608938
1933,02144,33,Under 35,M,4995,5773,10768,778,0.1557557557557557
7630,54622,38,35-39,F,5293,5475,10768,182,0.0343850368411109
3955,10011,30,Under 35,M,4977,5792,10769,815,0.1637532650190878
8009,28166,52,50-54,M,5269,5500,10769,231,0.0438413361169102
8930,90272,47,45-49,M,5375,5394,10769,19,0.0035348837209302
5729,28277,58,55-59,M,5255,5514,10769,259,0.0492863939105613
2047,21218,50,50-54,M,5220,5549,10769,329,0.0630268199233716
6779,02139,31,Under 35,M,5283,5487,10770,204,0.0386144236229415
18314,32951,34,Under 35,F,5242,5528,10770,286,0.0545593285005723
5076,94960,42,40-44,F,5291,5479,10770,188,0.0355320355320355
8971,02144,44,40-44,M,5235,5535,10770,300,0.0573065902578796
475,90011,32,Under 35,M,4767,6003,10770,1236,0.2592825676526117
7259,97201,44,40-44,M,5355,5416,10771,61,0.011391223155929
5930,37069,42,40-44,M,5349,5422,10771,73,0.0136474107309777
5852,92612,44,40-44,M,5070,5701,10771,631,0.1244575936883629
8392,44236,45,45-49,M,5291,5481,10772,190,0.0359100359100359
6563,30338,37,35-39,M,5383,5389,10772,6,0.0011146201003158
3000,94102,27,Under 35,M,5113,5659,10772,546,0.1067866223352239
5647,28277,42,40-44,F,5357,5415,10772,58,0.0108269553854769
5934,50312,56,55-59,M,5285,5488,10773,203,0.03841059602649
7686,60187,40,40-44,M,5334,5439,10773,105,0.0196850393700787
2811,44064,53,50-54,M,5047,5726,10773,679,0.1345353675450762
2496,19380,24,Under 35,M,5068,5706,10774,638,0.1258879242304656
2195,60453,21,Under 35,M,5196,5579,10775,383,0.0737105465742879
8946,77389,51,50-54,M,5251,5524,10775,273,0.0519900971243572
6493,73034,50,50-54,M,5220,5555,10775,335,0.0641762452107279
4092,84765,58,55-59,M,5119,5656,10775,537,0.1049033014260597
3531,94115,39,35-39,M,5130,5646,10776,516,0.1005847953216374
8022,78704,50,50-54,M,5165,5611,10776,446,0.0863504356243949
6361,64098,44,40-44,M,5405,5373,10778,-32,-0.0059204440333024
4293,02113,29,Under 35,M,5299,5479,10778,180,0.0339686733345914
4435,01720,40,40-44,M,5171,5608,10779,437,0.0845097660027074
4741,02169,37,35-39,M,5307,5473,10780,166,0.03127944224609
5301,49506,32,Under 35,F,5260,5520,10780,260,0.0494296577946768
5336,02478,45,45-49,M,5210,5570,10780,360,0.0690978886756238
4848,10027,36,35-39,M,5120,5661,10781,541,0.1056640625
10179,18054,46,45-49,M,5318,5463,10781,145,0.0272658894321173
2756,02145,26,Under 35,M,4821,5962,10783,1141,0.2366728894420244
1765,02130,29,Under 35,M,4816,5967,10783,1151,0.2389950166112956
4643,00982,47,45-49,M,5319,5465,10784,146,0.0274487685655198
5717,98513,40,40-44,M,5360,5424,10784,64,0.0119402985074626
7398,02461,52,50-54,M,5251,5533,10784,282,0.0537040563702152
26631,02114,27,Under 35,M,5260,5525,10785,265,0.0503802281368821
5900,45255,42,40-44,M,5508,5277,10785,-231,-0.0419389978213507
4486,10024,38,35-39,M,5194,5591,10785,397,0.0764343473238352
26287,02649,28,Under 35,M,5254,5531,10785,277,0.0527217358203273
3934,11229,38,35-39,M,5195,5591,10786,396,0.0762271414821944
5029,11101,41,40-44,M,5159,5627,10786,468,0.0907152548943593
2693,37212,29,Under 35,M,4856,5931,10787,1075,0.2213756177924217
4628,30024,44,40-44,M,5113,5674,10787,561,0.1097203207510267
9806,02130,28,Under 35,F,5305,5483,10788,178,0.0335532516493873
8164,84042,25,Under 35,F,5304,5484,10788,180,0.0339366515837104
4144,98115,28,Under 35,M,5122,5666,10788,544,0.1062085122998828
1870,91604,21,Under 35,M,4899,5890,10789,991,0.2022861808532353
1859,21224,36,35-39,F,5109,5680,10789,571,0.1117635545116461
4525,32779,47,45-49,M,5212,5577,10789,365,0.0700306983883346
9167,21204,24,Under 35,F,5116,5673,10789,557,0.1088741204065676
5349,45440,47,45-49,M,5080,5710,10790,630,0.124015748031496
10399,63130,46,45-49,M,5338,5453,10791,115,0.0215436493068565
5362,19146,39,35-39,M,5410,5381,10791,-29,-0.0053604436229205
1942,02138,40,40-44,M,5104,5687,10791,583,0.1142241379310344
3126,96818,35,35-39,M,5088,5705,10793,617,0.1212657232704402
10473,66205,36,35-39,F,5468,5325,10793,-143,-0.0261521580102414
9631,56093,31,Under 35,F,5368,5426,10794,58,0.0108047690014903
3301,49024,23,Under 35,M,4957,5837,10794,880,0.1775267298769417
4259,44023,44,40-44,M,5511,5284,10795,-227,-0.0411903465795681
7375,90011,46,45-49,M,5227,5568,10795,341,0.0652381863401568
5664,02446,26,Under 35,F,5416,5381,10797,-35,-0.0064623338257016
4321,48168,21,Under 35,M,5046,5752,10798,706,0.1399128022195798
6763,02478,52,50-54,M,5419,5379,10798,-40,-0.0073814356892415
1421,84606,43,40-44,M,5250,5549,10799,299,0.0569523809523809
4665,94941,37,35-39,M,5208,5591,10799,383,0.0735407066052227
9047,97211,37,35-39,M,5438,5362,10800,-76,-0.0139757263699889
1031,80526,41,40-44,M,5129,5672,10801,543,0.1058685903684928
2340,27455,49,45-49,M,5030,5771,10801,741,0.1473161033797216
494,01719,35,35-39,M,4668,6133,10801,1465,0.3138389031705227
4914,11218,28,Under 35,F,5147,5655,10802,508,0.098698270837381
3340,23061,32,Under 35,M,5262,5541,10803,279,0.0530216647662485
5443,08876,53,50-54,M,5329,5474,10803,145,0.0272096078063426
2786,33125,42,40-44,M,4913,5891,10804,978,0.199063708528394
8514,80111,32,Under 35,F,5285,5521,10806,236,0.044654683065279
2078,11718,33,Under 35,M,4939,5868,10807,929,0.1880947560234865
4021,10128,32,Under 35,M,5334,5474,10808,140,0.0262467191601049
9238,01002,45,45-49,M,5368,5440,10808,72,0.0134128166915052
8979,01720,37,35-39,M,5360,5448,10808,88,0.0164179104477611
7584,60169,43,40-44,M,5043,5766,10809,723,0.1433670434265318
5262,84020,45,45-49,M,5401,5409,10810,8,0.0014812071838548
2026,77573,41,40-44,M,5033,5778,10811,745,0.1480230478839658
2037,01545,27,Under 35,M,5018,5793,10811,775,0.1544440015942606
3936,35173,22,Under 35,M,5189,5624,10813,435,0.0838311813451532
4456,75019,52,50-54,M,5426,5387,10813,-39,-0.0071876151861408
4620,51401,48,45-49,M,5352,5461,10813,109,0.0203662182361733
11391,00687,52,50-54,M,5024,5790,10814,766,0.152468152866242
5176,96761,40,40-44,M,5501,5313,10814,-188,-0.0341756044355571
2102,41051,30,Under 35,M,4859,5956,10815,1097,0.2257666186458119
1007,06489,38,35-39,M,4858,5961,10819,1103,0.2270481679703581
4773,73078,50,50-54,M,5262,5557,10819,295,0.0560623337134169
2822,02143,39,35-39,M,4956,5863,10819,907,0.1830104923325262
4517,11215,41,40-44,M,5029,5791,10820,762,0.1515211771724
4158,60647,44,40-44,M,5216,5605,10821,389,0.0745782208588957
6008,01701,25,Under 35,M,5198,5623,10821,425,0.0817622162370142
3725,01906,32,Under 35,M,5247,5575,10822,328,0.0625119115685153
2557,01845,37,35-39,M,4963,5859,10822,896,0.1805359661495063
4994,20009,29,Under 35,F,5192,5631,10823,439,0.084553158705701
909,84062,45,45-49,M,4919,5904,10823,985,0.2002439520227688
6936,45206,38,35-39,M,5292,5531,10823,239,0.0451625094482237
8900,15317,51,50-54,M,5224,5600,10824,376,0.0719754977029096
8843,98075,44,40-44,M,5295,5529,10824,234,0.0441926345609065
5897,02464,37,35-39,M,5176,5649,10825,473,0.0913833075734157
6452,06880,47,45-49,M,5347,5479,10826,132,0.0246867402281653
6889,18083,58,55-59,M,5361,5465,10826,104,0.0193993657899645
5082,03861,35,35-39,M,4989,5837,10826,848,0.1699739426738825
4080,20001,26,Under 35,F,5256,5571,10827,315,0.059931506849315
7313,10019,46,45-49,F,5322,5505,10827,183,0.0343855693348365
668,95340,35,35-39,M,5029,5800,10829,771,0.1533107973752237
5218,48170,49,45-49,M,5236,5594,10830,358,0.0683728036669213
3616,71106,34,Under 35,M,5067,5763,10830,696,0.1373593842510361
5913,37206,30,Under 35,F,5307,5524,10831,217,0.0408893913698888
3757,60189,40,40-44,M,5257,5575,10832,318,0.0604907742058208
2171,14610,43,40-44,M,5166,5669,10835,503,0.097367402245451
2546,90504,32,Under 35,F,5065,5770,10835,705,0.1391905231984205
8211,36330,40,40-44,M,5323,5512,10835,189,0.0355062934435468
7540,08201,42,40-44,M,5177,5659,10836,482,0.0931041143519412
6850,11238,31,Under 35,F,5274,5563,10837,289,0.0547971179370496
3959,19702,37,35-39,M,5089,5748,10837,659,0.1294949891923757
734,75218,36,35-39,M,5334,5504,10838,170,0.0318710161229846
3785,75206,43,40-44,M,5170,5668,10838,498,0.0963249516441005
5258,94539,43,40-44,M,5304,5535,10839,231,0.043552036199095
8224,60543,24,Under 35,F,5429,5410,10839,-19,-0.0034997237060232
5652,02052,53,50-54,M,5320,5521,10841,201,0.037781954887218
2861,22302,29,Under 35,M,5155,5686,10841,531,0.1030067895247332
3217,55369,31,Under 35,M,5205,5636,10841,431,0.082804995196926
2330,80205,24,Under 35,M,4889,5952,10841,1063,0.217426876661894
2396,55378,21,Under 35,M,4800,6044,10844,1244,0.2591666666666666
4637,60640,38,35-39,M,5234,5610,10844,376,0.0718379824226213
6489,12180,37,35-39,M,5235,5609,10844,374,0.0714422158548233
3238,67060,31,Under 35,M,4961,5883,10844,922,0.1858496270913122
1850,07059,38,35-39,M,5172,5672,10844,500,0.0966744006187161
6858,55416,21,Under 35,M,4800,6044,10844,1244,0.2591666666666666
2716,02130,28,Under 35,M,5004,5842,10846,838,0.1674660271782574
5541,98391,53,50-54,M,5292,5554,10846,262,0.0495086923658352
5910,92130,38,35-39,M,5184,5662,10846,478,0.0922067901234567
2370,10128,34,Under 35,M,5311,5536,10847,225,0.0423649030314441
8441,28078,52,50-54,M,5362,5485,10847,123,0.0229392017903767
7380,45243,46,45-49,M,5464,5384,10848,-80,-0.0146412884333821
4678,60630,40,40-44,M,5293,5555,10848,262,0.0494993387492915
5523,18612,45,45-49,M,5241,5607,10848,366,0.0698340011448196
5673,04086,32,Under 35,F,5262,5586,10848,324,0.0615735461801596
6454,43758,42,40-44,M,5149,5699,10848,550,0.1068168576422606
9183,82604,33,Under 35,F,5127,5721,10848,594,0.1158572264482153
4001,53189,52,50-54,M,5177,5672,10849,495,0.0956152211705621
5133,28273,38,35-39,M,5255,5595,10850,340,0.0647002854424357
5194,99208,36,35-39,M,5195,5655,10850,460,0.0885466794995187
5265,48105,44,40-44,M,5362,5488,10850,126,0.0234986945169712
6538,94506,36,35-39,F,5340,5510,10850,170,0.0318352059925093
6857,98065,35,35-39,M,5333,5520,10853,187,0.0350646915432214
6545,30315,42,40-44,M,5228,5626,10854,398,0.0761285386381025
3093,37931,28,Under 35,M,4751,6103,10854,1352,0.28457166912229
10317,20002,24,Under 35,F,5256,5599,10855,343,0.0652587519025875
3664,98012,35,35-39,M,5170,5685,10855,515,0.0996131528046421
6790,60048,37,35-39,M,5253,5602,10855,349,0.0664382257757471
4566,37916,35,35-39,M,4958,5897,10855,939,0.1893908834207341
4013,91103,45,45-49,M,5241,5617,10858,376,0.0717420339629841
4501,97213,42,40-44,M,5345,5513,10858,168,0.0314312441534144
5261,02445,49,45-49,M,5237,5621,10858,384,0.0733244223792247
1467,37135,26,Under 35,M,4796,6062,10858,1266,0.2639699749791493
5103,02493,40,40-44,F,5365,5493,10858,128,0.0238583410997204
5393,11249,35,35-39,M,5112,5747,10859,635,0.1242175273865414
784,13440,34,Under 35,M,4877,5982,10859,1105,0.2265737133483699
2175,78410,42,40-44,M,4927,5932,10859,1005,0.2039780799675258
5434,02445,30,Under 35,F,5399,5461,10860,62,0.0114836080755695
3519,11214,25,Under 35,M,5091,5769,10860,678,0.1331761932822628
1033,02124,38,35-39,M,5239,5623,10862,384,0.0732964306165298
5308,60634,50,50-54,M,5271,5591,10862,320,0.0607095427812559
2770,07003,34,Under 35,M,4927,5935,10862,1008,0.2045869697584737
9229,05663,53,50-54,M,5301,5562,10863,261,0.0492359932088285
9637,55416,32,Under 35,F,5374,5490,10864,116,0.0215854112393003
3293,49423,38,35-39,M,5172,5692,10864,520,0.1005413766434648
4365,80108,33,Under 35,M,5068,5798,10866,730,0.1440410418310971
3358,84014,46,45-49,M,5343,5523,10866,180,0.0336889387984278
8403,33611,40,40-44,F,5378,5489,10867,111,0.020639642989959
4576,99206,20,Under 35,M,5034,5833,10867,799,0.1587206992451331
7673,44601,45,45-49,M,5328,5540,10868,212,0.0397897897897897
1264,90047,22,Under 35,M,5119,5749,10868,630,0.1230709122875561
8766,22902,30,Under 35,F,5363,5505,10868,142,0.0264777176953197
5416,84098,55,55-59,M,5437,5431,10868,-6,-0.0011035497517013
4417,85028,39,35-39,M,5254,5615,10869,361,0.0687095546250475
2708,10024,33,Under 35,M,5282,5587,10869,305,0.0577432790609617
4869,55076,55,55-59,M,5134,5735,10869,601,0.117062719127386
5473,27612,33,Under 35,F,5340,5530,10870,190,0.0355805243445692
4182,01851,36,35-39,M,5173,5698,10871,525,0.10148849797023
8002,60177,50,50-54,M,5215,5656,10871,441,0.0845637583892617
4110,27502,40,40-44,F,5140,5733,10873,593,0.1153696498054474
5681,94024,50,50-54,M,5325,5549,10874,224,0.0420657276995305
7628,23455,41,40-44,M,5278,5596,10874,318,0.0602500947328533
3971,98902,34,Under 35,M,5105,5769,10874,664,0.1300685602350636
3527,45243,50,50-54,M,5219,5656,10875,437,0.0837325158076259
3850,02140,40,40-44,M,5367,5508,10875,141,0.0262716601453325
5063,37377,39,35-39,M,5261,5614,10875,353,0.0670975099790914
5690,07090,36,35-39,M,5486,5389,10875,-97,-0.0176813707619394
4373,13326,37,35-39,M,5186,5689,10875,503,0.0969919012726571
2741,80304,39,35-39,M,5032,5844,10876,812,0.1613672496025437
161,07043,40,40-44,F,4999,5879,10878,880,0.1760352070414083
5413,92130,36,35-39,M,5379,5499,10878,120,0.022308979364194
1045,94062,32,Under 35,M,4717,6161,10878,1444,0.306126775492898
5087,94010,45,45-49,F,5255,5625,10880,370,0.0704091341579448
3788,97330,36,35-39,M,5283,5598,10881,315,0.059625212947189
30066,10011,40,40-44,M,5453,5429,10882,-24,-0.0044012470199889
4166,07932,30,Under 35,M,5249,5635,10884,386,0.0735378167269956
1675,11201,39,35-39,M,5016,5868,10884,852,0.1698564593301435
1406,84790,26,Under 35,M,5239,5646,10885,407,0.0776865814086657
4438,92630,34,Under 35,M,5045,5842,10887,797,0.1579781962338949
1248,02129,34,Under 35,M,5019,5868,10887,849,0.1691572026300059
5638,11803,44,40-44,M,5321,5567,10888,246,0.0462319112948693
7098,37215,41,40-44,M,5326,5564,10890,238,0.0446864438603079
3912,80305,28,Under 35,F,5306,5584,10890,278,0.052393516773464
8980,19703,39,35-39,M,5486,5405,10891,-81,-0.0147648559970834
3640,21014,46,45-49,M,5133,5758,10891,625,0.1217611533216442
3282,94587,27,Under 35,M,5106,5785,10891,679,0.1329808068938503
6176,42103,47,45-49,M,5229,5663,10892,434,0.0829986613119143
7453,13753,46,45-49,M,5446,5446,10892,0,0.0
1649,55104,31,Under 35,M,4806,6086,10892,1280,0.2663337494798169
6298,91350,42,40-44,M,5365,5527,10892,162,0.0301957129543336
3343,94105,41,40-44,M,5232,5661,10893,429,0.0819954128440366
4160,61359,37,35-39,M,5189,5705,10894,516,0.0994411254576989
11247,02127,24,Under 35,F,5395,5500,10895,105,0.0194624652455977
5016,60614,46,45-49,M,5442,5453,10895,11,0.00202131569276
8697,10021,42,40-44,M,5472,5424,10896,-48,-0.0087719298245614
5751,90042,54,50-54,M,5275,5621,10896,346,0.0655924170616113
6715,02118,37,35-39,M,5293,5603,10896,310,0.0585679198941998
5067,75209,40,40-44,M,5359,5539,10898,180,0.0335883560365739
8701,05602,40,40-44,M,5438,5461,10899,23,0.0042294961382861
5290,23060,42,40-44,M,5297,5602,10899,305,0.0575797621295072
4955,02130,44,40-44,M,5244,5655,10899,411,0.0783752860411899
3373,96821,23,Under 35,M,4921,5979,10900,1058,0.2149969518390571
5628,48823,42,40-44,M,5342,5558,10900,216,0.0404342942718083
886,14052,40,40-44,M,4971,5929,10900,958,0.1927177630255482
5289,19147,44,40-44,M,5294,5606,10900,312,0.0589346429920664
5259,59901,38,35-39,M,5304,5596,10900,292,0.0550527903469079
6216,98052,54,50-54,M,5330,5571,10901,241,0.0452157598499061
5866,92683,52,50-54,M,5157,5744,10901,587,0.1138258677525693
8588,78751,40,40-44,M,5379,5523,10902,144,0.0267707752370329
6143,43085,42,40-44,M,5252,5651,10903,399,0.0759710586443259
7172,22015,41,40-44,M,5576,5327,10903,-249,-0.0446556671449067
9422,30736,37,35-39,F,5380,5524,10904,144,0.0267657992565055
6886,10003,38,35-39,M,5390,5515,10905,125,0.023191094619666
1515,63110,30,Under 35,M,4942,5963,10905,1021,0.2065965196276811
11487,21412,21,Under 35,F,5395,5510,10905,115,0.0213160333642261
2791,01880,24,Under 35,M,4862,6043,10905,1181,0.2429041546688605
9668,19382,28,Under 35,F,5334,5571,10905,237,0.0444319460067491
3688,75206,31,Under 35,F,5286,5622,10908,336,0.0635641316685584
5983,54115,37,35-39,F,5256,5652,10908,396,0.0753424657534246
4155,02141,32,Under 35,F,5030,5880,10910,850,0.1689860834990059
9735,01529,47,45-49,M,5323,5590,10913,267,0.0501596843885027
9725,55345,20,Under 35,F,5376,5537,10913,161,0.0299479166666666
5829,92354,38,35-39,M,5300,5613,10913,313,0.0590566037735849
7086,60640,36,35-39,M,5222,5692,10914,470,0.0900038299502106
6837,32703,38,35-39,F,5283,5632,10915,349,0.0660609502176793
5528,01985,37,35-39,M,5018,5897,10915,879,0.1751693901952969
1313,92805,36,35-39,M,4792,6123,10915,1331,0.2777545909849749
6028,03104,40,40-44,F,5358,5557,10915,199,0.0371407241508025
4240,91103,36,35-39,M,5015,5900,10915,885,0.1764705882352941
3313,02139,26,Under 35,M,5173,5743,10916,570,0.110187512081964
8597,60201,28,Under 35,F,5486,5430,10916,-56,-0.0102078016769959
8711,30286,53,50-54,M,5316,5601,10917,285,0.0536117381489842
2562,33445,33,Under 35,M,5256,5661,10917,405,0.0770547945205479
4905,02130,29,Under 35,F,5185,5733,10918,548,0.1056894889103182
152,84025,30,Under 35,F,5324,5594,10918,270,0.0507137490608564
152,84025,30,Under 35,F,7750,8316,16066,566,0.0730322580645161
5446,53711,40,40-44,M,5449,5469,10918,20,0.0036703982382088
9052,94025,50,50-54,M,5311,5608,10919,297,0.0559216720015063
5037,98685,41,40-44,M,5183,5736,10919,553,0.1066949643063862
4243,62703,30,Under 35,M,4994,5926,10920,932,0.1866239487384861
5380,94024,46,45-49,M,5314,5607,10921,293,0.0551373729770417
3435,25314,42,40-44,M,5280,5641,10921,361,0.0683712121212121
9474,02108,28,Under 35,F,5428,5493,10921,65,0.0119749447310243
3884,20191,46,45-49,M,5229,5692,10921,463,0.088544654809715
1938,61704,35,35-39,M,5400,5522,10922,122,0.0225925925925925
2980,53208,35,35-39,M,4977,5945,10922,968,0.1944946755073337
12276,08736,26,Under 35,F,5228,5694,10922,466,0.0891354246365723
5101,60613,35,35-39,M,5181,5742,10923,561,0.10828025477707
4544,92612,27,Under 35,M,5109,5814,10923,705,0.1379917792131532
8025,74074,42,40-44,M,5314,5609,10923,295,0.0555137372977041
4202,20770,47,45-49,M,5243,5680,10923,437,0.0833492275414838
6373,02468,46,45-49,M,5391,5533,10924,142,0.0263401966240029
8467,22645,44,40-44,F,5417,5507,10924,90,0.0166143621930958
3968,22902,30,Under 35,M,5318,5606,10924,288,0.0541556976306882
6504,28205,36,35-39,M,5402,5524,10926,122,0.0225842280636801
4292,78705,26,Under 35,M,5274,5652,10926,378,0.0716723549488054
4922,02151,43,40-44,M,5136,5791,10927,655,0.127531152647975
2152,27105,45,45-49,M,5210,5717,10927,507,0.0973128598848368
6252,93111,28,Under 35,F,5267,5662,10929,395,0.0749952534649705
4349,14221,34,Under 35,M,5123,5809,10932,686,0.1339059145032207
3242,02139,27,Under 35,M,4974,5958,10932,984,0.1978287092882991
5632,94114,35,35-39,M,5416,5517,10933,101,0.0186484490398818
5976,80033,41,40-44,M,5127,5806,10933,679,0.1324361224887848
1832,19146,40,40-44,M,5111,5824,10935,713,0.1395030326746233
1426,49516,36,35-39,M,5040,5897,10937,857,0.1700396825396825
7160,02176,37,35-39,M,5339,5600,10939,261,0.0488855590934632
8205,11231,45,45-49,M,5418,5521,10939,103,0.0190107050572166
2117,77008,32,Under 35,M,5284,5656,10940,372,0.0704012112036336
1150,10028,33,Under 35,M,4905,6035,10940,1130,0.2303771661569826
1616,92121,23,Under 35,M,4849,6092,10941,1243,0.2563415137141678
810,77365,35,35-39,M,5534,5407,10941,-127,-0.0229490422840621
6356,94941,36,35-39,M,5369,5573,10942,204,0.037995902402682
5411,03071,50,50-54,M,5269,5673,10942,404,0.076674890871133
2383,49684,37,35-39,M,4937,6006,10943,1069,0.2165282560259266
1606,10031,32,Under 35,M,4892,6052,10944,1160,0.2371218315617334
6062,01915,42,40-44,M,5336,5609,10945,273,0.0511619190404797
9838,14903,41,40-44,F,5400,5545,10945,145,0.0268518518518518
2010,34102,26,Under 35,M,4833,6112,10945,1279,0.2646389406165942
8763,68803,42,40-44,M,5195,5751,10946,556,0.1070259865255053
1102,40245,49,45-49,M,5358,5589,10947,231,0.0431131019036954
4842,11421,39,35-39,M,5259,5688,10947,429,0.0815744438106103
6957,03801,39,35-39,F,5350,5597,10947,247,0.0461682242990654
9305,80228,42,40-44,F,5397,5551,10948,154,0.0285343709468223
6741,08807,50,50-54,M,5293,5655,10948,362,0.0683922161345172
874,84105,40,40-44,M,4802,6148,10950,1346,0.2802998750520616
5805,75218,35,35-39,M,5372,5578,10950,206,0.0383469843633656
8237,80111,41,40-44,M,5359,5591,10950,232,0.0432916588915842
2071,35216,44,40-44,M,5061,5890,10951,829,0.1638016202331555
8705,02493,54,50-54,M,5431,5520,10951,89,0.0163874056343214
2719,46563,35,35-39,M,5296,5655,10951,359,0.0677870090634441
5400,30113,24,Under 35,F,5016,5935,10951,919,0.1832137161084529
11589,95136,27,Under 35,F,5403,5548,10951,145,0.0268369424393855
2498,10280,28,Under 35,F,5298,5654,10952,356,0.0671951679879199
4470,02144,26,Under 35,M,5196,5757,10953,561,0.1079676674364896
4141,44022,23,Under 35,M,5332,5621,10953,289,0.0542010502625656
3541,54016,27,Under 35,M,4891,6063,10954,1172,0.2396237988141484
9257,04210,48,45-49,M,5334,5622,10956,288,0.0539932508436445
3923,45215,35,35-39,M,5366,5590,10956,224,0.0417443160641073
3339,78412,30,Under 35,M,4980,5978,10958,998,0.2004016064257028
8912,15090,44,40-44,M,5360,5598,10958,238,0.0444029850746268
747,19146,29,Under 35,M,4791,6170,10961,1379,0.287831350448758
9293,55419,24,Under 35,F,5369,5592,10961,223,0.0415347364499906
2040,22203,28,Under 35,F,4732,6230,10962,1498,0.3165680473372781
4901,07960,43,40-44,M,5371,5591,10962,220,0.0409607149506609
3590,02127,26,Under 35,M,4954,6009,10963,1055,0.2129592248687929
4584,11218,29,Under 35,M,5224,5740,10964,516,0.0987748851454823
5869,11201,40,40-44,M,5242,5722,10964,480,0.0915681037771842
2274,60614,25,Under 35,M,5312,5652,10964,340,0.0640060240963855
2201,28209,25,Under 35,M,5014,5950,10964,936,0.1866773035500598
6851,63367,45,45-49,M,5448,5518,10966,70,0.0128487518355359
5802,97215,46,45-49,M,5498,5468,10966,-30,-0.0054565296471444
4294,10956,20,Under 35,M,4927,6040,10967,1113,0.225898112441648
3830,94618,34,Under 35,M,5149,5818,10967,669,0.129928141386677
5250,02540,48,45-49,M,5184,5783,10967,599,0.1155478395061728
3569,02135,29,Under 35,M,5264,5704,10968,440,0.0835866261398176
7303,93257,43,40-44,M,5377,5592,10969,215,0.0399851218151385
5220,46074,39,35-39,M,5338,5632,10970,294,0.0550768077931809
8251,78626,44,40-44,M,5330,5640,10970,310,0.0581613508442776
8559,92104,44,40-44,M,5440,5531,10971,91,0.0167279411764705
6393,48640,38,35-39,M,5407,5564,10971,157,0.0290364342518956
5011,02128,33,Under 35,F,5416,5555,10971,139,0.0256646971935007
9091,01915,26,Under 35,F,5546,5426,10972,-120,-0.0216372160115398
8925,02215,46,45-49,M,5283,5689,10972,406,0.0768502744652659
3680,90007,22,Under 35,M,5060,5912,10972,852,0.1683794466403162
1279,01945,32,Under 35,M,5010,5962,10972,952,0.1900199600798403
5967,02446,36,35-39,M,5320,5652,10972,332,0.0624060150375939
6097,67156,42,40-44,M,5426,5547,10973,121,0.022300036859565
4136,10705,49,45-49,M,5070,5903,10973,833,0.1642998027613412
4132,48104,22,Under 35,M,5220,5755,10975,535,0.1024904214559387
8834,17603,43,40-44,M,5391,5585,10976,194,0.0359859024299758
2478,02478,42,40-44,M,5192,5785,10977,593,0.1142141756548536
2230,55409,32,Under 35,M,5004,5973,10977,969,0.1936450839328537
8543,64156,43,40-44,M,5154,5823,10977,669,0.129802095459837
10430,02139,24,Under 35,F,5270,5707,10977,437,0.0829222011385199
7614,97501,50,50-54,M,5170,5807,10977,637,0.12321083172147
6091,02139,42,40-44,M,5351,5626,10977,275,0.0513922631283872
5744,94611,53,50-54,M,5276,5702,10978,426,0.080742987111448
7088,46033,39,35-39,M,5346,5632,10978,286,0.0534979423868312
9376,45692,48,45-49,M,5504,5475,10979,-29,-0.0052688953488372
1743,04074,36,35-39,M,4824,6155,10979,1331,0.2759121061359867
4862,02129,29,Under 35,F,5312,5668,10980,356,0.0670180722891566
4707,11217,39,35-39,M,5380,5600,10980,220,0.0408921933085501
5149,91360,38,35-39,F,5365,5616,10981,251,0.0467847157502329
1569,90623,35,35-39,M,4958,6023,10981,1065,0.2148043565954013
5878,60707,50,50-54,M,5207,5775,10982,568,0.1090839254849241
3573,77845,25,Under 35,M,5336,5647,10983,311,0.0582833583208395
2963,02155,46,45-49,M,5347,5636,10983,289,0.0540489994389377
13581,53150,27,Under 35,F,5512,5472,10984,-40,-0.0072568940493468
5113,85215,47,45-49,M,5130,5854,10984,724,0.141130604288499
6528,57110,39,35-39,M,5328,5656,10984,328,0.0615615615615615
3415,49534,44,40-44,M,5368,5616,10984,248,0.0461997019374068
4815,45242,50,50-54,M,5163,5822,10985,659,0.1276389695913228
6955,48160,46,45-49,F,5426,5559,10985,133,0.024511610762993
3320,45213,42,40-44,M,5410,5575,10985,165,0.0304990757855822
3990,63376,44,40-44,F,5265,5721,10986,456,0.0866096866096866
1645,49347,31,Under 35,M,4912,6075,10987,1163,0.2367671009771987
3550,80904,31,Under 35,M,5071,5918,10989,847,0.1670281995661605
3309,97212,28,Under 35,M,5537,5452,10989,-85,-0.0153512732526638
4745,60152,21,Under 35,M,5010,5980,10990,970,0.1936127744510978
2387,02141,33,Under 35,M,5081,5909,10990,828,0.1629600472347963
2990,19803,28,Under 35,M,5003,5988,10991,985,0.1968818708774735
2289,60657,26,Under 35,M,4929,6062,10991,1133,0.2298640697910326
4729,29607,32,Under 35,M,5203,5788,10991,585,0.1124351335767826
9278,27713,26,Under 35,F,5495,5497,10992,2,0.0003639672429481
4528,77007,38,35-39,M,5273,5720,10993,447,0.0847714773373791
2695,94709,27,Under 35,M,5144,5850,10994,706,0.1372472783825816
4440,45236,29,Under 35,M,5324,5670,10994,346,0.0649887302779864
6855,01907,39,35-39,M,5497,5498,10995,1,0.000181917409496
2633,06811,42,40-44,M,4941,6057,10998,1116,0.2258652094717668
5942,07724,26,Under 35,F,5274,5725,10999,451,0.0855138414865377
4588,01754,25,Under 35,M,5168,5832,11000,664,0.1284829721362229
3593,98144,29,Under 35,M,5211,5789,11000,578,0.1109192093648052
1949,43065,24,Under 35,M,5331,5670,11001,339,0.0635903207653348
6977,94530,40,40-44,M,5436,5566,11002,130,0.0239146431199411
5954,94925,44,40-44,F,5369,5634,11003,265,0.0493574222387781
4288,02129,41,40-44,M,5280,5724,11004,444,0.084090909090909
2109,10023,36,35-39,M,5174,5830,11004,656,0.1267877850792423
820,32967,30,Under 35,M,4756,6249,11005,1493,0.313919259882254
6186,08724,49,45-49,M,5261,5745,11006,484,0.0919977190648165
5965,37921,51,50-54,M,5270,5736,11006,466,0.0884250474383301
3504,03034,50,50-54,M,5139,5868,11007,729,0.1418563922942206
4233,99019,40,40-44,M,5287,5720,11007,433,0.0818989975411386
12475,10128,40,40-44,F,5490,5517,11007,27,0.0049180327868852
8470,86336,44,40-44,M,5373,5635,11008,262,0.0487623301693653
4328,07023,23,Under 35,M,5006,6002,11008,996,0.1989612465041949
6340,27704,30,Under 35,F,5120,5888,11008,768,0.15
8647,06355,43,40-44,M,5326,5682,11008,356,0.0668419076229816
4273,37206,28,Under 35,M,5091,5918,11009,827,0.1624435277941465
6290,60458,42,40-44,M,5470,5539,11009,69,0.0126142595978062
2983,07438,25,Under 35,M,4998,6011,11009,1013,0.2026810724289716
7674,78254,45,45-49,M,5147,5864,11011,717,0.139304449193705
4500,96734,43,40-44,M,5364,5648,11012,284,0.0529455630126771
7047,07675,44,40-44,M,5316,5696,11012,380,0.0714823175319789
5435,21044,42,40-44,M,5096,5916,11012,820,0.1609105180533752
3009,71106,36,35-39,M,5332,5680,11012,348,0.0652663165791447
5606,28409,41,40-44,F,5307,5705,11012,398,0.0749952892406256
6155,33145,40,40-44,M,5305,5707,11012,402,0.0757775683317624
1472,11353,35,35-39,M,4847,6166,11013,1319,0.272127088920982
6246,85281,43,40-44,M,5523,5491,11014,-32,-0.0057939525620133
1533,60639,41,40-44,M,5172,5842,11014,670,0.1295436968290796
2764,29072,41,40-44,M,5201,5813,11014,612,0.1176696789079023
6494,10034,51,50-54,M,5200,5814,11014,614,0.118076923076923
4737,75090,34,Under 35,M,5173,5842,11015,669,0.1293253431277788
2219,27701,34,Under 35,M,5264,5751,11015,487,0.092515197568389
6768,48103,41,40-44,M,5326,5689,11015,363,0.0681562147953436
10408,89703,43,40-44,F,5369,5646,11015,277,0.0515924753212888
11214,11105,29,Under 35,F,5498,5518,11016,20,0.0036376864314296
6925,11709,40,40-44,M,5399,5617,11016,218,0.0403778477495832
1540,44721,35,35-39,M,4858,6158,11016,1300,0.2675998353231782
8506,07079,31,Under 35,F,5391,5626,11017,235,0.0435911704693006
3975,43212,44,40-44,M,5223,5794,11017,571,0.109324143212713
901,45202,27,Under 35,M,4684,6333,11017,1649,0.3520495303159692
4234,80504,35,35-39,M,5102,5916,11018,814,0.1595452763622108
3017,27284,30,Under 35,M,5107,5911,11018,804,0.1574309770902682
6285,10605,39,35-39,M,5406,5612,11018,206,0.0381058083610802
1825,08530,27,Under 35,M,4920,6099,11019,1179,0.2396341463414634
9852,10128,24,Under 35,F,5326,5693,11019,367,0.0689072474652647
7566,90403,31,Under 35,F,5267,5753,11020,486,0.0922726409720903
3574,32223,45,45-49,M,5077,5944,11021,867,0.1707701398463659
6113,02048,48,45-49,M,5358,5664,11022,306,0.057110862262038
4720,80204,29,Under 35,M,5078,5944,11022,866,0.1705395825128003
9781,60301,41,40-44,M,5373,5650,11023,277,0.0515540666294435
8259,10003,44,40-44,M,5209,5814,11023,605,0.1161451334229218
10131,22903,50,50-54,M,5425,5598,11023,173,0.0318894009216589
3930,02125,28,Under 35,M,5149,5875,11024,726,0.140998252087784
1148,91745,34,Under 35,M,5176,5849,11025,673,0.1300231839258114
4785,01520,50,50-54,M,5290,5735,11025,445,0.0841209829867674
1740,02466,53,50-54,M,5403,5622,11025,219,0.0405330372015546
1381,08876,29,Under 35,M,5048,5977,11025,929,0.1840332805071315
4319,36526,37,35-39,M,5167,5859,11026,692,0.1339268434294561
2736,72745,26,Under 35,M,5111,5915,11026,804,0.1573077675601643
6918,21045,45,45-49,M,5281,5745,11026,464,0.0878621473205832
6582,55016,41,40-44,M,5076,5950,11026,874,0.1721828211189913
5230,77584,36,35-39,M,5058,5969,11027,911,0.1801107156979043
4583,55414,25,Under 35,M,5022,6006,11028,984,0.1959378733572282
1985,08203,23,Under 35,M,5293,5735,11028,442,0.0835065180426979
6180,44122,40,40-44,M,5455,5574,11029,119,0.0218148487626031
7525,10606,40,40-44,M,5272,5757,11029,485,0.0919954476479514
11373,80521,26,Under 35,F,5567,5462,11029,-105,-0.0188611460391593
8129,02451,55,55-59,M,5255,5775,11030,520,0.09895337773549
2920,60043,43,40-44,M,5345,5685,11030,340,0.0636108512628624
2168,06820,48,45-49,M,5279,5751,11030,472,0.0894108732714529
6823,22150,35,35-39,M,5366,5664,11030,298,0.0555348490495713
6937,84010,37,35-39,M,5393,5637,11030,244,0.0452438346004079
6021,30080,35,35-39,M,5270,5761,11031,491,0.0931688804554079
5834,11104,42,40-44,M,5289,5747,11036,458,0.0865948194365664
1830,84604,23,Under 35,M,5013,6023,11036,1010,0.2014761619788549
7122,75204,29,Under 35,F,5418,5619,11037,201,0.0370985603543743
3472,22180,20,Under 35,M,4960,6078,11038,1118,0.2254032258064516
3177,46260,26,Under 35,M,5165,5873,11038,708,0.1370764762826718
5510,02453,37,35-39,M,5275,5763,11038,488,0.0925118483412322
4560,84070,25,Under 35,M,5355,5683,11038,328,0.06125116713352
5169,60563,38,35-39,M,5059,5979,11038,920,0.1818541213678592
982,90266,49,45-49,M,5194,5845,11039,651,0.1253369272237196
4708,27614,24,Under 35,M,4926,6113,11039,1187,0.2409663012586277
1490,80211,31,Under 35,M,5131,5908,11039,777,0.1514324693042291
3161,46077,28,Under 35,M,5596,5444,11040,-152,-0.0271622587562544
9206,33556,49,45-49,M,5477,5563,11040,86,0.0157020266569289
11356,15108,54,50-54,M,5520,5520,11040,0,0.0
7832,60601,41,40-44,M,5414,5627,11041,213,0.0393424455116365
4662,48239,29,Under 35,F,5172,5870,11042,698,0.1349574632637277
4820,02492,35,35-39,M,5145,5897,11042,752,0.1461613216715257
1156,60610,31,Under 35,M,5189,5854,11043,665,0.1281557140104066
4797,97213,37,35-39,M,5264,5779,11043,515,0.0978343465045592
3195,98208,30,Under 35,M,4975,6069,11044,1094,0.2198994974874371
5761,10002,24,Under 35,F,5411,5633,11044,222,0.0410275364997227
2908,02141,24,Under 35,F,5411,5633,11044,222,0.0410275364997227
3474,02143,28,Under 35,F,5412,5632,11044,220,0.040650406504065
7415,20010,33,Under 35,M,5389,5656,11045,267,0.0495453701985526
8302,97220,47,45-49,M,5280,5766,11046,486,0.0920454545454545
5633,80503,40,40-44,F,5305,5741,11046,436,0.0821866163996229
4475,43537,28,Under 35,F,5156,5890,11046,734,0.1423584173778122
8309,32258,50,50-54,M,5317,5730,11047,413,0.0776753808538649
6371,93420,34,Under 35,F,5194,5853,11047,659,0.1268771659607239
3264,95118,32,Under 35,M,5114,5935,11049,821,0.1605396949550254
5811,14222,42,40-44,M,5285,5765,11050,480,0.0908230842005676
5509,60647,41,40-44,M,5274,5776,11050,502,0.0951839211224876
5975,80210,43,40-44,M,5264,5786,11050,522,0.0991641337386018
5492,60031,35,35-39,M,5256,5794,11050,538,0.102359208523592
2793,14612,27,Under 35,M,4998,6053,11051,1055,0.2110844337735094
9225,10014,32,Under 35,F,5507,5546,11053,39,0.0070818957690212
2531,02130,34,Under 35,F,5243,5810,11053,567,0.1081441922563418
5245,85716,46,45-49,M,5155,5898,11053,743,0.1441319107662463
3608,22443,33,Under 35,M,5354,5699,11053,345,0.0644378035113933
7382,48823,44,40-44,M,5377,5678,11055,301,0.0559791705411939
1140,02364,29,Under 35,M,4818,6238,11056,1420,0.294728102947281
3164,50010,44,40-44,M,5247,5809,11056,562,0.1071088240899561
1082,60614,32,Under 35,M,4877,6179,11056,1302,0.2669673979905679
6792,06107,38,35-39,M,5329,5727,11056,398,0.0746856821167198
1621,78702,27,Under 35,M,5208,5848,11056,640,0.1228878648233487
8943,94123,27,Under 35,F,5182,5874,11056,692,0.1335391740640679
5052,14830,29,Under 35,F,5114,5943,11057,829,0.1621040281579976
9292,92618,39,35-39,F,5395,5662,11057,267,0.0494902687673772
9421,61548,47,45-49,M,5514,5543,11057,29,0.005259339862169
9009,75070,38,35-39,F,5397,5660,11057,263,0.0487307763572355
4393,16001,35,35-39,M,5373,5687,11060,314,0.0584403498976363
7427,60025,48,45-49,M,5318,5743,11061,425,0.0799172621286197
6175,37216,51,50-54,M,5325,5737,11062,412,0.0773708920187793
9319,33178,51,50-54,M,5429,5633,11062,204,0.0375759808436176
8017,22308,46,45-49,M,5525,5538,11063,13,0.0023529411764705
3656,46037,36,35-39,M,5295,5768,11063,473,0.0893295561850802
751,01562,28,Under 35,M,5031,6032,11063,1001,0.1989664082687338
15361,95831,42,40-44,F,5455,5609,11064,154,0.028230980751604
7067,49009,52,50-54,M,5365,5699,11064,334,0.0622553588070829
6096,19454,44,40-44,M,5241,5823,11064,582,0.1110475100171723
12327,33908,24,Under 35,F,5618,5447,11065,-171,-0.030437878248487
3425,80130,50,50-54,M,5437,5629,11066,192,0.0353135920544417
3809,22201,25,Under 35,M,5027,6040,11067,1013,0.2015118360851402
5217,67205,55,55-59,M,5199,5868,11067,669,0.1286785920369302
4984,11217,36,35-39,M,5199,5869,11068,670,0.1288709367185997
641,45419,34,Under 35,M,5332,5737,11069,405,0.0759564891222805
7060,20010,43,40-44,M,5371,5698,11069,327,0.0608825172221187
7199,33486,40,40-44,M,5400,5669,11069,269,0.0498148148148148
5447,53188,39,35-39,M,5269,5800,11069,531,0.1007781362687417
29624,02360,29,Under 35,M,5376,5693,11069,317,0.0589657738095238
1906,06457,34,Under 35,M,5202,5869,11071,667,0.1282199154171472
2228,92173,46,45-49,M,5156,5915,11071,759,0.1472071373157486
2534,07450,39,35-39,M,5229,5842,11071,613,0.1172308280742015
4732,96814,42,40-44,M,5562,5509,11071,-53,-0.0095289464221503
10595,81623,32,Under 35,F,5460,5612,11072,152,0.0278388278388278
7051,02127,32,Under 35,M,5322,5750,11072,428,0.0804208944006012
4604,02093,31,Under 35,M,5102,5971,11073,869,0.1703253626029008
8069,15217,33,Under 35,F,5370,5704,11074,334,0.0621973929236499
4208,01950,47,45-49,M,5094,5980,11074,886,0.1739301138594425
5033,75002,51,50-54,M,5244,5831,11075,587,0.1119374523264683
7030,80023,46,45-49,M,5360,5716,11076,356,0.0664179104477612
8481,30306,40,40-44,M,5341,5736,11077,395,0.073956187979779
1507,45406,30,Under 35,M,4828,6249,11077,1421,0.294324772162386
5584,98125,35,35-39,M,5296,5781,11077,485,0.0915785498489425
11839,49442,50,50-54,M,5359,5718,11077,359,0.066990110095167
10214,94560,30,Under 35,F,5410,5669,11079,259,0.0478743068391866
834,08205,21,Under 35,M,5043,6037,11080,994,0.1971048978782471
1876,10996,19,Under 35,M,4963,6117,11080,1154,0.232520652830949
6956,02837,43,40-44,F,5490,5591,11081,101,0.0183970856102003
6992,03290,25,Under 35,M,5115,5966,11081,851,0.1663734115347018
6235,10028,35,35-39,M,5333,5749,11082,416,0.0780048753047065
6708,02445,31,Under 35,M,5309,5773,11082,464,0.0873987568280278
7012,18045,52,50-54,M,5398,5684,11082,286,0.0529825861430159
4483,46202,27,Under 35,M,5008,6075,11083,1067,0.2130591054313099
1670,68114,37,35-39,M,4989,6094,11083,1105,0.2214872719983964
5456,73012,51,50-54,M,5363,5720,11083,357,0.0665672198396419
3623,48854,20,Under 35,M,5140,5943,11083,803,0.1562256809338521
6114,01770,48,45-49,M,5536,5548,11084,12,0.0021676300578034
5500,94122,30,Under 35,M,5185,5899,11084,714,0.1377049180327869
3613,19103,30,Under 35,M,5360,5727,11087,367,0.0684701492537313
4746,92126,30,Under 35,M,5147,5940,11087,793,0.1540703322323683
6170,37067,38,35-39,M,5306,5782,11088,476,0.0897097625329815
6034,80211,38,35-39,M,5317,5772,11089,455,0.0855745721271393
1633,92705,23,Under 35,M,5009,6081,11090,1072,0.2140147734078658
1587,55376,20,Under 35,M,5000,6092,11092,1092,0.2184
6512,80424,36,35-39,M,5131,5961,11092,830,0.1617618397973104
2630,05403,58,55-59,M,5351,5741,11092,390,0.0728835731638946
4167,55406,25,Under 35,M,5125,5968,11093,843,0.1644878048780488
6730,23832,43,40-44,M,5481,5612,11093,131,0.023900748038679
8540,87110,41,40-44,M,5401,5693,11094,292,0.0540640622107017
2761,98105,24,Under 35,M,4925,6170,11095,1245,0.2527918781725888
7546,01451,62,60-64,M,5402,5693,11095,291,0.0538689374305812
4571,20136,43,40-44,M,5194,5901,11095,707,0.1361185983827493
15097,12204,26,Under 35,F,5517,5578,11095,61,0.0110567337321007
709,12204,27,Under 35,M,5517,5578,11095,61,0.0110567337321007
6336,28303,39,35-39,M,5446,5652,11098,206,0.0378259272860815
6605,46077,35,35-39,M,5492,5606,11098,114,0.0207574654042243
7231,07960,52,50-54,F,5352,5747,11099,395,0.0738041853512705
6009,02130,33,Under 35,F,5400,5700,11100,300,0.0555555555555555
6197,02145,42,40-44,M,5368,5732,11100,364,0.0678092399403874
4670,01028,34,Under 35,M,5192,5908,11100,716,0.137904468412943
6556,06762,35,35-39,F,5424,5677,11101,253,0.0466445427728613
5716,20008,41,40-44,M,5324,5778,11102,454,0.085274229902329
7107,80026,34,Under 35,F,5291,5813,11104,522,0.0986580986580986
9885,07030,24,Under 35,F,5394,5710,11104,316,0.0585836114200964
2334,97086,51,50-54,M,5307,5797,11104,490,0.0923308837384586
2713,07030,36,35-39,M,5197,5911,11108,714,0.1373869540119299
3601,56065,26,Under 35,M,4995,6114,11109,1119,0.224024024024024
3075,03894,24,Under 35,M,4861,6248,11109,1387,0.285332236165398
5365,06880,45,45-49,M,5366,5744,11110,378,0.0704435333581811
9208,12508,37,35-39,F,5503,5607,11110,104,0.0188987824822823
3904,77379,39,35-39,M,5198,5912,11110,714,0.1373605232781839
3153,55438,27,Under 35,M,4989,6121,11110,1132,0.2268991781920224
7090,27858,42,40-44,M,5518,5592,11110,74,0.0134106560347952
5713,90292,44,40-44,F,5507,5603,11110,96,0.0174323588160522
511,90291,26,Under 35,M,4409,6702,11111,2293,0.5200725788160581
9722,01876,37,35-39,F,5308,5804,11112,496,0.0934438583270535
5340,60187,36,35-39,F,5451,5661,11112,210,0.0385250412768299
12021,94960,48,45-49,M,5216,5896,11112,680,0.1303680981595092
4206,02114,33,Under 35,M,5369,5744,11113,375,0.0698454088284596
8030,02445,37,35-39,F,5278,5836,11114,558,0.105721864342554
2449,77055,39,35-39,M,5603,5511,11114,-92,-0.0164197751204711
6244,02351,60,60-64,M,5432,5683,11115,251,0.0462076583210603
3039,45238,27,Under 35,M,5188,5927,11115,739,0.142444101773323
12437,91387,58,55-59,M,5294,5822,11116,528,0.0997355496788817
9204,05301,54,50-54,M,5542,5574,11116,32,0.0057740887766149
2198,97913,37,35-39,M,5164,5952,11116,788,0.1525948876839659
6680,60607,46,45-49,M,5270,5846,11116,576,0.1092979127134724
3187,94303,37,35-39,M,5063,6054,11117,991,0.1957337546908947
2608,46410,39,35-39,M,5125,5993,11118,868,0.1693658536585366
7198,01432,43,40-44,M,5507,5611,11118,104,0.0188850553840566
11570,03110,24,Under 35,F,5648,5470,11118,-178,-0.0315155807365439
7827,21755,42,40-44,M,5428,5690,11118,262,0.0482682387619749
5372,46208,41,40-44,M,5389,5730,11119,341,0.0632770458341065
1689,37206,32,Under 35,M,4822,6297,11119,1475,0.3058896723351306
7144,02140,50,50-54,M,5300,5820,11120,520,0.0981132075471698
1713,10463,43,40-44,M,5386,5735,11121,349,0.064797623468251
14773,92024,28,Under 35,F,5389,5732,11121,343,0.063648172202635
4425,85745,54,50-54,M,5181,5941,11122,760,0.1466898282184906
3097,49221,23,Under 35,M,5035,6087,11122,1052,0.2089374379344588
3460,48176,23,Under 35,M,5231,5891,11122,660,0.1261709042248136
5753,10022,35,35-39,M,5475,5647,11122,172,0.0314155251141552
16208,94089,33,Under 35,F,5575,5548,11123,-27,-0.0048430493273542
3186,50548,37,35-39,M,5336,5788,11124,452,0.0847076461769115
7131,15228,45,45-49,M,5235,5889,11124,654,0.1249283667621776
5745,89521,50,50-54,M,5355,5770,11125,415,0.0774976657329598
9184,20882,46,45-49,M,5479,5646,11125,167,0.0304800146012046
5831,94010,37,35-39,M,5397,5728,11125,331,0.0613303687233648
10198,80218,29,Under 35,F,5527,5599,11126,72,0.0130269585670345
6093,90505,35,35-39,M,5357,5769,11126,412,0.0769087175658017
7538,02356,42,40-44,M,5307,5819,11126,512,0.0964763519879404
4651,89166,41,40-44,M,5275,5851,11126,576,0.1091943127962085
1099,84095,39,35-39,M,5006,6120,11126,1114,0.222532960447463
2536,46077,40,40-44,M,5183,5944,11127,761,0.1468261624541771
5363,60622,37,35-39,M,5311,5817,11128,506,0.09527395970627
1281,66216,36,35-39,M,4649,6479,11128,1830,0.3936330393633039
7423,02135,26,Under 35,F,5363,5765,11128,402,0.0749580458698489
7404,17813,44,40-44,M,5285,5843,11128,558,0.1055818353831598
8265,02139,42,40-44,M,5389,5739,11128,350,0.0649471144924846
8317,48067,47,45-49,M,5409,5719,11128,310,0.0573118875947494
10881,10012,32,Under 35,F,5415,5713,11128,298,0.0550323176361957
5412,94941,38,35-39,M,5157,5971,11128,814,0.1578437075819274
7576,53705,45,45-49,M,5426,5703,11129,277,0.0510504976041282
5927,34685,47,45-49,M,5393,5736,11129,343,0.0636009642128685
2002,30606,26,Under 35,M,5024,6106,11130,1082,0.2153662420382165
10117,28209,27,Under 35,F,5163,5967,11130,804,0.1557234166182452
3876,10065,36,35-39,M,5164,5966,11130,802,0.1553059643687064
4028,02043,20,Under 35,M,4963,6168,11131,1205,0.2427966955470481
3733,89138,48,45-49,M,5376,5756,11132,380,0.0706845238095238
2641,08225,62,60-64,M,5014,6120,11134,1106,0.2205823693657758
1822,02139,27,Under 35,F,5140,5995,11135,855,0.1663424124513618
4845,02128,27,Under 35,F,5300,5835,11135,535,0.1009433962264151
5388,97229,44,40-44,F,5295,5841,11136,546,0.1031161473087818
3889,45247,36,35-39,M,5343,5793,11136,450,0.0842223469960696
4312,11238,35,35-39,M,5515,5621,11136,106,0.0192203082502266
8277,92128,30,Under 35,F,5512,5624,11136,112,0.0203193033381712
2255,92127,43,40-44,M,5135,6001,11136,866,0.1686465433300876
2264,49301,49,45-49,M,5405,5732,11137,327,0.0604995374653099
6005,10128,36,35-39,M,5321,5816,11137,495,0.0930276263860176
8179,53588,44,40-44,M,5406,5731,11137,325,0.0601183869774324
2398,02038,37,35-39,M,5486,5652,11138,166,0.0302588406853809
6873,04102,35,35-39,M,5486,5652,11138,166,0.0302588406853809
6818,15057,43,40-44,M,5422,5717,11139,295,0.0544079675396532
3829,32534,29,Under 35,M,5079,6061,11140,982,0.1933451466824178
6974,33606,49,45-49,M,5188,5953,11141,765,0.14745566692367
6521,84651,25,Under 35,F,5432,5709,11141,277,0.0509941089837997
6209,49301,43,40-44,M,5342,5799,11141,457,0.0855484837139648
7301,10128,51,50-54,M,5444,5698,11142,254,0.0466568699485672
4960,94401,37,35-39,M,5027,6115,11142,1088,0.2164312711358663
8171,94502,35,35-39,F,5386,5756,11142,370,0.0686966208689194
8509,48104,40,40-44,F,5390,5753,11143,363,0.0673469387755102
8364,02478,50,50-54,M,5254,5890,11144,636,0.1210506280928816
13058,94530,30,Under 35,F,5356,5788,11144,432,0.0806572068707991
6474,73170,47,45-49,M,5389,5755,11144,366,0.0679161254407125
3310,92116,47,45-49,M,4987,6158,11145,1171,0.2348105073190294
13081,47150,32,Under 35,F,5525,5620,11145,95,0.0171945701357466
7176,49770,41,40-44,M,5378,5768,11146,390,0.0725176645593157
8001,46202,26,Under 35,F,5265,5881,11146,616,0.1169990503323836
2725,94041,29,Under 35,M,5278,5868,11146,590,0.1117847669571807
1393,18643,29,Under 35,M,4847,6299,11146,1452,0.2995667423148339
861,02134,30,Under 35,M,4537,6611,11148,2074,0.4571302622878554
9358,84115,28,Under 35,F,5192,5956,11148,764,0.1471494607087827
6417,02446,25,Under 35,F,5617,5531,11148,-86,-0.0153106640555456
8561,85032,34,Under 35,F,5314,5835,11149,521,0.0980429055325555
2604,81632,26,Under 35,M,4955,6194,11149,1239,0.250050454086781
3155,27516,46,45-49,M,5191,5958,11149,767,0.147755731073011
6569,32803,46,45-49,M,5373,5776,11149,403,0.0750046528941001
4323,48603,25,Under 35,M,5177,5972,11149,795,0.1535638400618118
4098,64015,28,Under 35,F,5216,5933,11149,717,0.1374616564417178
8016,34638,49,45-49,M,5163,5986,11149,823,0.1594034476079798
13880,02169,53,50-54,M,5402,5748,11150,346,0.0640503517215846
6760,03842,29,Under 35,F,5387,5763,11150,376,0.0697976610358269
10566,27284,28,Under 35,F,5396,5754,11150,358,0.0663454410674573
2820,39564,35,35-39,M,4954,6197,11151,1243,0.2509083568833266
5780,45213,41,40-44,M,5212,5940,11152,728,0.1396776669224865
3763,20601,32,Under 35,M,5103,6050,11153,947,0.1855771115030374
6602,01921,41,40-44,M,5168,5985,11153,817,0.1580882352941176
7025,21140,36,35-39,M,5390,5763,11153,373,0.0692022263450834
9669,10009,34,Under 35,F,5495,5658,11153,163,0.0296633303002729
11554,49534,31,Under 35,F,5584,5570,11154,-14,-0.0025071633237822
8686,60025,42,40-44,M,5314,5841,11155,527,0.0991719984945427
9182,11201,28,Under 35,F,5546,5609,11155,63,0.0113595384060584
3172,92880,31,Under 35,M,4883,6273,11156,1390,0.2846610690149498
9275,20016,47,45-49,M,5385,5771,11156,386,0.0716805942432683
1951,27614,57,55-59,M,5621,5535,11156,-86,-0.0152997687244262
7466,92127,43,40-44,M,5411,5745,11156,334,0.0617261134725559
1646,94536,28,Under 35,M,5578,5578,11156,0,0.0
8114,49428,43,40-44,M,5127,6030,11157,903,0.1761263897015798
10832,47906,20,Under 35,F,5316,5841,11157,525,0.0987584650112866
9311,30092,21,Under 35,F,5054,6104,11158,1050,0.2077562326869806
487,80027,31,Under 35,M,4859,6300,11159,1441,0.296563078822803
9120,44120,52,50-54,M,5546,5613,11159,67,0.0120807789397764
2944,52302,50,50-54,M,5143,6016,11159,873,0.1697452848531985
9597,02127,45,45-49,M,5610,5549,11159,-61,-0.0108734402852049
3254,63146,35,35-39,M,5181,5979,11160,798,0.1540243196294151
2701,60601,51,50-54,M,5346,5815,11161,469,0.0877291432846988
6432,97405,35,35-39,M,5218,5943,11161,725,0.1389421234189344
4594,01921,35,35-39,M,5135,6027,11162,892,0.1737098344693281
4978,14223,36,35-39,M,5300,5862,11162,562,0.1060377358490566
8185,37919,41,40-44,F,5352,5811,11163,459,0.085762331838565
4376,27020,51,50-54,M,5346,5817,11163,471,0.0881032547699214
8716,02127,34,Under 35,F,5396,5767,11163,371,0.068754633061527
2044,91377,38,35-39,M,4924,6239,11163,1315,0.267059301380991
5288,78230,31,Under 35,F,5535,5628,11163,93,0.0168021680216802
3846,07016,42,40-44,M,5127,6037,11164,910,0.1774917105519797
5587,80841,23,Under 35,M,4946,6219,11165,1273,0.2573797007682976
9840,93722,45,45-49,M,5414,5751,11165,337,0.0622460288141854
2737,54720,24,Under 35,M,5085,6081,11166,996,0.1958702064896755
1465,77008,35,35-39,M,5079,6088,11167,1009,0.1986611537704272
7652,66618,40,40-44,M,5346,5822,11168,476,0.0890385334829779
8036,49004,33,Under 35,F,5231,5937,11168,706,0.1349646339132097
4969,94044,37,35-39,M,5318,5851,11169,533,0.1002256487401278
5077,27518,59,55-59,M,5264,5906,11170,642,0.1219604863221884
13316,94108,27,Under 35,F,5413,5758,11171,345,0.063735451690375
6816,03281,46,45-49,M,4895,6276,11171,1381,0.2821246169560776
9536,73106,45,45-49,M,5432,5739,11171,307,0.0565169366715758
13038,77025,36,35-39,F,5617,5557,11174,-60,-0.0106818586434039
11118,10025,25,Under 35,F,5564,5610,11174,46,0.0082674335010783
1707,22046,28,Under 35,M,5008,6167,11175,1159,0.2314297124600638
8178,33180,40,40-44,M,5542,5633,11175,91,0.0164200649584987
5129,60642,39,35-39,M,5283,5892,11175,609,0.1152754116978989
6164,90035,41,40-44,M,5453,5723,11176,270,0.0495140289748762
6941,19130,37,35-39,F,5438,5738,11176,300,0.0551673409341669
5164,43016,48,45-49,M,5241,5935,11176,694,0.1324174775806144
7371,37412,30,Under 35,F,5414,5763,11177,349,0.0644625046176579
2419,02144,39,35-39,M,5167,6010,11177,843,0.1631507644668086
4298,11373,54,50-54,M,5434,5743,11177,309,0.0568641884431358
6401,98022,37,35-39,M,5400,5777,11177,377,0.0698148148148148
9028,32750,52,50-54,M,5361,5818,11179,457,0.085245290057825
3466,11106,52,50-54,M,5296,5883,11179,587,0.1108383685800604
9739,22066,26,Under 35,F,5631,5548,11179,-83,-0.0147398330669508
972,37920,27,Under 35,M,4946,6234,11180,1288,0.2604124545086939
4902,80210,35,35-39,M,5315,5866,11181,551,0.1036688617121354
6294,80210,33,Under 35,F,5323,5858,11181,535,0.1005072327634792
5515,55407,43,40-44,M,5339,5843,11182,504,0.0943997003184116
11692,41071,31,Under 35,F,5521,5661,11182,140,0.0253577250498098
3834,11225,41,40-44,M,5399,5784,11183,385,0.0713095017595851
6519,94618,36,35-39,M,5401,5782,11183,381,0.0705424921310868
10170,80301,23,Under 35,F,5402,5781,11183,379,0.0701592002961866
3042,44256,37,35-39,F,5507,5676,11183,169,0.030688214999092
12859,27713,28,Under 35,F,5420,5763,11183,343,0.0632841328413284
3382,39705,26,Under 35,M,5101,6082,11183,981,0.1923152323073907
9581,68048,59,55-59,M,5442,5742,11184,300,0.0551267916207276
2603,02143,29,Under 35,M,5535,5649,11184,114,0.0205962059620596
8510,70810,39,35-39,F,5376,5809,11185,433,0.0805431547619047
4874,26104,51,50-54,M,5200,5986,11186,786,0.1511538461538461
6207,14853,40,40-44,M,5421,5766,11187,345,0.0636413945766463
7111,15317,40,40-44,M,5301,5886,11187,585,0.1103565365025466
3399,60526,38,35-39,M,5106,6081,11187,975,0.190951821386604
1359,01907,37,35-39,M,5369,5819,11188,450,0.0838144905941516
7560,94025,47,45-49,M,5419,5771,11190,352,0.0649566340653257
2407,47348,22,Under 35,M,5071,6119,11190,1048,0.2066653520015776
4523,80301,30,Under 35,F,5351,5840,11191,489,0.0913847878901139
4164,20194,33,Under 35,M,5277,5914,11191,637,0.1207125260564714
5043,63112,25,Under 35,F,5323,5869,11192,546,0.1025737366146909
5494,80026,43,40-44,F,5265,5929,11194,664,0.1261158594491928
8236,45238,52,50-54,M,5139,6055,11194,916,0.1782447947071414
7341,02210,48,45-49,M,5393,5803,11196,410,0.0760244761728166
3863,04107,21,Under 35,F,5328,5869,11197,541,0.101539039039039
5190,77003,40,40-44,M,5368,5831,11199,463,0.0862518628912071
8456,80302,43,40-44,M,5477,5722,11199,245,0.0447325178017162
5402,15522,49,45-49,M,5187,6012,11199,825,0.1590514748409485
11571,33127,26,Under 35,F,5402,5798,11200,396,0.0733061828952239
699,19341,41,40-44,M,5383,5817,11200,434,0.0806241872561768
672,84042,24,Under 35,M,5037,6163,11200,1126,0.2235457613658924
8018,95136,46,45-49,M,5427,5773,11200,346,0.0637552975861433
7253,92110,43,40-44,M,5553,5648,11201,95,0.0171078696200252
9982,11561,42,40-44,F,5491,5711,11202,220,0.0400655618284465
14902,05255,20,Under 35,F,5293,5909,11202,616,0.1163801246929907
6201,19129,35,35-39,M,5337,5865,11202,528,0.0989319842608206
6145,55420,43,40-44,M,5346,5857,11203,511,0.0955854844743733
5845,20036,25,Under 35,F,5266,5938,11204,672,0.1276110900113938
7323,37421,47,45-49,M,5407,5798,11205,391,0.0723136674680969
4216,07030,29,Under 35,M,4901,6304,11205,1403,0.2862681085492756
28309,02145,28,Under 35,M,5505,5700,11205,195,0.0354223433242506
10472,97034,38,35-39,F,5443,5763,11206,320,0.0587911078449384
10632,94707,28,Under 35,F,5345,5861,11206,516,0.0965388213283442
6989,57108,46,45-49,M,5119,6088,11207,969,0.1892947841375268
5620,55906,44,40-44,M,5465,5742,11207,277,0.0506861848124428
5305,85142,35,35-39,M,5484,5723,11207,239,0.0435813274981765
6004,11217,42,40-44,M,5251,5957,11208,706,0.1344505808417444
6434,40207,42,40-44,F,5369,5840,11209,471,0.0877258334885453
4512,06111,32,Under 35,M,4896,6313,11209,1417,0.2894199346405229
3794,40245,51,50-54,M,5370,5839,11209,469,0.0873370577281191
6673,85018,38,35-39,M,5432,5777,11209,345,0.0635125184094256
356,01890,42,40-44,M,4591,6619,11210,2028,0.4417338270529296
7517,49201,29,Under 35,F,5270,5940,11210,670,0.127134724857685
6982,41011,40,40-44,F,5378,5832,11210,454,0.084417999256229
2964,07030,38,35-39,M,5057,6154,11211,1097,0.2169270318370575
1158,60189,30,Under 35,M,5189,6023,11212,834,0.1607246097513971
5035,10039,47,45-49,M,5268,5944,11212,676,0.1283219438116932
3642,94024,40,40-44,M,5264,5948,11212,684,0.1299392097264437
6773,11215,38,35-39,M,5191,6021,11212,830,0.1598921209786168
7141,91773,55,55-59,M,5541,5672,11213,131,0.0236419418877458
6828,48095,25,Under 35,F,5467,5746,11213,279,0.0510334735686848
4260,94022,40,40-44,M,5287,5927,11214,640,0.121051636088519
3910,46202,30,Under 35,M,4978,6236,11214,1258,0.2527119325030132
3658,98115,26,Under 35,M,5396,5819,11215,423,0.0783914010378057
1095,06032,31,Under 35,M,5075,6141,11216,1066,0.2100492610837438
1214,06109,37,35-39,M,4965,6251,11216,1286,0.2590130916414904
5809,46360,46,45-49,M,5450,5767,11217,317,0.0581651376146789
12615,10001,26,Under 35,F,5486,5732,11218,246,0.0448414145096609
3332,98007,35,35-39,M,5259,5959,11218,700,0.133105153070926
9554,75206,45,45-49,M,5445,5773,11218,328,0.060238751147842
1653,02135,23,Under 35,M,5004,6215,11219,1211,0.2420063948840927
7183,73151,40,40-44,M,5426,5794,11220,368,0.0678215997051234
6042,95632,45,45-49,M,5470,5751,11221,281,0.0513711151736745
3146,81052,28,Under 35,M,4559,6663,11222,2104,0.4615047159464795
8223,53716,37,35-39,F,5523,5700,11223,177,0.0320478001086366
6222,21212,39,35-39,M,5235,5988,11223,753,0.1438395415472779
3825,92831,38,35-39,M,5098,6125,11223,1027,0.2014515496273048
8372,01464,40,40-44,M,5337,5886,11223,549,0.102866779089376
6184,08094,51,50-54,M,5537,5686,11223,149,0.0269098789958461
8104,27516,27,Under 35,F,5621,5603,11224,-18,-0.0032022771748799
6774,54915,35,35-39,M,5416,5809,11225,393,0.0725627769571639
4283,13090,28,Under 35,M,5130,6095,11225,965,0.1881091617933723
5188,20009,36,35-39,M,5094,6131,11225,1037,0.2035728307813113
7035,60659,42,40-44,M,5599,5626,11225,27,0.0048222896945883
2740,98107,40,40-44,M,5254,5972,11226,718,0.1366577845451085
3216,02445,48,45-49,M,5495,5731,11226,236,0.0429481346678798
12883,17402,55,55-59,M,5439,5787,11226,348,0.0639823496966354
7600,02145,47,45-49,M,5388,5838,11226,450,0.0835189309576837
2438,60615,32,Under 35,M,4745,6482,11227,1737,0.3660695468914647
8217,01503,40,40-44,M,5310,5917,11227,607,0.1143126177024482
10285,33458,39,35-39,F,5585,5643,11228,58,0.0103849597135183
12543,97401,25,Under 35,F,5441,5788,11229,347,0.0637750413526925
8457,60035,27,Under 35,F,5314,5915,11229,601,0.1130974783590515
3465,94114,29,Under 35,M,5063,6166,11229,1103,0.2178550266640331
2275,54411,29,Under 35,M,5020,6210,11230,1190,0.2370517928286852
7288,10455,40,40-44,M,5372,5858,11230,486,0.0904690990320178
10308,27519,51,50-54,M,5677,5554,11231,-123,-0.0216663730843755
10288,55413,29,Under 35,F,5623,5608,11231,-15,-0.002667615152054
6796,60607,43,40-44,M,5518,5713,11231,195,0.0353388909025009
4864,07871,53,50-54,M,5394,5838,11232,444,0.082313681868743
10360,01887,45,45-49,M,5650,5582,11232,-68,-0.0120353982300884
9611,60622,30,Under 35,F,5594,5638,11232,44,0.0078655702538434
7457,02139,49,45-49,M,5277,5956,11233,679,0.1286715937085465
9212,28806,33,Under 35,F,5348,5885,11233,537,0.100411368735976
12343,80223,23,Under 35,F,5609,5624,11233,15,0.0026742734890354
3261,37804,24,Under 35,M,4787,6446,11233,1659,0.346563609776478
10074,94123,26,Under 35,F,5500,5734,11234,234,0.0425454545454545
5736,07719,42,40-44,M,5328,5906,11234,578,0.1084834834834834
4091,02130,34,Under 35,M,5253,5982,11235,729,0.1387778412335808
6366,97210,32,Under 35,M,5427,5809,11236,382,0.0703887967569559
8938,03044,45,45-49,M,5429,5808,11237,379,0.0698102781359366
3660,77345,33,Under 35,M,5160,6077,11237,917,0.1777131782945736
2499,75964,45,45-49,M,4923,6315,11238,1392,0.2827544180377818
8735,85716,42,40-44,M,5414,5824,11238,410,0.0757295899519763
4476,75082,47,45-49,M,5341,5898,11239,557,0.1042875865942707
11778,37934,47,45-49,M,5614,5625,11239,11,0.0019593872461702
5240,11201,42,40-44,M,5388,5852,11240,464,0.0861172976985894
8339,60614,29,Under 35,F,5324,5916,11240,592,0.1111945905334335
5117,02141,24,Under 35,F,5311,5929,11240,618,0.1163622669930333
3726,45243,30,Under 35,F,5414,5827,11241,413,0.0762837089028444
3129,27707,34,Under 35,M,4988,6254,11242,1266,0.2538091419406575
4974,90720,41,40-44,M,5197,6045,11242,848,0.163171060227054
7308,04681,45,45-49,M,5264,5979,11243,715,0.1358282674772036
2427,77573,43,40-44,M,5179,6064,11243,885,0.1708824097316084
12387,02492,26,Under 35,F,5621,5622,11243,1,0.0001779042874933
9944,14454,51,50-54,M,5620,5623,11243,3,0.0005338078291814
6471,98074,51,50-54,M,5366,5878,11244,512,0.0954155795751025
5979,48108,41,40-44,M,5820,5424,11244,-396,-0.068041237113402
13053,08225,35,35-39,F,5434,5810,11244,376,0.069193963930806
4622,02144,30,Under 35,M,5203,6042,11245,839,0.1612531231981549
3518,07009,24,Under 35,M,5010,6235,11245,1225,0.2445109780439121
10173,01075,48,45-49,M,5356,5889,11245,533,0.0995145631067961
4943,90292,41,40-44,M,5294,5951,11245,657,0.124102757839063
5841,98125,37,35-39,M,5345,5901,11246,556,0.104022450888681
5310,77494,45,45-49,M,5578,5668,11246,90,0.0161348153460021
12295,36830,35,35-39,F,5246,6002,11248,756,0.1441097979412886
3488,06333,30,Under 35,F,5191,6058,11249,867,0.1670198420342901
2291,48640,25,Under 35,M,5514,5735,11249,221,0.0400797968806673
6136,85006,42,40-44,M,5214,6036,11250,822,0.1576524741081703
4414,19454,21,Under 35,M,5116,6134,11250,1018,0.1989835809225957
7216,46544,31,Under 35,F,5523,5727,11250,204,0.0369364475828354
5162,02453,29,Under 35,F,5418,5833,11251,415,0.0765965300849021
3246,03045,33,Under 35,M,5033,6218,11251,1185,0.2354460560302006
4704,98075,46,45-49,M,5312,5940,11252,628,0.118222891566265
5193,28715,32,Under 35,F,5210,6042,11252,832,0.1596928982725527
9902,80210,24,Under 35,F,5459,5793,11252,334,0.0611833669170177
2100,84653,55,55-59,M,5026,6227,11253,1201,0.2389574214086749
6968,26554,35,35-39,M,5422,5833,11255,411,0.0758022869789745
7843,10023,50,50-54,M,5493,5762,11255,269,0.0489714181685781
5588,27603,29,Under 35,F,5348,5908,11256,560,0.1047120418848167
7207,38119,55,55-59,M,5400,5856,11256,456,0.0844444444444444
3933,21117,40,40-44,M,5343,5914,11257,571,0.1068688002994572
4564,12065,35,35-39,M,5202,6056,11258,854,0.1641676278354479
7542,22205,46,45-49,M,5263,5996,11259,733,0.1392741782253467
5937,97756,33,Under 35,M,5288,5971,11259,683,0.129160363086233
8349,26104,42,40-44,M,5477,5782,11259,305,0.0556874201205039
964,01451,35,35-39,M,5080,6181,11261,1101,0.2167322834645669
6328,80205,32,Under 35,F,5405,5857,11262,452,0.0836262719703977
9836,95301,48,45-49,M,5435,5828,11263,393,0.0723091076356945
4129,10016,36,35-39,M,5081,6183,11264,1102,0.2168864396772289
9703,77586,35,35-39,F,5483,5782,11265,299,0.0545321904067116
2732,49418,36,35-39,M,5399,5866,11265,467,0.0864974995369512
8577,03049,41,40-44,M,5208,6057,11265,849,0.1630184331797235
11239,08094,45,45-49,M,5542,5724,11266,182,0.0328401299169974
9367,17603,29,Under 35,F,5294,5972,11266,678,0.1280695126558368
5865,21045,28,Under 35,F,5533,5733,11266,200,0.0361467558286643
3371,28163,38,35-39,M,5199,6069,11268,870,0.1673398730525101
6023,93449,52,50-54,M,5391,5877,11268,486,0.0901502504173622
12947,15229,26,Under 35,F,5581,5688,11269,107,0.0191721913635549
9652,56301,53,50-54,M,5526,5745,11271,219,0.0396308360477741
3529,93446,37,35-39,M,5365,5907,11272,542,0.1010251630941286
9627,53563,47,45-49,M,5334,5939,11273,605,0.1134233220847394
23774,02116,33,Under 35,F,5672,5602,11274,-70,-0.0123413258110014
8564,47714,43,40-44,M,5205,6070,11275,865,0.1661863592699327
3416,80921,44,40-44,M,5308,5967,11275,659,0.1241522230595327
3610,92108,41,40-44,M,5309,5967,11276,658,0.1239404784328498
5788,10005,39,35-39,M,5320,5956,11276,636,0.1195488721804511
5121,94108,36,35-39,M,5325,5951,11276,626,0.1175586854460093
14037,59106,26,Under 35,F,5505,5771,11276,266,0.0483197093551317
3544,37203,30,Under 35,M,5220,6058,11278,838,0.1605363984674329
4533,64114,40,40-44,M,5156,6122,11278,966,0.1873545384018619
4472,60048,46,45-49,M,5183,6095,11278,912,0.1759598688018522
10022,85083,53,50-54,M,5226,6053,11279,827,0.1582472254114045
8308,12065,58,55-59,M,5402,5877,11279,475,0.0879303961495742
3253,60514,23,Under 35,M,5159,6121,11280,962,0.1864702461717387
5091,12309,36,35-39,M,5308,5972,11280,664,0.1250941974378296
8529,19086,45,45-49,M,5249,6031,11280,782,0.1489807582396647
1843,95864,23,Under 35,M,4981,6300,11281,1319,0.2648062638024493
3295,10014,27,Under 35,M,5120,6161,11281,1041,0.2033203125
13455,48820,37,35-39,F,5562,5720,11282,158,0.0284070478245235
5389,53204,53,50-54,M,5429,5853,11282,424,0.0780990974396758
2355,55408,30,Under 35,M,5514,5769,11283,255,0.0462459194776931
5480,90031,39,35-39,M,5392,5891,11283,499,0.0925445103857566
12803,98277,40,40-44,F,5482,5802,11284,320,0.0583728566216709
8607,84108,36,35-39,F,5363,5922,11285,559,0.1042327055752377
4833,75217,26,Under 35,M,5323,5962,11285,639,0.1200450873567537
3192,84045,39,35-39,M,4898,6387,11285,1489,0.3040016333197223
11198,72143,48,45-49,M,5758,5528,11286,-230,-0.0399444251476207
4004,93274,29,Under 35,M,5177,6110,11287,933,0.1802202047517867
4977,37064,35,35-39,M,5480,5807,11287,327,0.0596715328467153
3455,75103,42,40-44,M,5209,6078,11287,869,0.1668266461892877
3729,92126,30,Under 35,M,5478,5809,11287,331,0.0604235122307411
9483,43204,29,Under 35,F,5520,5767,11287,247,0.0447463768115942
1877,02472,31,Under 35,M,4794,6494,11288,1700,0.3546099290780142
3372,19104,32,Under 35,M,5338,5950,11288,612,0.1146496815286624
5060,94133,25,Under 35,F,5283,6005,11288,722,0.1366647738027636
6010,75082,54,50-54,M,5268,6021,11289,753,0.1429384965831435
1975,02136,34,Under 35,M,5159,6131,11290,972,0.188408606319054
13101,96818,51,50-54,M,5488,5802,11290,314,0.0572157434402332
28579,11201,44,40-44,M,5231,6060,11291,829,0.158478302427834
27909,02130,35,35-39,F,5601,5690,11291,89,0.0158900196393501
6122,75104,35,35-39,M,5196,6096,11292,900,0.1732101616628175
6860,95008,44,40-44,M,5450,5842,11292,392,0.0719266055045871
8181,98040,54,50-54,F,5528,5764,11292,236,0.0426917510853835
9567,66047,34,Under 35,F,5521,5772,11293,251,0.045462778482159
9538,08401,45,45-49,M,5547,5746,11293,199,0.0358752478817378
749,33436,39,35-39,M,4714,6579,11293,1865,0.3956300381841324
9172,46280,40,40-44,F,5481,5814,11295,333,0.0607553366174055
589,44612,25,Under 35,M,5009,6286,11295,1277,0.2549411060091834
2261,10044,37,35-39,M,5372,5924,11296,552,0.1027550260610573
9081,92592,47,45-49,M,5302,5994,11296,692,0.1305167861184458
7071,77008,35,35-39,M,5472,5825,11297,353,0.0645102339181286
8622,10514,42,40-44,M,5384,5913,11297,529,0.0982540861812778
6674,60118,37,35-39,M,5465,5833,11298,368,0.0673376029277218
4759,02143,26,Under 35,M,5139,6159,11298,1020,0.198482194979568
4667,08012,27,Under 35,M,4614,6685,11299,2071,0.4488513220632856
5351,94903,37,35-39,M,5123,6176,11299,1053,0.2055436267811829
4253,14850,29,Under 35,M,5090,6210,11300,1120,0.2200392927308448
6112,06840,47,45-49,M,5353,5947,11300,594,0.1109658135624883
3203,19803,33,Under 35,M,5119,6182,11301,1063,0.2076577456534479
7264,80027,43,40-44,M,5445,5856,11301,411,0.0754820936639118
6667,65101,24,Under 35,F,5357,5944,11301,587,0.1095762553668097
5268,57078,24,Under 35,F,5303,5999,11302,696,0.1312464642655101
7435,28216,42,40-44,M,5439,5864,11303,425,0.0781393638536495
4247,46220,40,40-44,M,5087,6216,11303,1129,0.2219382740318458
12980,06107,22,Under 35,F,5541,5763,11304,222,0.0400649702219815
5264,55102,42,40-44,M,5192,6112,11304,920,0.1771956856702619
8683,98103,23,Under 35,F,5476,5828,11304,352,0.0642804967129291
10181,12946,31,Under 35,F,5422,5883,11305,461,0.0850239763924751
2027,44118,28,Under 35,M,5120,6185,11305,1065,0.2080078125
4226,03077,37,35-39,M,5116,6189,11305,1073,0.2097341673182173
11762,80301,31,Under 35,F,5521,5786,11307,265,0.04799855098714
5733,01501,48,45-49,M,5302,6005,11307,703,0.1325914749151263
5908,49224,41,40-44,M,5247,6060,11307,813,0.15494568324757
3419,59758,25,Under 35,F,5061,6247,11308,1186,0.2343410393202924
5996,41075,21,Under 35,M,5272,6036,11308,764,0.1449165402124431
5840,98106,42,40-44,M,5473,5835,11308,362,0.066142883245021
6722,21044,30,Under 35,F,5203,6106,11309,903,0.1735537190082644
4165,77047,28,Under 35,M,5321,5988,11309,667,0.1253523773726743
4767,53154,40,40-44,M,5355,5955,11310,600,0.1120448179271708
11776,19446,49,45-49,M,5449,5861,11310,412,0.0756102037071022
6307,60563,53,50-54,M,5477,5833,11310,356,0.0649990870914734
7134,37411,38,35-39,M,5488,5823,11311,335,0.0610422740524781
5120,94568,40,40-44,M,5569,5742,11311,173,0.0310648231280301
4748,02857,24,Under 35,M,5037,6275,11312,1238,0.2457812189795513
6391,27608,43,40-44,M,5377,5936,11313,559,0.1039613167193602
3570,02144,24,Under 35,M,5099,6214,11313,1115,0.218670327515199
10706,77584,55,55-59,M,5565,5749,11314,184,0.0330637915543575
9545,30318,42,40-44,M,5123,6192,11315,1069,0.2086667967987507
2074,02125,30,Under 35,M,5221,6095,11316,874,0.1674008810572687
6675,77008,38,35-39,M,5125,6191,11316,1066,0.208
6870,97219,41,40-44,M,5687,5629,11316,-58,-0.0101986987867065
5110,27604,40,40-44,F,5503,5814,11317,311,0.0565146283845175
6806,03031,29,Under 35,M,5405,5912,11317,507,0.0938020351526364
5538,02118,47,45-49,M,5159,6160,11319,1001,0.1940298507462686
13636,15232,27,Under 35,F,5520,5799,11319,279,0.0505434782608695
8465,92675,43,40-44,M,5424,5895,11319,471,0.0868362831858407
8250,10016,42,40-44,M,5399,5921,11320,522,0.096684571216892
4495,68028,32,Under 35,M,5112,6208,11320,1096,0.2143974960876369
5075,19096,48,45-49,F,5350,5970,11320,620,0.1158878504672897
4608,02139,32,Under 35,M,5120,6201,11321,1081,0.2111328125
7040,28105,53,50-54,M,5371,5950,11321,579,0.1078011543474213
6375,33149,48,45-49,M,5399,5922,11321,523,0.0968697907019818
5357,18914,46,45-49,M,5256,6066,11322,810,0.1541095890410959
7206,97140,43,40-44,F,5427,5895,11322,468,0.0862354892205638
5539,30064,38,35-39,M,5236,6086,11322,850,0.1623376623376623
7361,22302,32,Under 35,F,5604,5718,11322,114,0.0203426124197002
10034,93908,24,Under 35,F,5618,5705,11323,87,0.0154859380562477
6495,98005,54,50-54,M,5415,5908,11323,493,0.0910433979686057
5445,06074,47,45-49,M,5435,5888,11323,453,0.0833486660533578
4857,02540,49,45-49,M,5331,5992,11323,661,0.1239917463890452
2845,40067,44,40-44,M,5108,6216,11324,1108,0.2169146436961629
915,53916,26,Under 35,M,5339,5985,11324,646,0.1209964412811387
11761,33149,37,35-39,F,5623,5701,11324,78,0.0138715987906811
9810,98020,53,50-54,M,5579,5746,11325,167,0.0299336798709446
3391,55405,28,Under 35,M,4974,6352,11326,1378,0.2770406111781263
1969,61265,26,Under 35,M,4959,6367,11326,1408,0.28392821133293
3279,10029,40,40-44,M,5330,5997,11327,667,0.1251407129455909
6743,60622,41,40-44,M,5387,5940,11327,553,0.1026545387042881
3479,46203,26,Under 35,M,5332,5996,11328,664,0.1245311327831958
2738,60005,34,Under 35,M,5086,6242,11328,1156,0.2272906016515926
680,55413,33,Under 35,M,5624,5704,11328,80,0.0142247510668563
4841,37921,39,35-39,M,5339,5989,11328,650,0.1217456452519198
5216,66801,58,55-59,M,5208,6120,11328,912,0.1751152073732718
5364,19072,48,45-49,M,5661,5668,11329,7,0.0012365306482953
14606,99645,19,Under 35,F,5427,5902,11329,475,0.0875253362815551
5917,85295,36,35-39,M,5386,5943,11329,557,0.103416264389157
7378,02127,32,Under 35,F,5364,5965,11329,601,0.1120432513049962
25865,05445,36,35-39,M,5274,6055,11329,781,0.1480849450132726
9798,60647,44,40-44,F,5582,5747,11329,165,0.0295592977427445
2208,80403,37,35-39,M,5548,5783,11331,235,0.0423576063446286
5025,02446,35,35-39,M,5320,6011,11331,691,0.1298872180451127
7593,48118,47,45-49,M,5381,5951,11332,570,0.1059282661215387
5379,29403,24,Under 35,F,5223,6109,11332,886,0.1696343097836492
6933,11201,46,45-49,M,5513,5820,11333,307,0.0556865590422637
7115,08106,38,35-39,M,5289,6046,11335,757,0.1431272452259406
12162,03770,26,Under 35,F,5585,5751,11336,166,0.0297224709042077
8462,53202,27,Under 35,F,5492,5844,11336,352,0.0640932265112891
10483,77024,28,Under 35,F,5591,5745,11336,154,0.0275442675728849
12413,85212,28,Under 35,F,5416,5921,11337,505,0.0932422451994091
8433,55912,26,Under 35,F,5518,5820,11338,302,0.0547299746284885
2014,33606,48,45-49,M,5285,6053,11338,768,0.1453169347209082
8094,85204,44,40-44,M,5324,6015,11339,691,0.1297896318557475
2529,77059,36,35-39,M,5182,6159,11341,977,0.1885372443072173
7875,10026,44,40-44,F,5702,5640,11342,-62,-0.0108733777621887
1794,28217,30,Under 35,M,5005,6337,11342,1332,0.2661338661338661
4236,84081,25,Under 35,M,5580,5763,11343,183,0.0327956989247311
8032,29708,50,50-54,M,5485,5858,11343,373,0.068003646308113
9342,94582,43,40-44,F,5636,5707,11343,71,0.0125975869410929
6473,22205,46,45-49,M,5412,5931,11343,519,0.0958980044345898
1620,17815,21,Under 35,M,5069,6275,11344,1206,0.2379167488656539
3200,03054,54,50-54,M,5493,5851,11344,358,0.0651738576369925
9870,33018,25,Under 35,F,5446,5899,11345,453,0.0831803158281307
6815,76107,41,40-44,F,5347,5998,11345,651,0.121750514307088
5630,60619,44,40-44,M,5373,5972,11345,599,0.1114833426391215
11248,94607,30,Under 35,F,5590,5755,11345,165,0.0295169946332737
8081,90004,40,40-44,M,5368,5977,11345,609,0.1134500745156482
1561,60187,29,Under 35,M,4586,6760,11346,2174,0.474051460968164
12074,98103,32,Under 35,F,5461,5885,11346,424,0.0776414576084966
9827,02720,41,40-44,F,5513,5833,11346,320,0.058044621803011
5256,27704,40,40-44,M,5197,6150,11347,953,0.1833750240523378
1446,84606,21,Under 35,M,4950,6397,11347,1447,0.2923232323232323
2873,75482,32,Under 35,M,5134,6215,11349,1081,0.2105570705103233
2681,43604,32,Under 35,M,5156,6193,11349,1037,0.2011249030256012
7073,80550,39,35-39,M,5315,6034,11349,719,0.135277516462841
11060,29601,51,50-54,M,5606,5744,11350,138,0.0246164823403496
5816,78757,41,40-44,M,5439,5912,11351,473,0.0869645155359441
4539,11231,29,Under 35,M,5156,6195,11351,1039,0.2015128006206361
4151,20005,28,Under 35,M,5061,6290,11351,1229,0.2428373839162221
5136,98103,36,35-39,M,5534,5817,11351,283,0.0511384170581857
3929,60613,28,Under 35,M,5464,5888,11352,424,0.0775988286969253
4251,94103,25,Under 35,M,5230,6122,11352,892,0.1705544933078394
8741,12401,49,45-49,M,5279,6074,11353,795,0.1505967039211972
10475,50613,33,Under 35,F,5586,5767,11353,181,0.0324024346580737
8965,48069,29,Under 35,F,5539,5815,11354,276,0.0498284888969128
14611,01106,37,35-39,F,5549,5805,11354,256,0.0461344386375923
7256,02726,53,50-54,M,5488,5866,11354,378,0.0688775510204081
14243,02760,21,Under 35,F,5712,5642,11354,-70,-0.0122549019607843
10509,93108,55,55-59,M,5618,5736,11354,118,0.021003915984336
4957,14526,37,35-39,M,5140,6215,11355,1075,0.2091439688715953
10169,46038,29,Under 35,F,5507,5848,11355,341,0.0619211912111857
10051,91202,64,60-64,M,5445,5910,11355,465,0.0853994490358126
3001,59718,32,Under 35,F,4948,6407,11355,1459,0.2948666127728375
10066,31210,41,40-44,F,5475,5881,11356,406,0.0741552511415525
3002,80504,48,45-49,M,5325,6031,11356,706,0.1325821596244131
2743,71913,53,50-54,M,5196,6161,11357,965,0.1857197844495766
9119,97405,26,Under 35,F,5259,6098,11357,839,0.1595360334664385
2280,97210,36,35-39,M,5092,6266,11358,1174,0.2305577376276512
581,38104,28,Under 35,M,4845,6513,11358,1668,0.3442724458204334
5506,90503,46,45-49,M,5511,5847,11358,336,0.0609689711486118
6453,13317,41,40-44,M,5623,5735,11358,112,0.019918193135337
4139,02056,39,35-39,M,5337,6022,11359,685,0.1283492598838298
11013,02420,49,45-49,F,5545,5814,11359,269,0.0485121731289449
4102,76006,31,Under 35,M,5119,6240,11359,1121,0.2189880836100801
6306,93101,55,55-59,M,5411,5948,11359,537,0.0992422842358159
4789,54301,36,35-39,M,5045,6315,11360,1270,0.2517343904856293
5504,50125,48,45-49,M,5329,6032,11361,703,0.1319196847438543
1302,53213,30,Under 35,M,4862,6500,11362,1638,0.3368983957219251
30293,01890,25,Under 35,M,5771,5591,11362,-180,-0.0311904349332871
3512,67205,21,Under 35,M,5013,6349,11362,1336,0.2665070815878715
7363,05048,54,50-54,M,5411,5952,11363,541,0.0999815191277028
5687,10034,35,35-39,M,5503,5860,11363,357,0.0648737052516809
4811,48329,27,Under 35,M,5265,6099,11364,834,0.1584045584045584
11481,92683,46,45-49,M,5569,5796,11365,227,0.0407613575148141
9481,12203,48,45-49,M,5539,5826,11365,287,0.0518144069326593
8679,01760,35,35-39,F,5557,5809,11366,252,0.0453482094655389
5158,84106,36,35-39,M,5322,6044,11366,722,0.1356632844795189
3762,19103,27,Under 35,M,5573,5793,11366,220,0.0394760452180154
9283,78231,50,50-54,M,5355,6013,11368,658,0.122875816993464
13823,37043,47,45-49,F,5615,5753,11368,138,0.0245770258236865
3329,10510,21,Under 35,M,5034,6334,11368,1300,0.258243941199841
6081,22180,41,40-44,M,5397,5972,11369,575,0.1065406707430053
9323,00627,46,45-49,M,5428,5941,11369,513,0.0945099484156227
7558,23231,54,50-54,M,5360,6009,11369,649,0.1210820895522388
10564,60601,34,Under 35,F,5672,5698,11370,26,0.0045839210155148
14193,05661,35,35-39,F,5721,5651,11372,-70,-0.0122356231428072
7191,97211,37,35-39,M,5190,6182,11372,992,0.1911368015414258
2224,11106,30,Under 35,M,4876,6497,11373,1621,0.3324446267432321
4374,55105,34,Under 35,M,5266,6107,11373,841,0.1597037599696164
5600,71006,40,40-44,M,5306,6067,11373,761,0.1434225405201658
8098,60073,45,45-49,M,5378,5996,11374,618,0.1149126069170695
10662,53950,54,50-54,M,5452,5922,11374,470,0.0862068965517241
7635,11238,42,40-44,M,5516,5859,11375,343,0.0621827411167512
5596,80108,35,35-39,M,5143,6232,11375,1089,0.2117441182189383
8375,06511,43,40-44,F,5455,5922,11377,467,0.085609532538955
4930,02493,44,40-44,M,5240,6137,11377,897,0.1711832061068702
2848,84532,28,Under 35,M,5111,6267,11378,1156,0.2261788299745646
7623,55112,40,40-44,M,5578,5800,11378,222,0.0397992111868053
6148,98133,50,50-54,F,5476,5902,11378,426,0.0777940102264426
14978,78751,23,Under 35,F,5697,5681,11378,-16,-0.0028084956994909
5095,85716,43,40-44,M,5142,6237,11379,1095,0.2129521586931155
9339,03870,51,50-54,M,5411,5969,11380,558,0.1031232674182221
4809,80004,31,Under 35,M,5357,6024,11381,667,0.1245099869329848
8344,08226,42,40-44,F,5672,5710,11382,38,0.0066995768688293
9335,28173,48,45-49,M,5341,6041,11382,700,0.1310615989515072
5493,23601,39,35-39,M,5470,5912,11382,442,0.0808043875685557
9825,78746,52,50-54,M,5647,5735,11382,88,0.0155834956614131
6071,45419,43,40-44,M,5451,5932,11383,481,0.0882406897816914
6794,10002,30,Under 35,F,5286,6097,11383,811,0.153424139235717
5019,97206,37,35-39,M,5197,6186,11383,989,0.1903020973638637
8550,30319,46,45-49,M,5132,6251,11383,1119,0.2180436477007014
11793,55405,39,35-39,F,5612,5772,11384,160,0.0285103349964362
2163,02139,50,50-54,M,5215,6169,11384,954,0.1829338446788111
3174,27713,43,40-44,M,5042,6342,11384,1300,0.2578341927806426
2972,80202,30,Under 35,M,5233,6151,11384,918,0.1754251863175998
6820,18940,43,40-44,M,5319,6065,11384,746,0.1402519270539575
7266,06897,51,50-54,M,5326,6059,11385,733,0.1376267367630491
9849,17745,46,45-49,M,5310,6076,11386,766,0.1442561205273069
261,85728,35,35-39,M,4538,6849,11387,2311,0.5092551784927281
13118,02118,24,Under 35,F,5365,6023,11388,658,0.1226467847157502
9082,20708,26,Under 35,F,5462,5926,11388,464,0.0849505675576711
7300,48023,50,50-54,M,5458,5931,11389,473,0.0866617808721143
9769,02459,32,Under 35,F,5316,6073,11389,757,0.142400300978179
7048,98070,39,35-39,M,5687,5703,11390,16,0.0028134341480569
6053,10463,48,45-49,M,5607,5783,11390,176,0.0313893347601212
2986,61107,25,Under 35,M,5123,6268,11391,1145,0.2235018543821979
3964,55423,42,40-44,M,5204,6188,11392,984,0.1890853189853958
13954,22314,23,Under 35,F,5310,6082,11392,772,0.1453860640301318
12148,27604,32,Under 35,F,5495,5897,11392,402,0.073157415832575
3232,73106,38,35-39,M,5613,5780,11393,167,0.029752360591484
7647,18104,63,60-64,M,5501,5892,11393,391,0.0710779858207598
16390,03766,30,Under 35,F,5512,5882,11394,370,0.0671262699564586
1964,21231,33,Under 35,M,5313,6082,11395,769,0.1447393186523621
5719,55437,35,35-39,M,5570,5825,11395,255,0.0457809694793536
12545,20008,33,Under 35,F,5637,5759,11396,122,0.0216427177576725
6050,46140,48,45-49,F,5324,6073,11397,749,0.1406836964688204
8039,02127,36,35-39,M,5291,6106,11397,815,0.154035154035154
3855,18840,28,Under 35,F,5061,6336,11397,1275,0.2519264967397747
2426,98199,24,Under 35,M,5410,5988,11398,578,0.1068391866913123
11174,92111,32,Under 35,F,5544,5854,11398,310,0.0559163059163059
4267,63132,41,40-44,M,5290,6108,11398,818,0.1546313799621928
13943,98607,27,Under 35,F,5473,5926,11399,453,0.0827699616298191
9040,24060,45,45-49,M,5455,5945,11400,490,0.0898258478460128
2833,02210,23,Under 35,M,5119,6281,11400,1162,0.2269974604414924
8663,27605,46,45-49,M,5677,5724,11401,47,0.0082790206094768
4543,43506,40,40-44,M,5425,5977,11402,552,0.1017511520737327
3643,94030,38,35-39,M,5102,6300,11402,1198,0.2348098784790278
9842,60201,46,45-49,M,5638,5765,11403,127,0.0225257183398368
7208,12065,46,45-49,M,5381,6022,11403,641,0.1191228396208883
3859,38111,24,Under 35,M,5023,6380,11403,1357,0.2701572765279713
3127,19804,38,35-39,M,5060,6343,11403,1283,0.2535573122529644
6732,76226,40,40-44,M,5246,6158,11404,912,0.173846740373618
5225,78748,27,Under 35,F,5384,6020,11404,636,0.1181277860326894
3407,19803,29,Under 35,M,5142,6263,11405,1121,0.2180085569817191
4396,02745,30,Under 35,M,5252,6153,11405,901,0.1715536938309215
9869,48849,45,45-49,M,5417,5988,11405,571,0.1054088979139745
3148,78704,25,Under 35,M,5017,6389,11406,1372,0.2734702013155272
10081,94549,45,45-49,M,5575,5832,11407,257,0.0460986547085201
6040,10306,44,40-44,M,5372,6035,11407,663,0.1234177215189873
9762,32204,52,50-54,M,5619,5789,11408,170,0.0302544936821498
7509,94105,42,40-44,M,5348,6062,11410,714,0.1335078534031413
9228,08540,53,50-54,M,5577,5834,11411,257,0.0460821230051999
4005,30601,34,Under 35,M,5365,6046,11411,681,0.1269338303821062
3866,77066,35,35-39,M,5146,6266,11412,1120,0.2176447726389428
10930,02127,32,Under 35,F,5602,5810,11412,208,0.0371295965726526
976,02139,24,Under 35,M,5163,6249,11412,1086,0.21034282393957
9220,07306,51,50-54,M,5554,5860,11414,306,0.0550954267194814
4510,07876,31,Under 35,M,5195,6220,11415,1025,0.1973051010587103
16334,90803,33,Under 35,F,5598,5818,11416,220,0.0392997499106823
13311,22307,24,Under 35,F,5712,5704,11416,-8,-0.0014005602240896
2870,05401,29,Under 35,M,5101,6316,11417,1215,0.2381885904724563
14127,97333,31,Under 35,F,5628,5791,11419,163,0.0289623312011371
5803,01907,46,45-49,M,5370,6049,11419,679,0.1264432029795158
4074,35203,32,Under 35,F,5096,6324,11420,1228,0.2409733124018838
8935,97759,56,55-59,M,5525,5895,11420,370,0.0669683257918552
7403,98065,45,45-49,M,5555,5865,11420,310,0.0558055805580558
10277,03301,45,45-49,M,5458,5962,11420,504,0.0923415170392085
4691,10016,23,Under 35,M,5294,6127,11421,833,0.157347941065357
9552,33172,46,45-49,F,5494,5928,11422,434,0.0789952675646159
4779,19125,38,35-39,M,5162,6260,11422,1098,0.2127082526152654
8494,63105,40,40-44,M,5681,5742,11423,61,0.0107375462066537
7460,02478,46,45-49,M,5297,6126,11423,829,0.1565036813290541
6179,73012,46,45-49,M,5334,6089,11423,755,0.1415448068991376
10697,32708,34,Under 35,F,5654,5771,11425,117,0.0206933144676335
6015,44321,32,Under 35,F,5305,6120,11425,815,0.1536286522148916
7679,54742,52,50-54,M,5432,5994,11426,562,0.103460972017673
10184,13207,34,Under 35,F,5657,5769,11426,112,0.0197984797595898
9723,91106,29,Under 35,F,5495,5931,11426,436,0.0793448589626933
4109,48348,63,60-64,M,5365,6061,11426,696,0.1297297297297297
988,94087,23,Under 35,M,5085,6342,11427,1257,0.2471976401179941
7408,19001,38,35-39,M,5465,5963,11428,498,0.0911253430924062
7654,03110,53,50-54,M,5485,5944,11429,459,0.0836827711941659
5545,64131,39,35-39,M,5462,5967,11429,505,0.0924569754668619
9379,76063,48,45-49,M,5405,6024,11429,619,0.1145235892691951
5168,85032,35,35-39,M,5128,6302,11430,1174,0.2289391575663026
4044,97201,42,40-44,M,5100,6330,11430,1230,0.2411764705882353
4649,92102,44,40-44,F,5541,5889,11430,348,0.0628045479155387
10236,80403,34,Under 35,F,5489,5941,11430,452,0.0823465112042266
6133,53095,43,40-44,M,5101,6329,11430,1228,0.2407371103705156
4714,34243,33,Under 35,M,5296,6136,11432,840,0.1586102719033232
8786,19038,45,45-49,F,5452,5981,11433,529,0.097028613352898
9543,44281,34,Under 35,F,5535,5898,11433,363,0.0655826558265582
7328,30309,24,Under 35,F,5297,6136,11433,839,0.1583915423824806
7833,02109,57,55-59,M,5741,5692,11433,-49,-0.0085350984149102
10075,97062,51,50-54,M,5461,5973,11434,512,0.0937557223951657
5598,60189,48,45-49,M,5253,6181,11434,928,0.1766609556443936
7140,27712,40,40-44,F,5600,5834,11434,234,0.0417857142857142
9023,37075,38,35-39,F,5416,6019,11435,603,0.1113367799113737
8225,10960,54,50-54,M,5653,5785,11438,132,0.0233504333981956
14444,21230,29,Under 35,F,5518,5921,11439,403,0.0730337078651685
16725,37064,36,35-39,F,5608,5831,11439,223,0.0397646219686162
11809,77573,47,45-49,M,5354,6085,11439,731,0.1365334329473291
8134,55110,41,40-44,M,5276,6164,11440,888,0.1683093252463988
2079,84093,33,Under 35,M,5053,6388,11441,1335,0.2641994854541856
10375,14514,53,50-54,M,5442,5999,11441,557,0.1023520764424843
2959,90034,54,50-54,M,5568,5873,11441,305,0.0547772988505747
5658,93101,38,35-39,M,5480,5961,11441,481,0.0877737226277372
3210,73013,30,Under 35,M,4732,6710,11442,1978,0.4180050718512257
4677,80207,47,45-49,M,5715,5727,11442,12,0.0020997375328083
12789,94115,26,Under 35,F,5398,6044,11442,646,0.1196739533160429
13037,01801,39,35-39,F,5609,5834,11443,225,0.0401141023355321
10418,78209,46,45-49,M,5579,5865,11444,286,0.0512636673238931
4369,06340,29,Under 35,M,5214,6230,11444,1016,0.1948599923283467
13021,93402,37,35-39,F,5736,5708,11444,-28,-0.004881450488145
4581,01810,38,35-39,M,5239,6207,11446,968,0.1847680855125023
1198,02472,28,Under 35,M,5008,6438,11446,1430,0.2855431309904153
4899,01748,48,45-49,M,5307,6140,11447,833,0.1569625023553796
4113,87113,41,40-44,M,5199,6248,11447,1049,0.2017695710713598
8621,80516,44,40-44,M,5553,5894,11447,341,0.0614082477939852
7213,95070,44,40-44,M,5555,5892,11447,337,0.0606660666066606
6403,02139,43,40-44,F,5467,5981,11448,514,0.0940186573989391
8416,07960,57,55-59,M,5430,6019,11449,589,0.1084714548802946
6695,02895,37,35-39,M,5470,5980,11450,510,0.093235831809872
2180,02453,28,Under 35,M,4955,6495,11450,1540,0.3107971745711402
10556,98028,37,35-39,F,5587,5863,11450,276,0.0494003937712547
9756,41073,28,Under 35,F,5665,5785,11450,120,0.0211827007943512
4734,14850,25,Under 35,M,5345,6105,11450,760,0.1421889616463985
5932,20003,38,35-39,M,5225,6225,11450,1000,0.1913875598086124
10086,80435,37,35-39,F,5294,6157,11451,863,0.163014733660748
9729,94109,45,45-49,M,5455,5997,11452,542,0.0993583868010999
10140,92064,61,60-64,M,5516,5936,11452,420,0.0761421319796954
5583,90041,35,35-39,M,5279,6173,11452,894,0.1693502557302519
2957,19348,28,Under 35,M,5295,6157,11452,862,0.162795089707271
8082,54937,36,35-39,F,5467,5985,11452,518,0.0947503201024327
10244,52803,28,Under 35,F,5601,5851,11452,250,0.0446348866273879
13428,80210,32,Under 35,F,5727,5728,11455,1,0.000174611489436
11623,38655,51,50-54,M,5655,5801,11456,146,0.0258178603006189
10192,02420,53,50-54,F,5560,5896,11456,336,0.0604316546762589
13564,94123,20,Under 35,F,5820,5638,11458,-182,-0.0312714776632302
2386,27614,28,Under 35,M,5350,6108,11458,758,0.1416822429906542
1029,91910,39,35-39,M,5176,6284,11460,1108,0.214064914992272
8910,15206,46,45-49,M,5383,6077,11460,694,0.1289243916031952
8078,66030,40,40-44,M,5102,6358,11460,1256,0.2461779694237554
5437,90403,35,35-39,M,5333,6127,11460,794,0.1488843052690793
5605,53597,45,45-49,F,5512,5950,11462,438,0.0794629898403483
3247,84790,31,Under 35,F,5503,5959,11462,456,0.0828638924223151
8153,38139,47,45-49,M,5509,5953,11462,444,0.0805953893628607
9504,21211,33,Under 35,F,5697,5766,11463,69,0.0121116377040547
6413,12065,39,35-39,M,5346,6117,11463,771,0.1442199775533109
9049,08203,47,45-49,M,5466,5998,11464,532,0.09732894255397
2816,10023,35,35-39,M,5100,6364,11464,1264,0.2478431372549019
11930,07003,25,Under 35,F,5702,5763,11465,61,0.0106980007015082
9925,93314,56,55-59,M,5703,5762,11465,59,0.0103454322286515
6755,22066,49,45-49,M,5499,5966,11465,467,0.0849245317330423
13214,35243,52,50-54,M,5648,5817,11465,169,0.0299220963172804
6754,06033,54,50-54,M,5679,5786,11465,107,0.0188413453072724
10357,30097,51,50-54,M,5698,5768,11466,70,0.0122850122850122
2921,68124,36,35-39,M,5299,6167,11466,868,0.1638044914134742
6345,90042,42,40-44,M,5521,5945,11466,424,0.076797681579424
10433,91709,60,60-64,F,5537,5929,11466,392,0.0707964601769911
12169,98466,29,Under 35,F,5545,5922,11467,377,0.0679891794409377
10176,06511,35,35-39,F,5493,5974,11467,481,0.0875659930821045
6404,95037,43,40-44,F,5599,5869,11468,270,0.0482228969458831
7265,27560,37,35-39,M,5298,6170,11468,872,0.1645904114760286
16312,89706,29,Under 35,F,5598,5870,11468,272,0.0485887817077527
25433,02118,23,Under 35,F,5579,5890,11469,311,0.0557447571249327
5846,60540,45,45-49,M,5226,6244,11470,1018,0.194795254496747
1208,78240,27,Under 35,M,5095,6375,11470,1280,0.2512266928361138
3958,60188,44,40-44,M,5159,6311,11470,1152,0.2232990889707307
8216,84081,43,40-44,M,5649,5822,11471,173,0.0306248893609488
8655,52806,45,45-49,M,5379,6092,11471,713,0.1325525190555865
9550,53719,26,Under 35,F,5571,5900,11471,329,0.0590558248070364
8267,98296,42,40-44,M,5550,5921,11471,371,0.0668468468468468
6819,48430,41,40-44,M,5447,6024,11471,577,0.10592986965302
5552,44111,28,Under 35,F,5316,6156,11472,840,0.1580135440180587
9449,55422,28,Under 35,F,5735,5739,11474,4,0.0006974716652136
7138,55431,38,35-39,M,5266,6208,11474,942,0.1788834029624003
9055,60565,55,55-59,M,5471,6004,11475,533,0.0974227746298665
8430,60304,42,40-44,M,5447,6028,11475,581,0.1066642188360565
3710,06820,50,50-54,M,5122,6353,11475,1231,0.240335806325654
6610,33912,40,40-44,F,5452,6023,11475,571,0.1047322083639031
9100,02420,54,50-54,M,5380,6095,11475,715,0.1328996282527881
3180,84037,44,40-44,M,5167,6308,11475,1141,0.2208244629378749
9892,02790,46,45-49,M,5584,5892,11476,308,0.0551575931232091
4913,97209,35,35-39,M,5310,6168,11478,858,0.1615819209039548
4733,78256,32,Under 35,M,5110,6368,11478,1258,0.2461839530332681
8314,60120,42,40-44,M,5382,6096,11478,714,0.1326644370122631
6771,72903,39,35-39,M,5241,6239,11480,998,0.1904216752528143
4898,60516,54,50-54,M,5290,6191,11481,901,0.1703213610586011
3534,21202,51,50-54,M,4972,6509,11481,1537,0.3091311343523732
7374,18902,47,45-49,M,5517,5965,11482,448,0.0812035526554286
4025,03431,47,45-49,M,5516,5966,11482,450,0.0815808556925308
10151,15129,45,45-49,M,5500,5983,11483,483,0.0878181818181818
6083,02129,38,35-39,M,5665,5818,11483,153,0.0270079435127978
14114,59715,29,Under 35,F,5699,5784,11483,85,0.0149148973504123
8613,80516,42,40-44,M,5446,6037,11483,591,0.1085200146896805
15178,02445,23,Under 35,F,5651,5833,11484,182,0.0322066890815784
7582,46341,49,45-49,M,5367,6118,11485,751,0.1399291969442891
16355,52240,36,35-39,F,5523,5962,11485,439,0.0794857867101213
14503,04841,29,Under 35,F,5531,5954,11485,423,0.076478032905442
10963,48134,48,45-49,F,5823,5663,11486,-160,-0.027477245406148
5696,29063,49,45-49,M,5716,5770,11486,54,0.0094471658502449
9039,43402,28,Under 35,F,5601,5885,11486,284,0.0507052312087127
4509,94549,35,35-39,M,5102,6386,11488,1284,0.2516660133281066
5822,55125,45,45-49,M,5318,6170,11488,852,0.160210605490786
6701,38016,44,40-44,M,5385,6104,11489,719,0.1335190343546889
9014,90405,31,Under 35,F,5421,6068,11489,647,0.1193506733075078
8450,98333,41,40-44,M,5339,6151,11490,812,0.1520884060685521
7136,84660,36,35-39,M,5565,5925,11490,360,0.0646900269541779
8401,02465,40,40-44,M,5274,6216,11490,942,0.1786120591581342
8194,95864,28,Under 35,F,5477,6014,11491,537,0.0980463757531495
11962,31419,53,50-54,M,5796,5695,11491,-101,-0.0174258109040717
13223,33408,46,45-49,F,5701,5790,11491,89,0.0156112962638133
10401,61571,24,Under 35,F,5395,6097,11492,702,0.1301204819277108
5963,02118,28,Under 35,F,5317,6175,11492,858,0.1613691931540342
2709,98103,29,Under 35,M,5242,6250,11492,1008,0.192293017932087
14540,19004,26,Under 35,F,5551,5942,11493,391,0.0704377589623491
6090,25314,46,45-49,M,5719,5774,11493,55,0.0096170659206154
9138,02190,58,55-59,M,5469,6025,11494,556,0.1016639239349058
13758,01109,31,Under 35,F,5514,5980,11494,466,0.084512150888647
8106,98029,45,45-49,M,5233,6262,11495,1029,0.1966367284540416
10431,32724,27,Under 35,F,5506,5989,11495,483,0.0877224845622956
8974,20003,40,40-44,M,5585,5912,11497,327,0.0585496866606983
11800,90716,49,45-49,M,5672,5827,11499,155,0.0273272214386459
5901,06379,44,40-44,M,5367,6132,11499,765,0.1425377305757406
7283,90302,54,50-54,M,5570,5930,11500,360,0.0646319569120287
9321,14204,45,45-49,M,5615,5885,11500,270,0.0480854853072128
1650,33130,31,Under 35,M,5147,6353,11500,1206,0.2343112492714202
11475,30312,27,Under 35,F,5468,6033,11501,565,0.1033284564740307
1683,18411,35,35-39,M,5107,6395,11502,1288,0.2522028588212258
6203,32828,49,45-49,F,5502,6001,11503,499,0.0906942929843693
9743,03031,40,40-44,F,5605,5898,11503,293,0.0522747546833184
7041,77025,52,50-54,M,5465,6038,11503,573,0.1048490393412625
6342,17777,48,45-49,M,5475,6029,11504,554,0.1011872146118721
4810,58201,28,Under 35,M,5072,6434,11506,1362,0.2685331230283911
5586,33178,38,35-39,M,5561,5945,11506,384,0.0690523287178565
7219,77441,45,45-49,M,5354,6152,11506,798,0.1490474411654837
7137,94107,35,35-39,M,5516,5991,11507,475,0.0861131254532269
9775,04345,48,45-49,M,5608,5899,11507,291,0.0518901569186875
3305,02134,24,Under 35,M,5024,6484,11508,1460,0.2906050955414013
8292,84065,42,40-44,M,5132,6376,11508,1244,0.2424006235385814
12457,30605,32,Under 35,F,5653,5856,11509,203,0.0359101362108614
7306,41071,25,Under 35,F,5317,6192,11509,875,0.1645664848598834
10545,59405,36,35-39,F,5689,5821,11510,132,0.0232026718228159
12400,02163,27,Under 35,F,5590,5920,11510,330,0.0590339892665474
8955,94114,28,Under 35,F,5416,6094,11510,678,0.1251846381093057
1994,75022,21,Under 35,M,4813,6698,11511,1885,0.3916476210263869
8770,19103,28,Under 35,F,5475,6037,11512,562,0.102648401826484
11904,05401,51,50-54,M,5559,5953,11512,394,0.0708760568447562
5294,85251,38,35-39,F,5245,6268,11513,1023,0.1950428979980934
13117,10022,25,Under 35,F,5611,5902,11513,291,0.0518624131170914
3145,02043,37,35-39,M,5009,6504,11513,1495,0.2984627670193651
6844,07724,40,40-44,M,5297,6217,11514,920,0.173683216915235
9758,34639,46,45-49,M,5680,5834,11514,154,0.027112676056338
2139,01060,45,45-49,M,5043,6473,11516,1430,0.2835613721990878
1676,55426,34,Under 35,M,4976,6540,11516,1564,0.3143086816720257
4024,37923,25,Under 35,M,5124,6392,11516,1268,0.2474629195940671
10273,02116,24,Under 35,F,5582,5935,11517,353,0.0632389824435686
15421,11733,35,35-39,F,5526,5991,11517,465,0.0841476655808903
7490,16930,53,50-54,M,5458,6059,11517,601,0.1101135947233418
9896,10598,45,45-49,M,5575,5943,11518,368,0.0660089686098654
12257,50131,36,35-39,F,5636,5883,11519,247,0.0438254080908445
4879,83702,42,40-44,M,5299,6221,11520,922,0.1739950934138516
15205,02905,25,Under 35,F,5442,6078,11520,636,0.1168687982359426
7883,01002,55,55-59,M,5534,5986,11520,452,0.0816769063968196
12553,06415,37,35-39,F,5628,5892,11520,264,0.0469083155650319
5191,35216,37,35-39,M,4996,6525,11521,1529,0.3060448358686949
5680,60532,68,65-69,M,5741,5780,11521,39,0.0067932415955408
9166,46074,26,Under 35,F,5266,6256,11522,990,0.187998480820357
2202,17055,42,40-44,M,5116,6406,11522,1290,0.2521501172791243
6263,46074,35,35-39,M,5305,6217,11522,912,0.1719132893496701
2452,60611,29,Under 35,M,5627,5895,11522,268,0.0476275102185889
5612,03819,35,35-39,M,5113,6409,11522,1296,0.2534715431253667
11576,60622,30,Under 35,F,5626,5896,11522,270,0.047991468183434
7434,08540,47,45-49,M,5506,6017,11523,511,0.0928078459861968
12047,01923,32,Under 35,F,5553,5971,11524,418,0.0752746263281109
10898,23238,42,40-44,F,5644,5880,11524,236,0.0418143160878809
7289,19043,40,40-44,M,5365,6160,11525,795,0.1481826654240447
7660,84037,42,40-44,M,5657,5868,11525,211,0.0372989216899416
9876,33331,46,45-49,M,5346,6179,11525,833,0.1558174335952113
25935,02129,29,Under 35,M,5203,6323,11526,1120,0.2152604266769171
5366,98122,35,35-39,M,5079,6447,11526,1368,0.2693443591258121
10016,10014,29,Under 35,F,5497,6029,11526,532,0.0967800618519192
8241,02474,29,Under 35,F,5525,6002,11527,477,0.0863348416289592
12161,98109,26,Under 35,F,5311,6217,11528,906,0.1705893428732818
9823,53222,44,40-44,F,5674,5854,11528,180,0.0317236517448008
7307,99203,50,50-54,M,5274,6254,11528,980,0.1858172165339401
8135,43085,26,Under 35,F,5459,6070,11529,611,0.1119252610368199
7397,05495,29,Under 35,F,5335,6194,11529,859,0.161012183692596
12410,78154,23,Under 35,F,5381,6149,11530,768,0.1427244006690206
2097,31411,37,35-39,M,5236,6294,11530,1058,0.2020626432391138
8643,02446,26,Under 35,F,5448,6082,11530,634,0.1163729809104258
3004,02141,42,40-44,M,4862,6669,11531,1807,0.3716577540106952
13649,37917,30,Under 35,F,5559,5972,11531,413,0.0742939377585896
10123,94526,50,50-54,M,5555,5977,11532,422,0.0759675967596759
16510,05404,23,Under 35,F,6037,5495,11532,-542,-0.0897796918999503
2086,97219,35,35-39,M,4998,6535,11533,1537,0.3075230092036815
5421,90046,36,35-39,M,5277,6256,11533,979,0.1855220769376539
8837,45208,49,45-49,M,5552,5982,11534,430,0.0774495677233429
2003,74075,25,Under 35,M,4873,6661,11534,1788,0.366919761953622
11304,80110,33,Under 35,F,5675,5859,11534,184,0.0324229074889867
27871,02114,33,Under 35,F,5610,5924,11534,314,0.0559714795008912
7655,48301,48,45-49,M,5203,6332,11535,1129,0.2169901979627138
11465,80550,37,35-39,F,5615,5920,11535,305,0.0543187889581478
14583,05452,57,55-59,M,5646,5889,11535,243,0.043039319872476
3112,80126,27,Under 35,M,5261,6275,11536,1014,0.1927390229994297
8500,19810,43,40-44,F,5596,5941,11537,345,0.061651179413867
14398,08226,27,Under 35,F,5523,6014,11537,491,0.088900959623393
10732,55804,29,Under 35,F,5753,5787,11540,34,0.0059099600208586
10026,06070,38,35-39,F,5632,5908,11540,276,0.0490056818181818
9074,37343,45,45-49,M,5400,6141,11541,741,0.1372222222222222
3655,94110,43,40-44,M,5283,6258,11541,975,0.1845542305508234
10439,90066,29,Under 35,F,5532,6009,11541,477,0.0862255965292841
4076,18042,43,40-44,M,5137,6405,11542,1268,0.2468366751021997
6775,97405,36,35-39,M,5350,6192,11542,842,0.1573831775700934
9330,14534,36,35-39,F,5343,6200,11543,857,0.160396780834737
4915,43015,54,50-54,M,5657,5886,11543,229,0.0404808202227328
7684,12785,46,45-49,M,5355,6188,11543,833,0.1555555555555555
4492,92656,41,40-44,M,5360,6184,11544,824,0.1537313432835821
6917,54313,51,50-54,M,5494,6050,11544,556,0.1012013105205679
893,44333,24,Under 35,M,5134,6410,11544,1276,0.2485391507596416
6256,38139,41,40-44,M,5518,6027,11545,509,0.0922435665096049
10536,75002,51,50-54,F,5582,5963,11545,381,0.0682551056968828
14541,43230,24,Under 35,F,5658,5887,11545,229,0.0404736656062212
9507,77009,34,Under 35,F,5463,6083,11546,620,0.1134907559948746
9812,13104,38,35-39,F,5713,5834,11547,121,0.0211797654472256
4209,45458,36,35-39,M,5410,6137,11547,727,0.1343807763401109
14234,47403,34,Under 35,F,5778,5771,11549,-7,-0.0012114918656974
10270,03905,58,55-59,M,5708,5841,11549,133,0.0233006306937631
10674,27713,31,Under 35,F,5430,6119,11549,689,0.1268876611418047
9158,27253,45,45-49,M,5637,5913,11550,276,0.048962213943587
6438,49460,47,45-49,M,5734,5816,11550,82,0.0143006627136379
5368,11218,50,50-54,M,5257,6294,11551,1037,0.1972607951303024
5815,98115,41,40-44,M,5560,5991,11551,431,0.0775179856115108
10665,93449,45,45-49,M,5542,6010,11552,468,0.0844460483579935
12897,92024,41,40-44,F,5564,5990,11554,426,0.0765636232925952
7409,92019,40,40-44,F,5614,5941,11555,327,0.058247239045244
4636,95670,38,35-39,M,5267,6288,11555,1021,0.1938484906018606
6907,19131,42,40-44,M,5493,6062,11555,569,0.1035863826688512
6134,19130,43,40-44,M,5444,6112,11556,668,0.1227038941954445
8228,98103,26,Under 35,F,5462,6094,11556,632,0.1157085316733797
2889,30277,24,Under 35,M,5100,6456,11556,1356,0.2658823529411764
6278,77018,27,Under 35,F,5358,6198,11556,840,0.1567749160134378
6187,63301,40,40-44,M,5282,6274,11556,992,0.1878076486179477
8605,30041,60,60-64,M,5527,6030,11557,503,0.0910077799891442
7324,91335,45,45-49,M,5756,5802,11558,46,0.007991660875608
3317,01960,39,35-39,M,5432,6127,11559,695,0.1279455081001472
8291,74048,45,45-49,M,5215,6344,11559,1129,0.2164908916586768
9956,32814,39,35-39,F,5842,5717,11559,-125,-0.0213967819239986
4088,10128,29,Under 35,M,5153,6406,11559,1253,0.2431593246652435
4116,95678,30,Under 35,M,5262,6297,11559,1035,0.1966932725199544
4162,94010,30,Under 35,M,5140,6421,11561,1281,0.2492217898832684
7337,30068,43,40-44,M,5291,6271,11562,980,0.1852201852201852
14197,95661,39,35-39,F,5669,5894,11563,225,0.0396895396013406
8182,46037,47,45-49,M,5333,6231,11564,898,0.1683855240952559
6014,27107,38,35-39,M,5277,6287,11564,1010,0.1913966268713284
4040,02155,34,Under 35,M,5031,6533,11564,1502,0.2985489962234148
1937,49546,43,40-44,M,5114,6450,11564,1336,0.2612436448963629
26545,02465,28,Under 35,M,5495,6069,11564,574,0.1044585987261146
10573,15864,43,40-44,F,5709,5856,11565,147,0.0257488176563321
2526,52803,28,Under 35,M,5006,6559,11565,1553,0.3102277267279265
10761,43537,52,50-54,M,5693,5872,11565,179,0.0314421219040927
3556,10024,29,Under 35,M,5135,6431,11566,1296,0.2523855890944498
12231,78613,25,Under 35,F,5657,5910,11567,253,0.0447233515997878
7162,77009,35,35-39,M,5237,6330,11567,1093,0.2087072751575329
2856,53212,35,35-39,M,5631,5936,11567,305,0.0541644468122891
10969,94122,34,Under 35,F,5437,6131,11568,694,0.1276439212801177
6831,20850,45,45-49,M,5375,6193,11568,818,0.1521860465116279
5679,10528,38,35-39,M,5539,6029,11568,490,0.0884636215923451
5712,33405,36,35-39,M,5279,6290,11569,1011,0.1915135442318621
8586,32780,38,35-39,M,5424,6145,11569,721,0.1329277286135693
9691,95949,47,45-49,M,5473,6097,11570,624,0.1140142517814726
12506,93401,28,Under 35,F,5626,5945,11571,319,0.056701030927835
13573,97701,27,Under 35,F,5774,5798,11572,24,0.00415656390717
4660,11102,35,35-39,M,5325,6248,11573,923,0.1733333333333333
4282,98006,32,Under 35,M,5277,6296,11573,1019,0.1931021413682016
2727,94087,41,40-44,M,5071,6503,11574,1432,0.2823900611319266
10565,01748,24,Under 35,F,5567,6007,11574,440,0.0790371834021914
9334,11572,48,45-49,M,5559,6015,11574,456,0.0820291419320021
9846,98119,53,50-54,M,5600,5974,11574,374,0.0667857142857142
6226,40513,41,40-44,M,5587,5987,11574,400,0.0715947735815285
9584,60657,48,45-49,F,5703,5871,11574,168,0.0294581799053129
9092,11215,51,50-54,M,5389,6185,11574,796,0.1477082946743366
6896,02906,35,35-39,M,5399,6175,11574,776,0.1437303204297092
11522,53029,36,35-39,F,5633,5943,11576,310,0.0550328421800106
13385,94123,26,Under 35,F,5724,5852,11576,128,0.0223619846261355
2204,94301,59,55-59,M,5724,5852,11576,128,0.0223619846261355
11187,04107,34,Under 35,F,5720,5857,11577,137,0.0239510489510489
5226,34698,54,50-54,M,5571,6006,11577,435,0.078082929456112
9161,60185,25,Under 35,F,5582,5996,11578,414,0.0741669652454317
8065,70445,50,50-54,M,5756,5822,11578,66,0.0114662960389159
13621,95014,53,50-54,M,5640,5939,11579,299,0.0530141843971631
6250,20109,36,35-39,M,5408,6171,11579,763,0.1410872781065088
8443,38117,46,45-49,M,5399,6181,11580,782,0.1448416373402481
8503,04101,41,40-44,M,5232,6348,11580,1116,0.2133027522935779
4356,60657,26,Under 35,F,5451,6130,11581,679,0.1245643001284168
4423,19103,31,Under 35,M,5053,6530,11583,1477,0.292301603008114
10302,33496,54,50-54,M,5668,5915,11583,247,0.0435779816513761
7168,48104,56,55-59,M,5511,6073,11584,562,0.1019778624569043
13449,28129,24,Under 35,F,5723,5863,11586,140,0.0244626943910536
12368,55105,35,35-39,F,5735,5851,11586,116,0.0202266782911944
12184,86303,55,55-59,M,5703,5883,11586,180,0.0315623356128353
25280,10010,27,Under 35,M,5376,6211,11587,835,0.1553199404761904
9931,49301,52,50-54,M,5509,6079,11588,570,0.1034670539117807
8208,78745,48,45-49,M,5819,5769,11588,-50,-0.0085925416738271
6446,77080,39,35-39,M,5606,5983,11589,377,0.0672493756689261
8497,60515,53,50-54,M,5448,6141,11589,693,0.1272026431718061
3471,06110,28,Under 35,M,4939,6651,11590,1712,0.3466288722413444
4082,80304,25,Under 35,M,5308,6282,11590,974,0.1834966088922381
8092,12106,55,55-59,M,5211,6380,11591,1169,0.224333141431587
6367,80841,21,Under 35,M,5324,6267,11591,943,0.1771224643125469
3144,63144,46,45-49,M,5132,6460,11592,1328,0.2587685113016368
8934,16059,43,40-44,F,5389,6203,11592,814,0.1510484319910929
8252,60558,44,40-44,M,5444,6150,11594,706,0.1296840558412931
9022,37075,35,35-39,F,5415,6179,11594,764,0.1410895660203139
13447,99301,24,Under 35,F,5676,5918,11594,242,0.0426356589147286
9814,10003,45,45-49,M,5609,5985,11594,376,0.067035122125156
9532,27519,46,45-49,M,5576,6019,11595,443,0.0794476327116212
15334,12208,24,Under 35,F,5683,5912,11595,229,0.0402956185113496
16085,80021,26,Under 35,F,5880,5715,11595,-165,-0.0280612244897959
10730,33132,55,55-59,M,5574,6023,11597,449,0.0805525654825977
7637,02138,49,45-49,F,5487,6110,11597,623,0.1135410971386914
13979,79424,34,Under 35,F,5701,5897,11598,196,0.0343799333450271
14293,07704,40,40-44,F,5884,5714,11598,-170,-0.0288919102651257
11663,59604,54,50-54,M,5823,5775,11598,-48,-0.0082431736218444
6451,94610,52,50-54,M,5420,6178,11598,758,0.1398523985239852
8656,02119,40,40-44,M,5403,6195,11598,792,0.1465852304275402
7123,19130,26,Under 35,F,5483,6115,11598,632,0.1152653656757249
8678,90012,36,35-39,F,5545,6054,11599,509,0.0917944093778178
6578,29928,24,Under 35,F,5481,6118,11599,637,0.1162196679438058
10619,06443,50,50-54,M,5828,5772,11600,-56,-0.0096087851750171
8781,84020,48,45-49,F,5623,5977,11600,354,0.0629557175884759
4371,96822,31,Under 35,M,5568,6032,11600,464,0.0833333333333333
6360,47720,54,50-54,M,5329,6271,11600,942,0.1767686245074122
3708,49429,27,Under 35,M,5364,6237,11601,873,0.1627516778523489
7189,02478,36,35-39,M,5732,5870,11602,138,0.0240753663642707
4947,33149,46,45-49,M,5243,6359,11602,1116,0.2128552355521648
9500,08801,43,40-44,F,5568,6035,11603,467,0.0838721264367816
2896,80212,30,Under 35,M,5583,6021,11604,438,0.0784524449220849
10893,11753,45,45-49,M,5576,6028,11604,452,0.0810616929698708
8942,11217,44,40-44,M,5438,6166,11604,728,0.1338727473335785
5609,02465,45,45-49,M,5219,6385,11604,1166,0.2234144472121096
15096,01604,26,Under 35,F,5665,5940,11605,275,0.0485436893203883
7527,01776,58,55-59,M,5317,6289,11606,972,0.1828098551814933
10216,73108,34,Under 35,F,5381,6225,11606,844,0.1568481694852257
7385,80301,22,Under 35,F,5339,6267,11606,928,0.1738153212212024
8072,02056,44,40-44,M,5375,6231,11606,856,0.1592558139534883
2087,80215,37,35-39,M,4967,6640,11607,1673,0.3368230320112744
4314,11211,29,Under 35,M,5330,6277,11607,947,0.1776735459662289
8861,93908,57,55-59,M,5634,5973,11607,339,0.0601703940362087
11585,92109,28,Under 35,F,5578,6030,11608,452,0.0810326281821441
9707,19335,45,45-49,M,5701,5907,11608,206,0.0361340115769163
10471,18951,58,55-59,M,5656,5952,11608,296,0.0523338048090523
14669,92110,23,Under 35,F,5537,6072,11609,535,0.0966227198844139
10196,03801,48,45-49,M,5637,5973,11610,336,0.0596061734965407
5324,01821,35,35-39,M,5462,6148,11610,686,0.1255950201391431
10728,92130,49,45-49,M,5739,5871,11610,132,0.0230005227391531
2433,80206,27,Under 35,M,5581,6030,11611,449,0.0804515319835155
11133,15212,23,Under 35,F,5638,5973,11611,335,0.059418233416105
3255,36609,30,Under 35,M,5206,6405,11611,1199,0.2303111794083749
5452,11373,41,40-44,M,5201,6411,11612,1210,0.2326475677754278
6444,29607,44,40-44,M,5314,6298,11612,984,0.1851712457659013
7631,26170,46,45-49,M,5375,6237,11612,862,0.1603720930232558
5463,11214,48,45-49,M,5395,6217,11612,822,0.1523632993512511
6066,97224,42,40-44,M,5376,6236,11612,860,0.159970238095238
4866,98199,37,35-39,M,5391,6222,11613,831,0.1541457985531441
6734,20176,36,35-39,M,5402,6211,11613,809,0.1497593483894853
2535,43026,36,35-39,M,5722,5892,11614,170,0.0297098916462775
8139,02474,43,40-44,M,5425,6189,11614,764,0.1408294930875576
9248,01890,25,Under 35,F,5451,6164,11615,713,0.1308016877637131
7548,20815,46,45-49,M,5599,6016,11615,417,0.0744775852830862
6719,20815,35,35-39,M,5228,6388,11616,1160,0.2218821729150726
5236,02116,29,Under 35,M,5547,6069,11616,522,0.094104921579232
12046,20001,31,Under 35,F,5739,5878,11617,139,0.0242202474298658
7688,20902,42,40-44,M,5693,5924,11617,231,0.0405761461443878
4329,80227,27,Under 35,F,5230,6387,11617,1157,0.2212237093690248
4867,61822,35,35-39,M,5308,6310,11618,1002,0.1887716654107008
8154,02132,41,40-44,M,5359,6259,11618,900,0.1679417801828699
9456,04901,48,45-49,M,5609,6009,11618,400,0.0713139597076127
6529,94597,38,35-39,M,5572,6047,11619,475,0.0852476669059583
8715,70737,40,40-44,M,5706,5913,11619,207,0.0362776025236593
24026,02127,24,Under 35,M,5528,6091,11619,563,0.1018451519536903
5295,63130,33,Under 35,F,5298,6321,11619,1023,0.1930917327293318
5464,11220,49,45-49,M,5490,6129,11619,639,0.1163934426229508
10597,28210,52,50-54,M,5407,6213,11620,806,0.1490660255224708
4117,06804,41,40-44,F,5459,6161,11620,702,0.128594980765708
10494,75039,32,Under 35,F,5589,6031,11620,442,0.0790839148327071
16322,27705,28,Under 35,F,5670,5951,11621,281,0.0495590828924162
10271,45202,26,Under 35,F,5535,6087,11622,552,0.0997289972899729
8949,02043,40,40-44,M,5426,6196,11622,770,0.1419093254699594
760,17007,27,Under 35,M,5027,6595,11622,1568,0.3119156554605132
3771,92557,23,Under 35,M,5168,6455,11623,1287,0.249032507739938
1559,60187,30,Under 35,F,5464,6159,11623,695,0.1271961932650073
7591,80027,37,35-39,F,5612,6011,11623,399,0.0710976478973628
3803,92102,28,Under 35,M,5001,6623,11624,1622,0.3243351329734053
13179,48306,30,Under 35,F,5762,5863,11625,101,0.0175286358903158
5487,98034,55,55-59,F,5486,6139,11625,653,0.1190302588406853
7438,54311,41,40-44,M,5597,6028,11625,431,0.0770055386814364
2090,52245,20,Under 35,M,5283,6342,11625,1059,0.2004542873367404
3064,98034,54,50-54,M,5486,6139,11625,653,0.1190302588406853
10150,10128,29,Under 35,F,5555,6071,11626,516,0.0928892889288929
6302,76502,37,35-39,M,5367,6260,11627,893,0.1663871809204397
14680,77088,25,Under 35,F,5330,6297,11627,967,0.1814258911819887
1427,18034,31,Under 35,M,5019,6608,11627,1589,0.3165969316596931
2035,44708,30,Under 35,M,5097,6530,11627,1433,0.2811457720227585
10764,13108,35,35-39,F,5658,5969,11627,311,0.0549664192294096
3429,77433,33,Under 35,M,5123,6504,11627,1381,0.2695686121413234
14740,90403,29,Under 35,F,5724,5904,11628,180,0.0314465408805031
10299,02478,44,40-44,F,5638,5992,11630,354,0.0627882227740333
8575,68116,41,40-44,M,5596,6035,11631,439,0.0784488920657612
4330,19901,45,45-49,M,5317,6314,11631,997,0.1875117547489185
6425,93108,37,35-39,M,5370,6261,11631,891,0.1659217877094972
4203,02144,30,Under 35,M,5487,6144,11631,657,0.1197375615090213
7837,27516,51,50-54,M,5675,5957,11632,282,0.0496916299559471
7269,06085,45,45-49,F,5352,6281,11633,929,0.1735799701046337
13736,08012,33,Under 35,F,5256,6378,11634,1122,0.2134703196347032
9103,78209,47,45-49,M,5589,6046,11635,457,0.0817677580962605
8394,03825,46,45-49,M,5168,6469,11637,1301,0.2517414860681115
6707,01569,39,35-39,M,5620,6017,11637,397,0.0706405693950178
8460,33177,45,45-49,M,5379,6259,11638,880,0.16359918200409
8611,60148,44,40-44,M,5450,6189,11639,739,0.1355963302752293
8206,34787,40,40-44,M,5413,6226,11639,813,0.1501939774616663
9175,98126,47,45-49,M,5712,5927,11639,215,0.0376400560224089
11136,84105,24,Under 35,F,5551,6089,11640,538,0.0969194739686543
2454,27526,42,40-44,M,4906,6734,11640,1828,0.3726049735018344
3091,19075,42,40-44,M,5155,6485,11640,1330,0.2580019398642095
13271,11222,27,Under 35,F,5470,6170,11640,700,0.1279707495429616
16451,02921,35,35-39,F,5772,5869,11641,97,0.0168052668052668
1957,25801,43,40-44,M,5463,6178,11641,715,0.1308804686069924
16645,78703,25,Under 35,F,5649,5993,11642,344,0.0608957337581872
10788,80909,26,Under 35,F,5472,6170,11642,698,0.1275584795321637
4007,53004,21,Under 35,M,5305,6338,11643,1033,0.1947219604147031
5454,98052,39,35-39,M,5010,6633,11643,1623,0.3239520958083832
7089,94595,29,Under 35,M,5438,6205,11643,767,0.1410445016550202
6229,11566,45,45-49,M,5414,6229,11643,815,0.1505356483191725
13016,16648,47,45-49,M,5756,5888,11644,132,0.0229325920778318
8477,37403,40,40-44,M,5482,6162,11644,680,0.1240423203210507
2062,77355,52,50-54,M,5722,5922,11644,200,0.0349528137015029
8232,02038,47,45-49,M,5412,6232,11644,820,0.1515151515151515
7174,27705,42,40-44,M,5630,6014,11644,384,0.0682060390763765
9036,23220,46,45-49,M,5617,6028,11645,411,0.073170731707317
10467,98466,29,Under 35,F,5586,6059,11645,473,0.0846759756534192
7411,12019,50,50-54,M,5442,6203,11645,761,0.1398382947445792
7345,01945,44,40-44,M,5450,6195,11645,745,0.136697247706422
5399,60089,45,45-49,F,5579,6067,11646,488,0.0874708729162932
11456,27712,38,35-39,F,5675,5971,11646,296,0.05215859030837
9719,80537,45,45-49,M,5484,6162,11646,678,0.1236323851203501
6406,73103,33,Under 35,F,5686,5960,11646,274,0.0481885332395357
3251,53204,32,Under 35,M,5142,6505,11647,1363,0.2650719564371839
9949,19096,44,40-44,F,5648,5999,11647,351,0.0621458923512747
8293,93063,44,40-44,M,5750,5897,11647,147,0.0255652173913043
6121,02356,37,35-39,M,5806,5841,11647,35,0.0060282466414054
5204,95118,40,40-44,M,5339,6309,11648,970,0.1816819629144034
7667,28412,26,Under 35,F,5624,6025,11649,401,0.0713015647226173
14059,90029,28,Under 35,F,5390,6259,11649,869,0.1612244897959183
5061,10552,48,45-49,M,5325,6324,11649,999,0.1876056338028169
4422,02141,33,Under 35,M,5205,6445,11650,1240,0.2382324687800192
7479,02458,35,35-39,F,5549,6102,11651,553,0.0996575959632366
10856,28105,25,Under 35,F,5631,6020,11651,389,0.0690818682294441
13348,18055,45,45-49,F,5737,5914,11651,177,0.0308523618616001
7436,35630,41,40-44,M,5750,5901,11651,151,0.0262608695652173
10013,02150,35,35-39,F,5600,6051,11651,451,0.0805357142857142
9960,27215,46,45-49,M,5724,5928,11652,204,0.0356394129979035
3111,98290,25,Under 35,M,5219,6433,11652,1214,0.2326116114198122
8845,06355,42,40-44,M,5694,5958,11652,264,0.0463645943097997
3011,60607,23,Under 35,M,5115,6537,11652,1422,0.2780058651026393
6085,94062,37,35-39,M,5190,6462,11652,1272,0.2450867052023121
8609,97219,46,45-49,M,5145,6508,11653,1363,0.2649173955296404
12071,55746,43,40-44,F,5555,6098,11653,543,0.0977497749774977
3354,55108,23,Under 35,M,5306,6347,11653,1041,0.1961929890689785
9136,01543,41,40-44,F,5595,6059,11654,464,0.0829311885612153
6879,94066,46,45-49,M,5403,6251,11654,848,0.1569498426799926
454,44236,22,Under 35,M,5070,6584,11654,1514,0.2986193293885602
4750,10031,30,Under 35,M,5190,6465,11655,1275,0.245664739884393
12359,01730,48,45-49,F,5820,5836,11656,16,0.0027491408934707
7830,01982,54,50-54,M,5634,6022,11656,388,0.0688675896343627
9899,80016,51,50-54,F,5641,6015,11656,374,0.0663003013650062
16072,21531,31,Under 35,F,5843,5813,11656,-30,-0.005134348793428
12739,93023,29,Under 35,F,5705,5951,11656,246,0.0431200701139351
2390,02122,26,Under 35,M,5114,6543,11657,1429,0.2794290183809151
15588,29609,38,35-39,M,5654,6004,11658,350,0.0619030774672798
10452,57702,47,45-49,M,5634,6024,11658,390,0.0692225772097976
12669,14513,26,Under 35,F,5614,6044,11658,430,0.0765942287139294
13029,53072,22,Under 35,F,5674,5986,11660,312,0.0549876630243214
1694,15010,26,Under 35,M,4638,7022,11660,2384,0.5140146614920225
7844,53818,44,40-44,F,5705,5956,11661,251,0.0439964943032427
10145,33759,46,45-49,M,5875,5786,11661,-89,-0.0151489361702127
658,19107,36,35-39,M,5521,6140,11661,619,0.1121173700416591
14921,01040,23,Under 35,F,5536,6125,11661,589,0.1063945086705202
7860,03031,51,50-54,M,5748,5914,11662,166,0.0288796102992345
14994,21230,34,Under 35,M,5066,6596,11662,1530,0.3020134228187919
7595,65101,41,40-44,M,5239,6423,11662,1184,0.2259973277343004
9604,77027,43,40-44,F,5654,6008,11662,354,0.062610541209763
7014,32904,48,45-49,M,5347,6315,11662,968,0.1810360950065457
9541,20009,30,Under 35,F,5488,6174,11662,686,0.125
5251,98053,46,45-49,M,5249,6413,11662,1164,0.2217565250523909
2900,84003,29,Under 35,M,5383,6280,11663,897,0.1666357049972134
12422,11218,45,45-49,F,5669,5995,11664,326,0.0575057329334979
12329,10280,29,Under 35,F,5637,6027,11664,390,0.069185737094199
9927,90254,50,50-54,M,5676,5988,11664,312,0.054968287526427
12294,48105,36,35-39,F,5769,5895,11664,126,0.0218408736349454
5692,98012,37,35-39,M,5310,6355,11665,1045,0.1967984934086629
3422,02118,24,Under 35,M,4889,6776,11665,1887,0.3859685007158928
11451,02139,30,Under 35,F,5777,5888,11665,111,0.0192141249783624
10329,07735,48,45-49,F,5579,6086,11665,507,0.0908765011650833
11024,08053,27,Under 35,F,5611,6055,11666,444,0.0791302798075209
5793,06374,50,50-54,M,5323,6343,11666,1020,0.1916212662032688
11841,49126,46,45-49,M,5618,6048,11666,430,0.0765396938412246
3027,02119,50,50-54,M,5405,6262,11667,857,0.1585568917668825
6697,43026,56,55-59,M,5611,6056,11667,445,0.0793085011584387
12420,10009,26,Under 35,F,5661,6007,11668,346,0.0611199434728846
1298,07070,41,40-44,M,5332,6336,11668,1004,0.1882970742685671
12675,14870,36,35-39,F,5630,6039,11669,409,0.0726465364120781
8321,97756,52,50-54,M,5488,6181,11669,693,0.1262755102040816
16118,27614,33,Under 35,F,5850,5819,11669,-31,-0.0052991452991453
6056,64114,37,35-39,M,5114,6556,11670,1442,0.281971059835745
10223,03079,55,55-59,M,5609,6062,11671,453,0.0807630593688714
4507,28078,30,Under 35,M,5329,6342,11671,1013,0.1900919497091386
4432,20024,30,Under 35,M,5520,6152,11672,632,0.1144927536231884
13059,80403,51,50-54,M,5760,5912,11672,152,0.0263888888888888
4428,12018,24,Under 35,M,5196,6476,11672,1280,0.2463433410315627
2043,41048,42,40-44,M,5509,6164,11673,655,0.118896351424941
5740,94558,43,40-44,M,5340,6333,11673,993,0.1859550561797752
7210,55401,42,40-44,M,5351,6323,11674,972,0.181648290039245
7389,27519,49,45-49,M,5284,6390,11674,1106,0.2093111279333838
7938,58102,55,55-59,M,5405,6269,11674,864,0.1598519888991674
10900,30324,32,Under 35,F,5566,6109,11675,543,0.0975565936040244
10457,63362,24,Under 35,F,5707,5969,11676,262,0.0459085333800595
6940,48451,37,35-39,M,5598,6078,11676,480,0.0857449088960343
4744,19147,35,35-39,M,5319,6357,11676,1038,0.1951494641849971
2110,80304,30,Under 35,M,5076,6600,11676,1524,0.3002364066193853
1710,43206,30,Under 35,M,5691,5986,11677,295,0.0518362326480407
10519,23223,29,Under 35,F,5539,6139,11678,600,0.1083228019498104
8243,22308,64,60-64,M,5491,6187,11678,696,0.1267528683299945
3171,12401,35,35-39,M,5068,6610,11678,1542,0.3042620363062352
8012,85251,45,45-49,F,5361,6318,11679,957,0.1785114717403469
11102,08054,29,Under 35,F,5668,6011,11679,343,0.060515172900494
29533,19147,25,Under 35,M,5549,6131,11680,582,0.1048837628401513
6559,80020,29,Under 35,F,5712,5968,11680,256,0.0448179271708683
12704,84020,31,Under 35,F,5647,6033,11680,386,0.068354878696653
8520,02170,26,Under 35,F,5166,6514,11680,1348,0.2609368950832365
13652,01983,50,50-54,M,5828,5852,11680,24,0.004118050789293
5208,02446,29,Under 35,F,5382,6299,11681,917,0.170382757339279
5213,94044,40,40-44,M,5435,6246,11681,811,0.1492180312787488
12761,06840,60,60-64,F,5572,6110,11682,538,0.0965541995692749
8090,80401,43,40-44,M,5501,6181,11682,680,0.1236138883839302
1504,21208,27,Under 35,M,4976,6707,11683,1731,0.3478697749196141
10017,30024,52,50-54,M,5632,6052,11684,420,0.0745738636363636
8215,28443,42,40-44,M,5370,6314,11684,944,0.1757914338919925
4056,30114,25,Under 35,M,5093,6591,11684,1498,0.2941291969369723
8615,82240,42,40-44,M,5387,6297,11684,910,0.1689251902728791
8508,55387,52,50-54,F,5646,6038,11684,392,0.069429684732554
9562,87106,31,Under 35,F,5784,5901,11685,117,0.0202282157676348
8859,47725,46,45-49,M,5375,6310,11685,935,0.173953488372093
14958,10065,30,Under 35,F,5844,5841,11685,-3,-0.0005133470225872
8413,10573,50,50-54,M,5452,6233,11685,781,0.1432501834189288
8271,33408,29,Under 35,F,5651,6035,11686,384,0.0679525747655282
7281,78227,25,Under 35,F,5627,6059,11686,432,0.0767727030389194
8409,04274,42,40-44,M,5359,6327,11686,968,0.1806307146855756
11117,21230,32,Under 35,F,5624,6062,11686,438,0.0778805120910384
9125,11249,45,45-49,M,5270,6416,11686,1146,0.2174573055028463
3624,55812,25,Under 35,M,5224,6463,11687,1239,0.2371745788667687
9641,55387,52,50-54,M,5712,5976,11688,264,0.0462184873949579
3530,01007,36,35-39,M,5297,6391,11688,1094,0.2065319992448555
8371,98004,49,45-49,M,5670,6019,11689,349,0.0615520282186948
10725,27253,54,50-54,M,5757,5932,11689,175,0.0303977766197672
16533,91941,28,Under 35,F,5824,5866,11690,42,0.0072115384615384
29917,03867,36,35-39,M,5587,6103,11690,516,0.0923572579201718
8826,06820,46,45-49,M,5462,6229,11691,767,0.1404247528377883
16515,07055,20,Under 35,F,5755,5936,11691,181,0.0314509122502172
8258,60514,47,45-49,M,5678,6013,11691,335,0.0589996477632969
5457,55902,43,40-44,M,5159,6532,11691,1373,0.2661368482264005
6374,46220,46,45-49,M,5309,6382,11691,1073,0.2021096251648144
9783,01915,31,Under 35,F,5662,6030,11692,368,0.0649947015188979
4246,03063,46,45-49,M,5151,6541,11692,1390,0.269850514463211
14063,02140,53,50-54,M,5653,6039,11692,386,0.0682823279674509
9470,90248,47,45-49,M,5674,6018,11692,344,0.0606274233345082
2918,44116,39,35-39,F,5562,6130,11692,568,0.1021215390147429
14025,90042,24,Under 35,F,5757,5936,11693,179,0.0310925829425047
13643,37212,33,Under 35,F,5742,5951,11693,209,0.0363984674329501
11325,29710,37,35-39,F,5664,6030,11694,366,0.0646186440677966
14928,77024,27,Under 35,F,5881,5813,11694,-68,-0.0115626594116646
9857,99208,45,45-49,M,5465,6230,11695,765,0.1399817017383348
9505,81632,28,Under 35,F,5604,6091,11695,487,0.0869022127052105
10386,92109,48,45-49,M,5668,6027,11695,359,0.0633380381086803
4275,98122,25,Under 35,M,5318,6377,11695,1059,0.1991350131628431
13100,06037,50,50-54,M,5634,6061,11695,427,0.0757898473553425
8821,92122,38,35-39,F,5609,6086,11695,477,0.0850418969513282
6514,60118,46,45-49,M,5511,6186,11697,675,0.1224823081110506
6464,14850,44,40-44,M,5485,6212,11697,727,0.1325432999088423
5306,75077,35,35-39,M,5336,6362,11698,1026,0.1922788605697151
8209,55129,45,45-49,M,5595,6103,11698,508,0.0907953529937444
8256,46037,53,50-54,M,5635,6064,11699,429,0.076131322094055
10280,19103,50,50-54,M,5614,6085,11699,471,0.0838973993587459
13122,46074,36,35-39,F,5769,5931,11700,162,0.0280811232449297
14422,01778,30,Under 35,F,5754,5946,11700,192,0.0333680917622523
14655,30318,38,35-39,F,5639,6062,11701,423,0.0750133002305373
10888,10019,31,Under 35,F,5801,5900,11701,99,0.0170660230994656
6631,07029,44,40-44,M,5636,6066,11702,430,0.0762952448545067
6449,10024,39,35-39,M,5364,6339,11703,975,0.1817673378076062
4154,08520,24,Under 35,M,5287,6416,11703,1129,0.213542651787403
6585,80027,39,35-39,F,5187,6518,11705,1331,0.2566030460767303
7440,21774,40,40-44,M,5376,6329,11705,953,0.1772693452380952
4808,29172,32,Under 35,M,5273,6433,11706,1160,0.2199886212782097
6139,08807,50,50-54,M,5735,5972,11707,237,0.0413251961639058
7467,80227,44,40-44,M,5184,6523,11707,1339,0.2582947530864197
8021,12211,49,45-49,M,5337,6370,11707,1033,0.1935544313284616
28551,03103,31,Under 35,M,5813,5894,11707,81,0.0139342852227765
8180,30082,40,40-44,M,5017,6690,11707,1673,0.3334662148694439
4446,55413,23,Under 35,M,5201,6506,11707,1305,0.2509132859065564
5640,94583,57,55-59,M,5563,6145,11708,582,0.1046198094553298
1378,16061,22,Under 35,M,4592,7116,11708,2524,0.5496515679442509
12202,19003,24,Under 35,F,5787,5923,11710,136,0.0235009504060825
5032,35124,55,55-59,M,5399,6312,11711,913,0.1691053898870161
12242,08820,58,55-59,M,5732,5980,11712,248,0.0432658757850662
6479,55304,37,35-39,M,5413,6300,11713,887,0.1638647699981525
6397,91325,42,40-44,M,5437,6276,11713,839,0.1543130402795659
12987,58580,51,50-54,M,5802,5911,11713,109,0.0187866253016201
11581,30067,45,45-49,M,5625,6088,11713,463,0.0823111111111111
359,60614,34,Under 35,M,5299,6415,11714,1116,0.2106057746744668
4918,60626,38,35-39,M,5300,6414,11714,1114,0.210188679245283
3860,66204,27,Under 35,M,5298,6416,11714,1118,0.2110230275575688
9493,33606,29,Under 35,F,5405,6311,11716,906,0.1676225716928769
11471,68116,51,50-54,M,5747,5969,11716,222,0.0386288498346963
9524,94526,22,Under 35,F,5636,6082,11718,446,0.0791341376863023
5144,75019,20,Under 35,M,5319,6399,11718,1080,0.2030456852791878
12096,92657,37,35-39,F,5782,5937,11719,155,0.0268073331027326
9090,60641,67,65-69,M,5816,5903,11719,87,0.014958734525447
14416,55105,35,35-39,F,5810,5910,11720,100,0.0172117039586919
12384,11580,45,45-49,M,5750,5970,11720,220,0.0382608695652173
7149,20871,41,40-44,M,5242,6478,11720,1236,0.2357878672262495
25594,02134,29,Under 35,M,5654,6067,11721,413,0.0730456314113901
16128,30308,27,Under 35,F,5499,6223,11722,724,0.1316603018730678
6348,02138,38,35-39,M,5407,6315,11722,908,0.1679304605141483
13325,18938,27,Under 35,F,5816,5907,11723,91,0.0156464924346629
971,97035,47,45-49,M,6216,5507,11723,-709,-0.114060489060489
2485,44111,39,35-39,M,5212,6511,11723,1299,0.2492325402916347
9154,48642,51,50-54,F,5613,6110,11723,497,0.0885444503830393
6383,95816,37,35-39,M,5415,6310,11725,895,0.1652816251154201
420,94596,34,Under 35,M,4623,7102,11725,2479,0.5362318840579711
5383,94110,36,35-39,M,5077,6648,11725,1571,0.3094347055347646
12521,37069,32,Under 35,F,5769,5957,11726,188,0.032587970185474
12560,74501,39,35-39,F,5685,6041,11726,356,0.0626209322779243
7229,03054,35,35-39,M,5374,6353,11727,979,0.1821734276144399
1054,28204,28,Under 35,M,5028,6699,11727,1671,0.3323389021479713
1491,94556,44,40-44,M,5051,6677,11728,1626,0.3219164521876856
8629,45244,39,35-39,F,5405,6324,11729,919,0.1700277520814061
7556,46032,41,40-44,M,5410,6320,11730,910,0.1682070240295748
11109,30904,28,Under 35,F,5357,6373,11730,1016,0.1896583908904237
9862,59937,36,35-39,F,5598,6132,11730,534,0.0953912111468381
8737,97603,42,40-44,M,5867,5864,11731,-3,-0.0005113345832623
14952,40245,27,Under 35,F,5727,6004,11731,277,0.0483673825737733
11763,94123,33,Under 35,F,5780,5951,11731,171,0.0295847750865051
29576,02138,29,Under 35,M,5693,6038,11731,345,0.0606007377481117
12109,33326,54,50-54,M,5776,5957,11733,181,0.0313365650969529
5656,89144,40,40-44,M,5387,6346,11733,959,0.1780211620568034
8169,43026,43,40-44,M,5571,6162,11733,591,0.106085083467959
15449,20817,27,Under 35,F,5605,6128,11733,523,0.0933095450490633
7675,84098,45,45-49,F,5777,5958,11735,181,0.0313311407304829
414,30750,24,Under 35,M,4539,7197,11736,2658,0.5855915399867813
5543,44313,41,40-44,M,5336,6400,11736,1064,0.1994002998500749
11466,32312,29,Under 35,F,5600,6137,11737,537,0.0958928571428571
2710,02139,28,Under 35,M,4542,7195,11737,2653,0.5841039189784236
10007,06878,47,45-49,M,5627,6110,11737,483,0.0858361471476808
8853,98586,55,55-59,M,5330,6407,11737,1077,0.2020637898686679
8073,11375,37,35-39,F,5383,6355,11738,972,0.180568456251161
5950,14125,33,Under 35,F,5593,6145,11738,552,0.0986947970677632
5170,21214,37,35-39,M,5400,6339,11739,939,0.1738888888888889
13056,02127,25,Under 35,F,5666,6073,11739,407,0.0718319802329685
11662,54650,57,55-59,M,5771,5969,11740,198,0.0343094784266158
12769,38103,25,Under 35,F,5517,6223,11740,706,0.1279680986043139
5054,19803,45,45-49,M,5443,6297,11740,854,0.1568987690611795
6206,10044,51,50-54,M,5462,6278,11740,816,0.14939582570487
14923,29681,33,Under 35,F,5258,6482,11740,1224,0.2327881323697223
12838,94121,31,Under 35,F,5896,5844,11740,-52,-0.0088195386702849
10354,28211,31,Under 35,F,5632,6109,11741,477,0.0846946022727272
12223,54021,25,Under 35,F,5683,6059,11742,376,0.066162238254443
12397,84045,29,Under 35,F,5508,6234,11742,726,0.1318082788671024
8929,14586,48,45-49,M,5273,6469,11742,1196,0.2268158543523611
4455,44109,28,Under 35,F,5260,6483,11743,1223,0.232509505703422
16954,06076,36,35-39,F,5708,6036,11744,328,0.0574632095304835
4725,22554,32,Under 35,M,5337,6407,11744,1070,0.2004871650740116
10922,20139,32,Under 35,F,5646,6098,11744,452,0.0800566772936592
12753,05445,41,40-44,F,5776,5968,11744,192,0.0332409972299169
9531,46032,48,45-49,M,5510,6234,11744,724,0.1313974591651542
1821,60056,29,Under 35,M,5291,6454,11745,1163,0.2198072198072198
15070,80513,36,35-39,F,5499,6246,11745,747,0.1358428805237315
9727,62712,50,50-54,M,5464,6282,11746,818,0.1497071742313323
1068,94538,34,Under 35,M,5031,6716,11747,1685,0.3349234744583582
8319,21014,43,40-44,F,5591,6156,11747,565,0.1010552673940261
13839,92620,56,55-59,M,5737,6011,11748,274,0.0477601533902736
9871,97202,26,Under 35,F,5768,5980,11748,212,0.036754507628294
9214,64111,23,Under 35,F,5282,6466,11748,1184,0.2241575160923892
8240,06085,36,35-39,F,5354,6395,11749,1041,0.1944340679865521
8881,91384,43,40-44,M,5192,6558,11750,1366,0.2630970724191063
8412,76116,29,Under 35,F,5637,6114,11751,477,0.0846194784459819
6054,62411,44,40-44,M,5419,6332,11751,913,0.1684812696069385
9179,37363,33,Under 35,F,5495,6256,11751,761,0.1384895359417652
2513,07016,41,40-44,M,5202,6550,11752,1348,0.2591311034217609
5704,10024,37,35-39,M,5763,5989,11752,226,0.0392156862745098
7881,80304,46,45-49,M,5626,6127,11753,501,0.0890508354070387
10041,46970,57,55-59,M,5682,6071,11753,389,0.0684618092221048
6380,89084,39,35-39,M,5204,6549,11753,1345,0.2584550345887779
5599,06033,47,45-49,M,5748,6005,11753,257,0.0447112038970076
16161,21012,21,Under 35,F,5877,5877,11754,0,0.0
13608,89408,29,Under 35,F,5889,5865,11754,-24,-0.0040753948038716
12499,11222,32,Under 35,F,5649,6105,11754,456,0.0807222517259692
14066,02145,40,40-44,F,5835,5920,11755,85,0.014567266495287
7192,10024,55,55-59,M,5331,6424,11755,1093,0.2050271993997373
5850,47909,54,50-54,M,5600,6156,11756,556,0.0992857142857142
9746,33470,36,35-39,F,5591,6165,11756,574,0.1026649973171168
9000,12303,45,45-49,F,5530,6226,11756,696,0.1258589511754068
3062,44202,19,Under 35,M,5224,6533,11757,1309,0.2505742725880551
10398,60647,47,45-49,M,5700,6057,11757,357,0.0626315789473684
10811,33549,47,45-49,M,5758,5999,11757,241,0.041854810698159
9858,02482,40,40-44,F,5620,6137,11757,517,0.0919928825622775
2582,43103,28,Under 35,M,5164,6593,11757,1429,0.2767234701781564
7055,94501,50,50-54,M,5398,6359,11757,961,0.1780288995924416
13444,46845,38,35-39,F,5795,5963,11758,168,0.028990509059534
7884,94977,58,55-59,F,5480,6279,11759,799,0.1458029197080292
11181,55410,46,45-49,M,5459,6300,11759,841,0.1540575196922513
7109,60563,48,45-49,M,5525,6234,11759,709,0.1283257918552036
14848,10027,35,35-39,F,5634,6125,11759,491,0.087149449769258
15333,01945,39,35-39,F,5801,5958,11759,157,0.0270642992587484
11959,49707,29,Under 35,F,5662,6097,11759,435,0.076827975980219
5989,02468,58,55-59,M,5487,6273,11760,786,0.1432476763258611
11538,02116,25,Under 35,F,5594,6166,11760,572,0.1022524132999642
10341,06897,55,55-59,M,5681,6079,11760,398,0.0700580883647245
13112,19382,43,40-44,F,5799,5961,11760,162,0.0279358510087946
13052,30316,37,35-39,F,5568,6192,11760,624,0.1120689655172413
15413,02130,29,Under 35,F,5477,6284,11761,807,0.147343436187694
6607,10028,36,35-39,M,5755,6006,11761,251,0.0436142484795829
7515,68310,57,55-59,M,5430,6331,11761,901,0.1659300184162062
9710,94566,48,45-49,M,5676,6085,11761,409,0.0720577871740662
7462,97333,43,40-44,M,5446,6316,11762,870,0.1597502754315093
17031,14052,44,40-44,F,5610,6152,11762,542,0.0966131907308378
3931,84117,32,Under 35,M,5256,6506,11762,1250,0.2378234398782344
17451,43112,35,35-39,F,5517,6246,11763,729,0.132137030995106
4006,63385,26,Under 35,M,4622,7142,11764,2520,0.5452185201211597
1067,84020,35,35-39,M,4618,7146,11764,2528,0.5474231268947596
8005,55427,42,40-44,M,5614,6150,11764,536,0.0954755967224795
5671,03766,39,35-39,M,5146,6618,11764,1472,0.2860474154683249
5135,53593,35,35-39,M,5159,6606,11765,1447,0.2804807133165342
10803,03304,53,50-54,F,5722,6043,11765,321,0.0560992659909122
5253,92706,40,40-44,M,5380,6385,11765,1005,0.1868029739776951
14765,68516,43,40-44,F,5725,6040,11765,315,0.0550218340611353
6713,02169,44,40-44,M,5396,6369,11765,973,0.1803187546330615
6742,20910,45,45-49,M,5478,6287,11765,809,0.1476816356334428
12728,03063,39,35-39,F,5697,6069,11766,372,0.0652975250131648
4716,19107,26,Under 35,M,5514,6252,11766,738,0.1338411316648531
8865,44136,46,45-49,M,5762,6004,11766,242,0.0419993057965984
14138,17313,42,40-44,F,5505,6263,11768,758,0.1376930063578565
4526,07076,40,40-44,M,5416,6352,11768,936,0.172821270310192
9912,02119,48,45-49,M,5372,6396,11768,1024,0.1906180193596426
5988,06073,36,35-39,F,5581,6188,11769,607,0.1087618706325031
11035,26726,53,50-54,M,5662,6107,11769,445,0.0785941363475803
8261,02143,24,Under 35,F,5473,6296,11769,823,0.1503745660515256
10655,92057,34,Under 35,F,5691,6078,11769,387,0.0680021085925145
11237,98136,36,35-39,F,5761,6008,11769,247,0.0428745009546953
10809,02766,48,45-49,M,5645,6127,11772,482,0.0853852967227635
2299,45208,36,35-39,M,5267,6507,11774,1240,0.2354281374596544
6752,32082,55,55-59,M,5528,6246,11774,718,0.1298842257597684
6714,53593,36,35-39,M,5488,6287,11775,799,0.1455903790087463
1917,17042,21,Under 35,M,4941,6834,11775,1893,0.3831208257437765
1237,94305,30,Under 35,M,5920,5855,11775,-65,-0.0109797297297297
9093,95864,50,50-54,M,5725,6051,11776,326,0.056943231441048
8191,02140,25,Under 35,F,5326,6450,11776,1124,0.2110401802478407
2460,04426,43,40-44,M,5103,6673,11776,1570,0.3076621595140114
5896,60093,40,40-44,M,5468,6308,11776,840,0.1536210680321872
9395,02446,46,45-49,M,5652,6125,11777,473,0.0836871903750884
12119,27526,25,Under 35,F,5591,6187,11778,596,0.1065998926846718
11477,60561,45,45-49,M,5866,5913,11779,47,0.0080122741220593
14408,46307,23,Under 35,F,5765,6014,11779,249,0.043191673894189
30613,11249,28,Under 35,M,5391,6389,11780,998,0.185123353737711
12412,84005,41,40-44,F,5736,6044,11780,308,0.0536959553695955
10654,95818,37,35-39,F,5763,6017,11780,254,0.0440742668748915
8696,19016,50,50-54,M,5537,6244,11781,707,0.1276864728192162
4530,44875,20,Under 35,M,5051,6730,11781,1679,0.3324094238764601
26904,28217,29,Under 35,M,5471,6311,11782,840,0.1535368305611405
13413,59715,28,Under 35,F,5771,6011,11782,240,0.0415872465777161
3431,02163,31,Under 35,M,5253,6529,11782,1276,0.2429088140110413
2853,54911,32,Under 35,M,5349,6433,11782,1084,0.202654701813423
30096,06807,33,Under 35,M,5864,5920,11784,56,0.0095497953615279
10862,03801,47,45-49,M,5460,6324,11784,864,0.1582417582417582
9317,80111,36,35-39,F,5491,6293,11784,802,0.1460571844837006
16247,90232,34,Under 35,F,5905,5879,11784,-26,-0.0044030482641828
4252,43201,26,Under 35,M,5371,6414,11785,1043,0.1941910258797244
7187,15222,35,35-39,M,5443,6342,11785,899,0.1651662686018739
3348,19063,24,Under 35,M,5141,6644,11785,1503,0.2923555728457498
7859,01267,52,50-54,M,5777,6009,11786,232,0.0401592522070278
14228,94123,29,Under 35,F,5826,5960,11786,134,0.0230003432887058
10859,83440,46,45-49,F,5619,6168,11787,549,0.0977042178323545
4451,02143,26,Under 35,M,5345,6442,11787,1097,0.2052385406922357
2984,02155,30,Under 35,M,5082,6706,11788,1624,0.3195592286501377
973,02143,27,Under 35,M,4847,6942,11789,2095,0.43222611924902
17435,02472,35,35-39,F,5879,5911,11790,32,0.005443102568464
13067,12159,30,Under 35,F,5682,6108,11790,426,0.0749736008447729
7604,60515,46,45-49,M,5441,6350,11791,909,0.1670648777798198
11315,20155,37,35-39,F,5790,6001,11791,211,0.0364421416234887
14106,94114,33,Under 35,F,5901,5890,11791,-11,-0.0018640908320623
6551,02038,41,40-44,M,5277,6514,11791,1237,0.2344134925146863
7243,17201,42,40-44,M,5381,6411,11792,1030,0.1914142352722542
9231,02453,34,Under 35,F,5793,5999,11792,206,0.0355601588123597
9155,99203,43,40-44,F,5915,5878,11793,-37,-0.0062552831783601
5843,28779,39,35-39,M,5277,6516,11793,1239,0.2347924957362137
24943,02116,39,35-39,M,5442,6351,11793,909,0.1670341786108048
5959,92116,40,40-44,M,5436,6357,11793,921,0.1694260485651214
12603,19146,29,Under 35,F,5781,6013,11794,232,0.0401314651444386
4614,17033,30,Under 35,M,5368,6426,11794,1058,0.1970938897168405
9975,02493,46,45-49,M,5545,6250,11795,705,0.127141568981064
5746,22306,48,45-49,M,5565,6230,11795,665,0.1194968553459119
10010,02032,25,Under 35,F,5304,6491,11795,1187,0.2237933634992458
15368,36362,33,Under 35,F,5833,5962,11795,129,0.0221155494599691
8649,10453,41,40-44,M,5451,6344,11795,893,0.1638231517152816
2313,97078,30,Under 35,M,5095,6701,11796,1606,0.3152109911678116
9787,60607,45,45-49,M,5504,6292,11796,788,0.1431686046511628
14158,32907,24,Under 35,F,5710,6086,11796,376,0.0658493870402802
8710,80304,54,50-54,M,5594,6203,11797,609,0.1088666428316053
7536,16056,40,40-44,M,5661,6136,11797,475,0.0839074368486133
11685,28270,52,50-54,M,5635,6162,11797,527,0.0935226264418811
7021,44133,37,35-39,M,5762,6035,11797,273,0.0473793821589725
15166,06855,34,Under 35,F,5948,5850,11798,-98,-0.0164761264290517
13965,56007,31,Under 35,F,5936,5863,11799,-73,-0.0122978436657681
12250,94611,52,50-54,M,5861,5938,11799,77,0.0131376898140249
7461,43214,40,40-44,M,5315,6484,11799,1169,0.2199435559736594
10059,45140,35,35-39,F,5615,6185,11800,570,0.101513802315227
16069,01473,39,35-39,F,5658,6143,11801,485,0.0857193354542241
17971,06798,36,35-39,F,5647,6155,11802,508,0.0899592704090667
3620,02116,33,Under 35,M,5417,6385,11802,968,0.1786966955879638
8630,10567,50,50-54,M,5542,6262,11804,720,0.1299169974738361
14270,33158,56,55-59,M,5795,6009,11804,214,0.0369283865401207
13409,96826,38,35-39,F,5745,6059,11804,314,0.0546562228024369
6200,98070,37,35-39,M,5393,6411,11804,1018,0.1887632115705544
6836,38112,39,35-39,M,5143,6661,11804,1518,0.2951584678203383
11200,77018,42,40-44,F,5684,6121,11805,437,0.0768824771287825
14352,78751,26,Under 35,F,5568,6237,11805,669,0.1201508620689655
12978,30329,28,Under 35,F,5547,6259,11806,712,0.1283576708130521
14966,28207,35,35-39,F,5787,6020,11807,233,0.0402626576810091
9948,02460,48,45-49,M,5749,6058,11807,309,0.0537484779961732
10481,49071,40,40-44,F,5704,6103,11807,399,0.0699509116409537
12408,33143,28,Under 35,F,5884,5923,11807,39,0.0066281441196464
10943,80205,23,Under 35,F,5505,6302,11807,797,0.1447774750227066
4360,16504,42,40-44,M,5143,6665,11808,1522,0.2959362239937779
26153,02359,24,Under 35,M,5611,6197,11808,586,0.1044377116378542
5795,94111,39,35-39,M,5240,6568,11808,1328,0.2534351145038168
9522,98028,50,50-54,M,5706,6103,11809,397,0.0695758850332982
9990,28403,22,Under 35,F,5454,6355,11809,901,0.1651998533186652
5248,60148,36,35-39,M,5255,6554,11809,1299,0.2471931493815413
13241,29910,54,50-54,M,5270,6540,11810,1270,0.2409867172675522
3816,44406,24,Under 35,M,5196,6614,11810,1418,0.2729022324865281
13969,95111,41,40-44,F,5875,5935,11810,60,0.0102127659574468
9800,28376,45,45-49,M,5718,6093,11811,375,0.0655823714585519
7853,14625,64,60-64,M,5684,6127,11811,443,0.0779380717804363
9251,19146,29,Under 35,F,5756,6056,11812,300,0.0521195274496177
13589,10014,27,Under 35,F,5885,5927,11812,42,0.0071367884451996
5015,92508,56,55-59,M,5144,6669,11813,1525,0.2964618973561431
5551,11249,59,55-59,M,5684,6130,11814,446,0.0784658691062632
1574,94539,21,Under 35,M,4749,7065,11814,2316,0.4876816171825647
12902,53132,32,Under 35,F,5850,5964,11814,114,0.0194871794871794
11527,02155,46,45-49,M,5682,6132,11814,450,0.0791974656810982
11361,19440,49,45-49,M,5788,6026,11814,238,0.0411195577055977
9313,02135,35,35-39,F,5508,6306,11814,798,0.144880174291939
13734,94577,52,50-54,M,5462,6354,11816,892,0.1633101428048333
8315,79912,43,40-44,M,5542,6274,11816,732,0.1320822807650667
16524,64029,28,Under 35,F,5727,6090,11817,363,0.0633839706652697
1736,94941,32,Under 35,M,5238,6579,11817,1341,0.2560137457044673
11590,02127,27,Under 35,F,5569,6248,11817,679,0.1219249416412282
10518,02109,24,Under 35,F,5518,6299,11817,781,0.1415367886915549
4516,45244,43,40-44,M,5765,6053,11818,288,0.049956634865568
5637,17325,41,40-44,M,5394,6424,11818,1030,0.1909529106414534
6564,80302,38,35-39,M,5816,6003,11819,187,0.0321526822558459
11782,06070,51,50-54,M,5704,6115,11819,411,0.072054698457223
8642,30329,27,Under 35,F,5617,6202,11819,585,0.1041481217731885
8177,46033,48,45-49,M,5567,6252,11819,685,0.1230465241602299
13985,30307,55,55-59,M,5835,5985,11820,150,0.0257069408740359
16906,60618,35,35-39,F,5946,5874,11820,-72,-0.012108980827447
9064,48708,45,45-49,M,5671,6149,11820,478,0.0842884852759654
1239,44851,27,Under 35,M,4928,6893,11821,1965,0.3987418831168831
10644,98109,25,Under 35,F,5721,6100,11821,379,0.0662471595874847
8007,48359,29,Under 35,F,5368,6453,11821,1085,0.2021236959761549
10842,92037,29,Under 35,F,5734,6087,11821,353,0.0615626089989536
9343,15228,23,Under 35,F,5451,6370,11821,919,0.1685929187305081
8184,14610,40,40-44,M,5079,6744,11823,1665,0.3278204370939161
3861,60637,27,Under 35,M,5169,6654,11823,1485,0.2872896111433546
10021,38125,54,50-54,M,5635,6189,11824,554,0.0983141082519964
9815,98110,47,45-49,M,5289,6535,11824,1246,0.2355832860654187
12439,32669,53,50-54,F,5637,6187,11824,550,0.0975696292354089
13962,10029,27,Under 35,F,5821,6004,11825,183,0.0314378972685105
14232,28411,35,35-39,F,5928,5897,11825,-31,-0.0052294197031039
7650,11217,43,40-44,M,5481,6345,11826,864,0.1576354679802955
336,80203,29,Under 35,M,5374,6452,11826,1078,0.2005954596203945
2375,97913,25,Under 35,M,5280,6546,11826,1266,0.2397727272727272
2862,32806,20,Under 35,M,5048,6779,11827,1731,0.3429080824088748
14967,90403,28,Under 35,F,5701,6126,11827,425,0.0745483248552885
11750,80602,45,45-49,M,5672,6155,11827,483,0.0851551480959097
10822,32606,26,Under 35,F,5652,6177,11829,525,0.0928874734607218
13512,79423,45,45-49,F,5842,5987,11829,145,0.0248202670318384
9728,49323,52,50-54,M,5706,6123,11829,417,0.0730809674027339
14330,55419,43,40-44,F,5803,6027,11830,224,0.0386007237635705
2565,85710,32,Under 35,M,5226,6604,11830,1378,0.263681592039801
14577,60614,30,Under 35,F,5824,6006,11830,182,0.03125
15037,94102,27,Under 35,F,5838,5993,11831,155,0.026550188420692
15202,89509,21,Under 35,F,5711,6120,11831,409,0.0716161793030992
7904,01754,39,35-39,F,5877,5954,11831,77,0.0131019227497022
7555,60136,21,Under 35,F,5899,5932,11831,33,0.0055941685031361
17455,28203,27,Under 35,F,5793,6039,11832,246,0.0424650440186431
12549,01913,49,45-49,M,5634,6198,11832,564,0.1001064962726304
8756,60487,48,45-49,M,5292,6540,11832,1248,0.2358276643990929
10786,48025,37,35-39,F,5962,5871,11833,-91,-0.0152633344515263
3858,53154,37,35-39,M,5612,6221,11833,609,0.1085174625801853
11328,55129,26,Under 35,F,5773,6061,11834,288,0.0498874068941624
6038,33129,40,40-44,M,5255,6579,11834,1324,0.2519505233111322
6215,63376,66,65-69,M,5544,6290,11834,746,0.1345598845598845
11897,98039,48,45-49,M,5739,6096,11835,357,0.062205959226346
5972,27519,47,45-49,M,5452,6383,11835,931,0.1707630227439471
10879,02135,57,55-59,M,5613,6222,11835,609,0.1084981293425975
12365,60185,28,Under 35,F,5541,6294,11835,753,0.1358960476448294
9819,04009,29,Under 35,F,5572,6263,11835,691,0.1240129217516152
14233,76012,39,35-39,F,5779,6057,11836,278,0.0481052085135836
14386,15857,25,Under 35,F,5667,6170,11837,503,0.0887594847361919
8528,55347,52,50-54,M,5574,6263,11837,689,0.1236096160746322
1259,60004,29,Under 35,M,4959,6878,11837,1919,0.3869731800766283
8220,02822,39,35-39,F,5531,6307,11838,776,0.1403001265593925
13269,94904,29,Under 35,F,5864,5974,11838,110,0.0187585266030013
14040,40220,26,Under 35,F,5717,6122,11839,405,0.0708413503585796
15045,28204,60,60-64,M,5900,5939,11839,39,0.0066101694915254
9447,93117,46,45-49,F,5865,5975,11840,110,0.0187553282182438
11030,27519,47,45-49,M,5642,6199,11841,557,0.0987238567883729
9387,64029,48,45-49,M,5635,6206,11841,571,0.1013309671694764
12892,48067,51,50-54,M,5733,6108,11841,375,0.0654107796964939
12806,07030,29,Under 35,F,5774,6069,11843,295,0.0510910980256321
15038,60102,22,Under 35,F,5880,5963,11843,83,0.0141156462585034
12243,94132,56,55-59,M,5716,6128,11844,412,0.0720783764870538
11037,90630,49,45-49,M,5899,5945,11844,46,0.0077979318528564
7108,02476,50,50-54,M,5567,6277,11844,710,0.1275372732171726
5022,60073,48,45-49,M,5411,6434,11845,1023,0.1890593236000739
8552,66221,37,35-39,F,5646,6199,11845,553,0.0979454481048529
10844,75071,50,50-54,M,5553,6292,11845,739,0.1330812173599856
10331,98117,62,60-64,M,5528,6318,11846,790,0.1429088277858176
11432,55403,24,Under 35,F,5524,6322,11846,798,0.1444605358435916
7214,06878,36,35-39,M,5489,6358,11847,869,0.158316633266533
9460,06896,38,35-39,F,5562,6285,11847,723,0.1299892125134843
10569,07059,53,50-54,M,5612,6235,11847,623,0.1110121168923734
3689,10028,51,50-54,M,5393,6454,11847,1061,0.1967365102911181
9224,80497,36,35-39,F,5697,6150,11847,453,0.0795155344918378
8545,01432,43,40-44,M,5592,6255,11847,663,0.1185622317596566
11647,02118,24,Under 35,F,5910,5938,11848,28,0.0047377326565143
12994,10013,31,Under 35,F,5696,6153,11849,457,0.0802317415730337
15155,23693,39,35-39,F,5844,6006,11850,162,0.0277207392197125
3169,77006,26,Under 35,M,5243,6607,11850,1364,0.2601563990082014
11781,21230,28,Under 35,F,5690,6160,11850,470,0.0826010544815465
14143,21043,24,Under 35,F,5754,6096,11850,342,0.0594369134515119
8531,15222,43,40-44,M,5435,6415,11850,980,0.1803127874885004
5964,02120,27,Under 35,F,5366,6485,11851,1119,0.2085352217666791
14576,81435,36,35-39,F,5791,6060,11851,269,0.0464513900880676
10853,48226,55,55-59,M,5591,6261,11852,670,0.119835449830084
12613,52031,24,Under 35,F,5838,6014,11852,176,0.0301473107228502
8402,63117,64,60-64,M,5528,6325,11853,797,0.1441751085383502
4474,94704,22,Under 35,M,5363,6490,11853,1127,0.2101435763565168
9778,43214,56,55-59,M,5707,6146,11853,439,0.0769230769230769
4854,52803,36,35-39,M,5554,6300,11854,746,0.1343176089305005
4442,44256,47,45-49,M,5546,6308,11854,762,0.137396321673278
2758,45243,47,45-49,M,5546,6308,11854,762,0.137396321673278
8626,02130,32,Under 35,F,5434,6420,11854,986,0.1814501288185498
11236,02155,37,35-39,F,5779,6076,11855,297,0.0513929745630731
11450,10024,33,Under 35,F,5846,6010,11856,164,0.0280533698255217
16653,55403,38,35-39,F,5834,6022,11856,188,0.0322248885841618
16079,91711,56,55-59,M,5785,6071,11856,286,0.049438202247191
4188,85339,39,35-39,M,5509,6347,11856,838,0.152114721365039
1536,45011,28,Under 35,M,4668,7189,11857,2521,0.5400599828620394
12540,98074,54,50-54,M,5740,6117,11857,377,0.0656794425087108
11320,02134,28,Under 35,F,5564,6293,11857,729,0.1310208483105679
8117,90277,33,Under 35,F,5596,6261,11857,665,0.1188348820586133
13521,10024,33,Under 35,F,5891,5967,11858,76,0.0129010354778475
9479,06250,65,65-69,M,5837,6021,11858,184,0.0315230426589001
16944,80215,55,55-59,M,5637,6222,11859,585,0.1037786056412985
7422,02474,55,55-59,M,5387,6472,11859,1085,0.2014108037868943
12236,28146,35,35-39,F,5825,6034,11859,209,0.0358798283261802
8836,94526,44,40-44,F,5590,6269,11859,679,0.1214669051878354
7310,92584,40,40-44,M,5521,6339,11860,818,0.1481615649338888
7569,91767,42,40-44,M,5645,6215,11860,570,0.1009743135518157
7394,02113,40,40-44,M,5488,6373,11861,885,0.1612609329446064
12014,98133,46,45-49,F,5796,6065,11861,269,0.0464113181504485
12401,18041,51,50-54,M,5899,5962,11861,63,0.0106797762332598
4276,98118,34,Under 35,M,5505,6356,11861,851,0.1545867393278837
3314,78704,48,45-49,M,5344,6517,11861,1173,0.2194985029940119
10851,49685,47,45-49,M,5655,6206,11861,551,0.0974358974358974
8337,90048,43,40-44,M,5526,6335,11861,809,0.1463988418385812
3790,53714,29,Under 35,M,5072,6790,11862,1718,0.3387223974763407
4178,07928,44,40-44,M,5289,6574,11863,1285,0.242957080733598
8411,48207,28,Under 35,F,5607,6256,11863,649,0.1157481719279472
12706,94131,54,50-54,M,5875,5988,11863,113,0.0192340425531914
13883,30024,50,50-54,M,5746,6118,11864,372,0.0647406891750783
14319,46580,24,Under 35,F,5727,6137,11864,410,0.071590710668762
7232,10016,36,35-39,F,5771,6093,11864,322,0.0557962224917691
15129,10025,30,Under 35,F,5842,6022,11864,180,0.030811365970558
17222,77094,38,35-39,F,5677,6188,11865,511,0.0900123304562268
2866,77025,29,Under 35,M,5023,6842,11865,1819,0.3621341827593072
8888,58130,36,35-39,F,5353,6512,11865,1159,0.2165141042406127
5439,44681,45,45-49,M,5439,6426,11865,987,0.1814671814671814
10292,55313,50,50-54,M,5743,6122,11865,379,0.0659933832491729
1809,02130,43,40-44,M,5727,6138,11865,411,0.071765322158198
9791,02360,28,Under 35,F,5754,6112,11866,358,0.062217587765033
11658,02116,25,Under 35,F,5733,6133,11866,400,0.0697714983429269
3362,80209,33,Under 35,M,5129,6738,11867,1609,0.3137063755117957
10480,01930,68,65-69,M,5711,6157,11868,446,0.0780949045701278
8956,98103,47,45-49,M,5200,6669,11869,1469,0.2825
879,48895,23,Under 35,M,4683,7187,11870,2504,0.534699978646167
12479,90266,50,50-54,M,5827,6044,11871,217,0.0372404324695383
14326,15203,34,Under 35,F,5690,6181,11871,491,0.0862917398945518
6888,27513,37,35-39,M,5331,6542,11873,1211,0.2271618833239542
12280,44124,51,50-54,M,5757,6116,11873,359,0.0623588674656939
4326,85140,37,35-39,M,6014,5859,11873,-155,-0.0257731958762886
1810,11109,30,Under 35,M,4894,6979,11873,2085,0.4260318757662444
9121,18015,36,35-39,F,5594,6279,11873,685,0.1224526278155166
12958,11106,52,50-54,M,5890,5984,11874,94,0.0159592529711375
13263,02536,47,45-49,M,5904,5971,11875,67,0.0113482384823848
4527,19004,41,40-44,M,5399,6477,11876,1078,0.1996666049268383
11173,79119,25,Under 35,F,5195,6681,11876,1486,0.2860442733397497
13275,94131,42,40-44,F,5609,6267,11876,658,0.117311463719023
14250,92694,44,40-44,F,5901,5976,11877,75,0.012709710218607
6295,07012,51,50-54,M,5380,6497,11877,1117,0.2076208178438661
4834,12054,26,Under 35,M,5534,6343,11877,809,0.1461872063606794
14353,66027,31,Under 35,F,5880,5997,11877,117,0.0198979591836734
6386,85296,46,45-49,M,5335,6543,11878,1208,0.2264292408622305
3322,64106,32,Under 35,M,5298,6580,11878,1282,0.2419781049452623
12395,01701,34,Under 35,F,5767,6111,11878,344,0.0596497312294087
6920,97221,48,45-49,M,5699,6179,11878,480,0.0842253026846815
13272,99301,27,Under 35,F,5862,6016,11878,154,0.0262708973046741
3068,90401,26,Under 35,M,5491,6388,11879,897,0.1633582225459843
10828,97217,49,45-49,M,5872,6008,11880,136,0.0231607629427792
11654,07649,47,45-49,M,5683,6198,11881,515,0.0906211508006334
13901,06605,33,Under 35,F,5888,5993,11881,105,0.0178328804347826
10829,02143,42,40-44,F,5868,6014,11882,146,0.0248807089297886
9085,02445,58,55-59,M,5682,6200,11882,518,0.091165082717353
4548,94025,32,Under 35,M,5244,6638,11882,1394,0.2658276125095347
14060,02135,25,Under 35,F,5821,6061,11882,240,0.041230029204604
7448,37064,43,40-44,M,5705,6177,11882,472,0.0827344434706398
6292,02143,36,35-39,M,5868,6014,11882,146,0.0248807089297886
14997,10997,19,Under 35,F,5856,6026,11882,170,0.0290300546448087
6772,23226,35,35-39,M,5568,6314,11882,746,0.1339798850574712
7167,07649,43,40-44,F,5707,6175,11882,468,0.082004555808656
17152,11230,46,45-49,F,5682,6201,11883,519,0.0913410770855332
5516,10012,39,35-39,M,5334,6550,11884,1216,0.2279715035620547
4806,45208,37,35-39,M,5341,6543,11884,1202,0.2250514884853023
12296,23226,25,Under 35,F,5810,6074,11884,264,0.0454388984509466
5114,92101,46,45-49,M,5325,6559,11884,1234,0.2317370892018779
5891,21042,61,60-64,M,5568,6316,11884,748,0.1343390804597701
2295,02138,31,Under 35,M,4851,7035,11886,2184,0.4502164502164502
15027,95124,29,Under 35,F,5890,5996,11886,106,0.0179966044142614
9959,05403,50,50-54,M,5840,6046,11886,206,0.0352739726027397
11642,93117,24,Under 35,F,5598,6289,11887,691,0.123436941764916
14078,66085,25,Under 35,F,5742,6145,11887,403,0.0701846046673632
8316,11102,39,35-39,M,5112,6775,11887,1663,0.3253129890453834
13614,95014,56,55-59,M,5714,6174,11888,460,0.08050402520126
4900,02464,41,40-44,M,5264,6624,11888,1360,0.2583586626139817
12624,02148,23,Under 35,F,5813,6075,11888,262,0.0450713917082401
8386,80027,40,40-44,M,5408,6481,11889,1073,0.1984097633136094
9250,75080,32,Under 35,F,5792,6097,11889,305,0.0526588397790055
4775,60091,47,45-49,M,5371,6518,11889,1147,0.2135542729473096
9645,78701,32,Under 35,F,5581,6310,11891,729,0.1306217523741265
14650,23451,28,Under 35,F,5937,5954,11891,17,0.0028633990230756
12370,37221,33,Under 35,F,5893,5998,11891,105,0.0178177498727303
5407,85641,36,35-39,M,5867,6025,11892,158,0.0269302880518152
29951,06757,24,Under 35,M,5750,6142,11892,392,0.0681739130434782
9771,06084,45,45-49,F,5499,6393,11892,894,0.1625750136388434
9866,93117,53,50-54,M,5888,6004,11892,116,0.0197010869565217
10409,37909,40,40-44,F,5440,6452,11892,1012,0.1860294117647059
27685,02127,27,Under 35,M,5514,6378,11892,864,0.1566920565832426
11729,78748,33,Under 35,F,5864,6028,11892,164,0.0279672578444747
1840,10541,38,35-39,M,5089,6804,11893,1715,0.3370013755158184
14981,16441,33,Under 35,F,5923,5970,11893,47,0.0079351679891946
12310,55044,50,50-54,M,5665,6228,11893,563,0.0993821712268314
1380,85718,18,Under 35,M,5771,6122,11893,351,0.0608213481199098
514,55345,22,Under 35,M,4977,6916,11893,1939,0.3895921237693389
2192,30022,18,Under 35,M,4917,6977,11894,2060,0.4189546471425666
8176,96816,51,50-54,M,5603,6292,11895,689,0.1229698375870069
12593,80030,32,Under 35,F,5963,5933,11896,-30,-0.0050310246520207
6456,21044,38,35-39,M,5460,6436,11896,976,0.1787545787545787
692,20002,29,Under 35,M,5079,6817,11896,1738,0.3421933451466824
11823,91387,46,45-49,M,5502,6395,11897,893,0.1623046165030897
1846,44236,34,Under 35,F,5300,6597,11897,1297,0.2447169811320754
3517,28205,32,Under 35,M,5024,6873,11897,1849,0.3680334394904458
15517,23606,36,35-39,F,5844,6053,11897,209,0.035763175906913
16024,59937,28,Under 35,F,5558,6341,11899,783,0.1408780136739834
10033,28405,49,45-49,F,5667,6232,11899,565,0.0997000176460208
7366,49321,26,Under 35,F,5385,6515,11900,1130,0.2098421541318477
15399,56425,24,Under 35,F,5764,6136,11900,372,0.0645385149201943
11445,60647,49,45-49,M,5587,6313,11900,726,0.1299445140504743
14235,72211,26,Under 35,F,5934,5966,11900,32,0.0053926525109538
5069,90807,38,35-39,M,5699,6201,11900,502,0.0880856290577294
7545,94404,44,40-44,M,5579,6322,11901,743,0.1331779888868973
12232,46168,20,Under 35,F,5921,5981,11902,60,0.010133423408208
4287,94112,40,40-44,M,5222,6680,11902,1458,0.2792033703561853
8242,81639,41,40-44,M,5199,6703,11902,1504,0.2892864012310059
14015,87111,43,40-44,F,5896,6007,11903,111,0.0188263229308005
6835,85718,38,35-39,M,5509,6394,11903,885,0.1606462152840806
10204,11103,45,45-49,M,5717,6187,11904,470,0.0822109497988455
5990,78620,50,50-54,M,5401,6503,11904,1102,0.2040362895760044
4565,94597,39,35-39,M,5504,6401,11905,897,0.1629723837209302
5049,83705,45,45-49,M,5933,5973,11906,40,0.0067419517950446
6921,66762,40,40-44,M,5371,6535,11906,1164,0.2167194191025879
14049,08816,61,60-64,M,5616,6290,11906,674,0.120014245014245
9561,63122,39,35-39,F,5646,6260,11906,614,0.1087495572086433
7820,46580,44,40-44,M,5480,6426,11906,946,0.1726277372262773
14747,35405,39,35-39,F,5771,6136,11907,365,0.0632472708369433
12166,55416,57,55-59,M,5633,6274,11907,641,0.1137937156044736
4022,02141,23,Under 35,M,5127,6781,11908,1654,0.3226058123659059
13672,57702,35,35-39,F,5826,6082,11908,256,0.0439409543426021
8870,10024,39,35-39,M,5808,6101,11909,293,0.0504476584022038
10876,95130,50,50-54,M,5554,6355,11909,801,0.1442203817068779
8676,40213,45,45-49,F,5521,6388,11909,867,0.1570367687013222
11746,02130,40,40-44,F,5725,6185,11910,460,0.0803493449781659
12986,48837,52,50-54,M,5533,6377,11910,844,0.1525393095969636
10370,98040,52,50-54,F,5701,6209,11910,508,0.0891071741799684
11674,78704,31,Under 35,F,5828,6083,11911,255,0.0437542896362388
7491,21742,40,40-44,M,5483,6428,11911,945,0.1723509027904431
8832,02135,30,Under 35,F,5523,6388,11911,865,0.1566177801919246
12794,16102,24,Under 35,F,5754,6157,11911,403,0.0700382342718109
3152,27614,24,Under 35,M,4928,6984,11912,2056,0.4172077922077922
19311,22911,41,40-44,F,5975,5938,11913,-37,-0.0061924686192468
5269,02632,45,45-49,M,5297,6617,11914,1320,0.2491976590522937
4130,60614,27,Under 35,M,5730,6184,11914,454,0.0792321116928446
3700,02139,22,Under 35,M,5223,6691,11914,1468,0.2810645223051886
7959,33130,60,60-64,M,5803,6111,11914,308,0.0530759951749095
4641,10580,36,35-39,M,5427,6488,11915,1061,0.1955039616731159
6904,37208,36,35-39,M,5445,6471,11916,1026,0.1884297520661157
12167,80401,27,Under 35,F,6039,5878,11917,-161,-0.0266600430534856
9799,61201,59,55-59,M,5486,6431,11917,945,0.1722566532993073
14893,01742,42,40-44,F,5816,6101,11917,285,0.0490027510316368
7645,97702,41,40-44,M,5556,6361,11917,805,0.1448884089272858
6854,84106,37,35-39,M,5356,6562,11918,1206,0.2251680358476475
8160,81623,47,45-49,M,5614,6304,11918,690,0.1229070181688635
6598,15084,47,45-49,M,5660,6258,11918,598,0.1056537102473498
10493,55347,29,Under 35,F,5796,6122,11918,326,0.0562456866804692
6608,10027,35,35-39,M,5639,6279,11918,640,0.1134953005852101
8916,13421,53,50-54,M,5768,6151,11919,383,0.0664008321775312
26882,02139,29,Under 35,M,5561,6358,11919,797,0.1433195468440928
13976,19352,49,45-49,F,5852,6067,11919,215,0.0367395762132604
7640,33611,41,40-44,M,5345,6574,11919,1229,0.229934518241347
12059,60558,43,40-44,F,5761,6158,11919,397,0.0689116472834577
12174,60605,37,35-39,F,6009,5910,11919,-99,-0.0164752870693959
10625,02128,33,Under 35,F,5936,5983,11919,47,0.0079177897574123
24743,10032,27,Under 35,M,5715,6206,11921,491,0.0859142607174103
3500,01602,38,35-39,M,5723,6198,11921,475,0.0829984273982177
15241,48189,59,55-59,M,5823,6099,11922,276,0.0473982483256053
8173,07931,48,45-49,M,5533,6389,11922,856,0.1547081149466835
14171,98405,30,Under 35,F,5699,6223,11922,524,0.0919459554307773
12200,94025,30,Under 35,F,5558,6364,11922,806,0.1450161928751349
14634,02474,35,35-39,F,5790,6132,11922,342,0.0590673575129533
9398,11217,35,35-39,F,5712,6211,11923,499,0.087359943977591
2656,30738,34,Under 35,M,5145,6778,11923,1633,0.3173955296404276
5631,63303,43,40-44,M,5840,6084,11924,244,0.0417808219178082
3158,62265,37,35-39,M,5840,6084,11924,244,0.0417808219178082
8501,60124,53,50-54,M,5762,6162,11924,400,0.0694203401596667
8662,45215,41,40-44,M,5543,6381,11924,838,0.1511816705755006
2895,02445,42,40-44,M,5189,6735,11924,1546,0.2979379456542686
13407,55419,26,Under 35,F,5899,6026,11925,127,0.0215290727241905
9298,10005,26,Under 35,F,5784,6141,11925,357,0.0617219917012448
8458,27703,31,Under 35,F,5479,6446,11925,967,0.176492060594999
10642,94920,50,50-54,F,5578,6348,11926,770,0.1380423090713517
17204,45230,36,35-39,F,5941,5985,11926,44,0.0074061605790271
10603,94102,30,Under 35,F,5523,6403,11926,880,0.1593336954553684
9325,40206,48,45-49,M,5734,6193,11927,459,0.0800488315312173
4519,80303,37,35-39,M,5648,6279,11927,631,0.1117209631728045
12356,36608,47,45-49,F,5869,6059,11928,190,0.0323734878173453
5352,59405,36,35-39,M,5582,6346,11928,764,0.1368685059118595
4627,85086,51,50-54,M,5342,6586,11928,1244,0.2328715836765256
14042,77385,45,45-49,F,5903,6025,11928,122,0.0206674572251397
14491,98367,25,Under 35,F,5630,6299,11929,669,0.1188277087033747
11601,44118,43,40-44,F,5770,6159,11929,389,0.0674176776429809
10189,17602,45,45-49,M,5576,6353,11929,777,0.1393472022955523
11250,07036,47,45-49,M,5627,6303,11930,676,0.1201350630886795
10138,21228,45,45-49,M,5553,6377,11930,824,0.1483882585989555
9452,10023,28,Under 35,F,5647,6283,11930,636,0.112626173189304
14731,06897,53,50-54,F,5955,5976,11931,21,0.0035264483627204
1601,01923,49,45-49,M,5270,6661,11931,1391,0.2639468690702087
11243,97209,47,45-49,M,5598,6333,11931,735,0.1312968917470525
7241,75078,46,45-49,M,5748,6184,11932,436,0.0758524704244954
14273,80908,29,Under 35,F,5777,6155,11932,378,0.0654318850614505
15066,23230,26,Under 35,F,5832,6101,11933,269,0.0461248285322359
2357,02864,38,35-39,M,5135,6798,11933,1663,0.3238558909444985
8440,77401,45,45-49,M,5482,6451,11933,969,0.1767603064574972
7437,14617,41,40-44,M,5370,6564,11934,1194,0.2223463687150838
11423,14903,23,Under 35,F,5654,6280,11934,626,0.1107180756986204
4205,02141,33,Under 35,M,5794,6140,11934,346,0.0597169485674836
17513,28208,41,40-44,F,5845,6089,11934,244,0.0417450812660393
14135,27705,30,Under 35,F,5964,5970,11934,6,0.0010060362173038
6486,07666,44,40-44,M,5238,6696,11934,1458,0.2783505154639175
5237,76109,54,50-54,M,5809,6125,11934,316,0.0543983473919779
14220,94107,26,Under 35,F,5957,5978,11935,21,0.0035252643948296
8307,94118,40,40-44,M,5522,6413,11935,891,0.1613545816733067
10124,34787,47,45-49,M,5711,6224,11935,513,0.0898266503239362
11134,40214,28,Under 35,F,5801,6135,11936,334,0.0575762799517324
9969,67206,44,40-44,F,5667,6269,11936,602,0.1062290453502735
10108,02446,52,50-54,M,5481,6456,11937,975,0.177887246852764
12003,96822,49,45-49,M,5815,6122,11937,307,0.0527944969905417
12777,21804,50,50-54,M,5777,6160,11937,383,0.066297386186602
11351,11361,60,60-64,M,5735,6202,11937,467,0.0814298169136878
6273,46322,35,35-39,M,5390,6548,11938,1158,0.2148423005565862
7845,85704,32,Under 35,F,5803,6136,11939,333,0.0573841116663794
10152,11581,45,45-49,M,5755,6184,11939,429,0.0745438748913987
8896,33178,54,50-54,M,5759,6180,11939,421,0.0731029692654974
8101,22204,42,40-44,M,5535,6405,11940,870,0.1571815718157181
13252,92649,49,45-49,F,5739,6201,11940,462,0.080501829587036
10872,02050,37,35-39,F,5802,6139,11941,337,0.0580834195105136
3798,22903,23,Under 35,M,5140,6801,11941,1661,0.3231517509727626
7897,80424,43,40-44,F,5780,6161,11941,381,0.065916955017301
8681,98118,32,Under 35,F,5711,6231,11942,520,0.0910523551041849
16215,02144,26,Under 35,F,5771,6171,11942,400,0.0693120776295269
12321,98118,31,Under 35,F,5711,6231,11942,520,0.0910523551041849
11276,46229,26,Under 35,F,5680,6262,11942,582,0.1024647887323943
14373,98019,28,Under 35,F,6091,5852,11943,-239,-0.0392382203250697
8909,01810,39,35-39,M,5688,6255,11943,567,0.0996835443037974
5285,75013,53,50-54,M,5854,6090,11944,236,0.0403143149982917
10413,86001,20,Under 35,F,5389,6555,11944,1166,0.2163666728521061
12815,17315,24,Under 35,F,5433,6511,11944,1078,0.1984170808025032
11536,91360,49,45-49,M,5816,6129,11945,313,0.0538170563961485
11476,23116,49,45-49,M,5570,6375,11945,805,0.144524236983842
12898,10028,40,40-44,F,5794,6152,11946,358,0.0617880566102865
14216,53211,35,35-39,F,5795,6151,11946,356,0.0614322691975841
11724,46052,47,45-49,F,5685,6261,11946,576,0.1013192612137203
9290,96720,49,45-49,M,5646,6300,11946,654,0.1158342189160467
13761,78626,66,65-69,M,5848,6098,11946,250,0.0427496580027359
8100,06903,44,40-44,M,5590,6357,11947,767,0.1372093023255814
6022,30114,59,55-59,M,5431,6516,11947,1085,0.1997790462161664
16008,20015,45,45-49,F,5809,6138,11947,329,0.0566362540884833
16192,21136,23,Under 35,F,5973,5975,11948,2,0.0003348401138456
8617,76107,49,45-49,F,5758,6190,11948,432,0.0750260507120528
9558,07410,52,50-54,M,5849,6100,11949,251,0.0429133185159856
8472,99669,29,Under 35,F,5235,6714,11949,1479,0.2825214899713467
12972,94705,30,Under 35,F,5978,5971,11949,-7,-0.0011709601873536
12320,01772,63,60-64,M,5622,6327,11949,705,0.1254002134471718
14136,94122,28,Under 35,F,5891,6058,11949,167,0.0283483279579018
12227,03070,51,50-54,M,5683,6266,11949,583,0.1025866619743093
9490,97702,49,45-49,M,5749,6201,11950,452,0.0786223691076709
14313,02141,43,40-44,F,6009,5941,11950,-68,-0.0113163587951406
16583,07626,38,35-39,F,6001,5949,11950,-52,-0.0086652224629228
12029,02138,45,45-49,M,5393,6558,11951,1165,0.2160207676617838
12042,90803,56,55-59,M,5886,6065,11951,179,0.0304111450900441
9748,94114,52,50-54,M,5607,6345,11952,738,0.131621187800963
11499,55420,56,55-59,M,5849,6103,11952,254,0.0434262267054197
8381,13738,62,60-64,M,5644,6308,11952,664,0.1176470588235294
7072,01551,35,35-39,M,5449,6503,11952,1054,0.1934299871536061
9306,21108,35,35-39,F,5715,6238,11953,523,0.0915135608048993
10252,60614,28,Under 35,F,5555,6398,11953,843,0.1517551755175517
12507,01845,33,Under 35,F,5796,6157,11953,361,0.0622843340234644
7898,32224,61,60-64,M,5896,6058,11954,162,0.0274762550881953
11095,84714,26,Under 35,F,5590,6364,11954,774,0.1384615384615384
6065,48315,43,40-44,M,5599,6356,11955,757,0.1352027147704947
2239,45833,29,Under 35,M,5437,6518,11955,1081,0.1988228802648519
13250,75082,51,50-54,M,5784,6173,11957,389,0.0672544951590594
10652,29306,47,45-49,M,5667,6290,11957,623,0.1099347097229574
12203,46033,50,50-54,M,5869,6090,11959,221,0.0376554779349122
14756,80007,36,35-39,F,5723,6238,11961,515,0.0899877686528044
15492,53203,25,Under 35,F,5880,6082,11962,202,0.0343537414965986
16930,19711,37,35-39,F,5769,6193,11962,424,0.0734962731842607
10703,20878,49,45-49,F,5785,6177,11962,392,0.0677614520311149
16704,48154,59,55-59,M,5732,6230,11962,498,0.0868806699232379
13689,93003,31,Under 35,F,5933,6030,11963,97,0.0163492331029833
10384,31405,49,45-49,M,5377,6586,11963,1209,0.2248465687186163
12224,22903,23,Under 35,F,5748,6215,11963,467,0.0812456506610995
2624,44250,32,Under 35,M,5242,6721,11963,1479,0.282144219763449
3481,19146,26,Under 35,M,5076,6888,11964,1812,0.3569739952718676
6522,93065,42,40-44,M,5750,6215,11965,465,0.0808695652173913
9266,41071,27,Under 35,F,5551,6414,11965,863,0.1554674833363357
6111,88011,53,50-54,M,5385,6580,11965,1195,0.2219127205199628
6266,07945,43,40-44,M,5352,6614,11966,1262,0.2357997010463378
12182,06107,53,50-54,M,5908,6058,11966,150,0.0253893026404874
9518,75204,53,50-54,M,5422,6544,11966,1122,0.2069347104389524
5338,94121,40,40-44,M,5414,6552,11966,1138,0.2101957886959734
6426,84341,36,35-39,M,5422,6544,11966,1122,0.2069347104389524
3430,33916,33,Under 35,M,5513,6454,11967,941,0.1706874659894794
1583,90031,34,Under 35,M,5391,6578,11969,1187,0.2201817844555741
3984,77384,23,Under 35,M,5722,6247,11969,525,0.0917511359664453
11899,93405,46,45-49,F,5736,6234,11970,498,0.0868200836820083
10801,49085,52,50-54,M,5815,6155,11970,340,0.058469475494411
10659,41075,43,40-44,F,5826,6144,11970,318,0.054582904222451
8029,84121,42,40-44,F,5750,6221,11971,471,0.0819130434782608
9141,12525,46,45-49,M,5518,6454,11972,936,0.1696266763320043
13186,06831,40,40-44,F,5840,6133,11973,293,0.0501712328767123
15454,52002,23,Under 35,F,5742,6231,11973,489,0.0851619644723093
10104,30165,46,45-49,M,5631,6342,11973,711,0.1262653169952051
16590,03054,36,35-39,F,5922,6051,11973,129,0.0217831813576494
7410,87122,52,50-54,M,5588,6386,11974,798,0.142806012884753
7076,84095,38,35-39,M,5703,6271,11974,568,0.0995967034893915
9381,30306,49,45-49,F,5786,6188,11974,402,0.0694780504666436
4534,60616,39,35-39,M,5573,6401,11974,828,0.1485734792750762
16538,05401,33,Under 35,F,5746,6228,11974,482,0.0838844413505047
14425,02144,28,Under 35,F,5806,6169,11975,363,0.0625215294522907
8558,28211,56,55-59,M,5364,6612,11976,1248,0.232662192393736
3342,54143,27,Under 35,M,5202,6775,11977,1573,0.3023836985774702
3989,53716,31,Under 35,M,5251,6726,11977,1475,0.2808988764044944
11090,80124,54,50-54,M,5741,6236,11977,495,0.0862219125587876
4420,27502,41,40-44,M,5554,6423,11977,869,0.1564638098667627
9302,27513,25,Under 35,F,5553,6424,11977,871,0.1568521519899153
8438,98391,41,40-44,M,5732,6245,11977,513,0.0894975575715282
5254,49464,39,35-39,M,5824,6153,11977,329,0.0564903846153846
14604,07010,45,45-49,F,5960,6017,11977,57,0.0095637583892617
9203,43202,31,Under 35,F,5968,6009,11977,41,0.0068699731903485
6082,29625,44,40-44,M,5235,6742,11977,1507,0.2878701050620821
2186,97209,26,Under 35,M,5272,6706,11978,1434,0.2720030349013657
5669,97231,37,35-39,M,5364,6614,11978,1250,0.23303504847129
16191,10014,27,Under 35,F,5925,6054,11979,129,0.0217721518987341
12875,94597,55,55-59,M,5865,6114,11979,249,0.0424552429667519
11587,32940,45,45-49,M,5733,6246,11979,513,0.0894819466248037
12388,58102,31,Under 35,F,5665,6314,11979,649,0.1145631067961165
17298,18704,57,55-59,M,5720,6260,11980,540,0.0944055944055944
2932,02144,28,Under 35,M,5535,6445,11980,910,0.1644083107497741
10889,02215,25,Under 35,F,5743,6237,11980,494,0.08601776075222
3629,97365,27,Under 35,M,5362,6618,11980,1256,0.2342409548675867
8745,33414,56,55-59,M,5755,6225,11980,470,0.0816681146828844
8167,27514,64,60-64,M,5428,6553,11981,1125,0.2072586588061901
13007,80021,38,35-39,F,6029,5952,11981,-77,-0.0127716039144136
25466,02458,38,35-39,M,5689,6292,11981,603,0.1059940235542274
4688,11566,44,40-44,M,5251,6731,11982,1480,0.2818510759855265
16427,20002,29,Under 35,F,5592,6390,11982,798,0.1427038626609442
9165,17402,58,55-59,M,5067,6915,11982,1848,0.3647128478389579
7217,02420,52,50-54,M,5442,6540,11982,1098,0.2017640573318632
13463,60181,26,Under 35,F,5764,6219,11983,455,0.0789382373351839
6751,02132,33,Under 35,M,5352,6632,11984,1280,0.2391629297458893
12421,11545,53,50-54,M,5804,6180,11984,376,0.0647829083390765
8272,85741,50,50-54,M,5385,6600,11985,1215,0.2256267409470752
16227,08833,32,Under 35,F,5796,6190,11986,394,0.0679779158040027
11067,93111,58,55-59,M,5768,6219,11987,451,0.0781900138696255
14603,27519,51,50-54,F,5946,6041,11987,95,0.0159771274806592
14720,97224,36,35-39,F,5932,6055,11987,123,0.0207349966284558
8140,46123,41,40-44,M,5384,6604,11988,1220,0.2265973254086181
11845,77479,39,35-39,F,5623,6365,11988,742,0.1319580295216076
11372,80132,39,35-39,F,5691,6298,11989,607,0.1066596380249516
13756,60613,44,40-44,F,5767,6222,11989,455,0.0788971735737818
11726,37865,35,35-39,F,5657,6333,11990,676,0.1194979671203818
6659,84045,28,Under 35,F,5546,6444,11990,898,0.1619184998196898
3449,80134,30,Under 35,M,5145,6845,11990,1700,0.3304178814382896
14622,90275,35,35-39,F,6010,5980,11990,-30,-0.0049916805324459
18092,44240,43,40-44,F,5891,6100,11991,209,0.0354778475640808
2778,55418,26,Under 35,M,5725,6266,11991,541,0.0944978165938864
28269,02130,44,40-44,M,5765,6227,11992,462,0.0801387684301821
7876,30265,60,60-64,F,5892,6100,11992,208,0.0353021045485403
12559,04537,53,50-54,M,5799,6193,11992,394,0.0679427487497844
16086,05403,27,Under 35,F,5630,6362,11992,732,0.1300177619893428
7317,95129,46,45-49,M,5623,6370,11993,747,0.1328472345722923
10753,19090,51,50-54,M,5683,6310,11993,627,0.110329051557276
12828,20841,26,Under 35,F,6087,5906,11993,-181,-0.0297355018892722
14635,46055,35,35-39,F,6002,5991,11993,-11,-0.001832722425858
7836,75032,52,50-54,M,5929,6065,11994,136,0.0229381008601787
10222,55904,28,Under 35,F,5727,6267,11994,540,0.0942902042954426
13139,11738,35,35-39,F,5974,6020,11994,46,0.0077000334784064
6484,43235,42,40-44,M,5801,6193,11994,392,0.0675745561110153
13492,27513,37,35-39,F,5814,6181,11995,367,0.0631234950120399
8675,75072,41,40-44,M,6001,5994,11995,-7,-0.0011664722546242
15371,32206,26,Under 35,F,5907,6088,11995,181,0.0306416116471982
1685,60616,32,Under 35,M,4906,7089,11995,2183,0.4449653485527925
9958,75214,39,35-39,F,5477,6519,11996,1042,0.1902501369362789
14204,77377,52,50-54,M,5928,6068,11996,140,0.0236167341430499
14674,77018,44,40-44,F,5927,6069,11996,142,0.0239581575839379
13563,98115,26,Under 35,F,5947,6049,11996,102,0.0171515049604842
12757,08540,50,50-54,F,5726,6270,11996,544,0.0950052392595179
8580,02492,28,Under 35,F,5727,6270,11997,543,0.0948140387637506
3085,20012,36,35-39,M,5297,6700,11997,1403,0.2648669057957334
13217,19547,37,35-39,F,5899,6098,11997,199,0.0337345312764875
13163,01075,41,40-44,F,5624,6373,11997,749,0.1331792318634423
11798,49441,50,50-54,M,5882,6115,11997,233,0.0396123767426045
6817,44114,44,40-44,M,5751,6246,11997,495,0.0860719874804381
10371,95492,37,35-39,F,5643,6354,11997,711,0.1259968102073365
24366,02458,31,Under 35,M,5927,6071,11998,144,0.0242955964231483
13013,44122,37,35-39,F,5747,6251,11998,504,0.0876979293544458
4553,47725,40,40-44,M,5362,6636,11998,1274,0.237597911227154
10962,48116,49,45-49,M,5649,6349,11998,700,0.1239157372986369
9698,13215,39,35-39,F,5540,6459,11999,919,0.165884476534296
11770,02191,26,Under 35,F,5729,6270,11999,541,0.0944318380171059
13779,28115,34,Under 35,F,5859,6141,12000,282,0.0481310803891449
10397,34202,46,45-49,M,5854,6146,12000,292,0.0498804236419542
5936,32713,35,35-39,M,5239,6762,12001,1523,0.2907043328879557
15628,77406,23,Under 35,M,5420,6581,12001,1161,0.2142066420664206
11706,80210,50,50-54,F,5793,6209,12002,416,0.0718108061453478
3364,17602,29,Under 35,M,5164,6839,12003,1675,0.3243609604957397
14434,90814,49,45-49,F,5926,6077,12003,151,0.0254809314883563
12770,01880,28,Under 35,F,5880,6123,12003,243,0.0413265306122449
15468,30342,54,50-54,M,5658,6346,12004,688,0.1215977377165076
4380,44223,23,Under 35,M,5823,6182,12005,359,0.0616520693800446
12467,27603,24,Under 35,F,5823,6182,12005,359,0.0616520693800446
1591,85250,33,Under 35,M,5007,6998,12005,1991,0.3976432993808668
5742,44614,39,35-39,M,5886,6120,12006,234,0.0397553516819571
17530,60521,55,55-59,M,5970,6036,12006,66,0.0110552763819095
2309,01749,41,40-44,M,5346,6661,12007,1315,0.245978301533857
2954,96821,37,35-39,M,5158,6849,12007,1691,0.3278402481582008
7927,85017,60,60-64,M,5862,6147,12009,285,0.048618219037871
12714,18067,29,Under 35,F,5818,6191,12009,373,0.0641113784805775
7150,87111,43,40-44,M,5426,6584,12010,1158,0.2134168816807961
14811,75165,28,Under 35,F,5862,6149,12011,287,0.0489593995223473
1187,98144,26,Under 35,M,5319,6692,12011,1373,0.2581312276743749
8777,32712,53,50-54,M,5482,6530,12012,1048,0.1911711054359722
7535,97006,54,50-54,M,5690,6323,12013,633,0.1112478031634446
7570,94062,41,40-44,M,5343,6670,12013,1327,0.2483623432528542
27271,11225,30,Under 35,M,5950,6064,12014,114,0.0191596638655462
11545,08836,51,50-54,M,5719,6296,12015,577,0.100891764294457
9142,02118,32,Under 35,F,5545,6470,12015,925,0.1668169522091974
7574,78722,51,50-54,M,5691,6324,12015,633,0.1112282551396942
17545,05001,37,35-39,F,5884,6131,12015,247,0.0419782460910945
15510,93110,30,Under 35,F,5925,6091,12016,166,0.0280168776371308
10689,92691,50,50-54,M,5830,6187,12017,357,0.0612349914236706
9189,44644,24,Under 35,F,5304,6714,12018,1410,0.2658371040723982
14980,95616,29,Under 35,F,5937,6081,12018,144,0.024254674077817
11153,33458,56,55-59,M,5691,6327,12018,636,0.1117554032683184
11833,01721,43,40-44,F,5774,6245,12019,471,0.0815725666782126
13916,95618,26,Under 35,F,5938,6081,12019,143,0.0240821825530481
11350,97203,45,45-49,M,5626,6394,12020,768,0.1365090650551013
10243,68131,31,Under 35,F,5477,6543,12020,1066,0.194632097863794
1772,84404,24,Under 35,M,5551,6469,12020,918,0.1653756079985588
18001,13204,57,55-59,M,5957,6063,12020,106,0.0177941917072351
9674,90803,46,45-49,M,5901,6120,12021,219,0.0371123538383324
11408,81656,37,35-39,F,5699,6322,12021,623,0.1093174241094929
13870,94523,42,40-44,F,5868,6153,12021,285,0.0485685071574642
8667,19102,25,Under 35,F,5414,6608,12022,1194,0.2205393424455116
3239,74112,33,Under 35,M,5133,6889,12022,1756,0.3421001363724917
3412,27107,43,40-44,M,5773,6249,12022,476,0.0824527975056296
15487,48846,39,35-39,F,5948,6074,12022,126,0.0211835911230665
11171,75228,45,45-49,M,5851,6171,12022,320,0.054691505725517
8147,28262,42,40-44,M,5837,6186,12023,349,0.0597909885215007
16139,80503,41,40-44,F,5815,6208,12023,393,0.0675838349097162
4944,19147,43,40-44,M,5650,6374,12024,724,0.1281415929203539
8254,06896,38,35-39,F,5605,6420,12025,815,0.1454058876003568
6457,92612,37,35-39,M,5667,6358,12025,691,0.1219340038821245
16351,77095,37,35-39,F,5845,6180,12025,335,0.0573139435414884
1888,10028,35,35-39,M,5723,6302,12025,579,0.1011707146601432
9564,80202,27,Under 35,F,5495,6531,12026,1036,0.1885350318471337
13547,95762,31,Under 35,F,5869,6157,12026,288,0.0490713920599761
9488,43015,46,45-49,M,5706,6320,12026,614,0.1076060287416754
16027,92660,29,Under 35,F,5813,6213,12026,400,0.0688112850507483
12030,34609,48,45-49,M,5739,6288,12027,549,0.0956612650287506
7015,54467,46,45-49,M,5486,6542,12028,1056,0.1924899744804958
13640,06896,36,35-39,F,5770,6258,12028,488,0.0845753899480069
15118,19130,28,Under 35,F,5956,6072,12028,116,0.0194761584956346
6668,92110,54,50-54,M,6112,5917,12029,-195,-0.0319044502617801
24207,10029,37,35-39,M,5625,6404,12029,779,0.1384888888888888
15181,55409,49,45-49,F,5947,6082,12029,135,0.0227005212712291
12811,17011,41,40-44,F,5840,6189,12029,349,0.0597602739726027
10561,19608,45,45-49,M,5670,6361,12031,691,0.1218694885361552
9402,98407,43,40-44,F,5917,6114,12031,197,0.0332938989352712
11591,10024,29,Under 35,F,5816,6216,12032,400,0.0687757909215956
14944,60614,28,Under 35,F,5870,6162,12032,292,0.0497444633730834
8431,32825,40,40-44,M,5339,6694,12033,1355,0.253792845102079
10345,66206,40,40-44,F,5814,6219,12033,405,0.0696594427244582
12971,66213,36,35-39,F,5814,6220,12034,406,0.0698314413484692
11458,94118,32,Under 35,F,5760,6274,12034,514,0.0892361111111111
18310,33139,38,35-39,F,6109,5926,12035,-183,-0.0299558029137338
9759,23060,47,45-49,M,5874,6161,12035,287,0.0488593803200544
10478,16870,46,45-49,M,5878,6158,12036,280,0.0476352500850629
9731,97213,49,45-49,M,5489,6547,12036,1058,0.1927491346329021
11352,10021,59,55-59,M,5966,6070,12036,104,0.0174321153201475
10740,18104,35,35-39,F,5724,6312,12036,588,0.1027253668763102
4990,02144,44,40-44,F,5580,6457,12037,877,0.157168458781362
13134,28147,36,35-39,F,5762,6275,12037,513,0.0890315862547726
14372,94117,39,35-39,F,5884,6153,12037,269,0.0457171991842284
16368,84105,36,35-39,F,5800,6237,12037,437,0.0753448275862068
12865,06762,37,35-39,F,5699,6338,12037,639,0.1121249341989822
8038,11566,49,45-49,M,5268,6769,12037,1501,0.2849278663629461
12982,06373,45,45-49,F,5876,6162,12038,286,0.0486725663716814
12854,02140,35,35-39,F,5906,6132,12038,226,0.0382661699966136
15382,80247,31,Under 35,F,5977,6061,12038,84,0.0140538731805253
7114,48084,36,35-39,M,5656,6382,12038,726,0.1283592644978783
11004,78610,38,35-39,F,5820,6219,12039,399,0.0685567010309278
3755,19087,55,55-59,M,5756,6283,12039,527,0.0915566365531619
7831,30309,61,60-64,M,5473,6566,12039,1093,0.1997076557646629
11022,46033,32,Under 35,F,5997,6042,12039,45,0.0075037518759379
8473,78258,43,40-44,M,5373,6667,12040,1294,0.2408337986227433
12438,84106,27,Under 35,F,5673,6367,12040,694,0.1223338621540631
13872,15767,27,Under 35,F,5825,6216,12041,391,0.0671244635193133
7350,28211,42,40-44,F,5563,6478,12041,915,0.164479597339565
10456,37203,28,Under 35,F,5693,6348,12041,655,0.1150535745652555
10395,46307,50,50-54,M,5822,6220,12042,398,0.0683613878392305
10942,44718,33,Under 35,F,5780,6262,12042,482,0.0833910034602076
2331,02492,24,Under 35,M,5181,6862,12043,1681,0.3244547384674773
15445,89134,36,35-39,F,5888,6156,12044,268,0.045516304347826
8594,94108,40,40-44,M,5434,6610,12044,1176,0.2164151637835848
11192,78504,45,45-49,M,5762,6283,12045,521,0.0904199930579659
13054,13090,30,Under 35,F,5984,6062,12046,78,0.0130347593582887
3837,32601,24,Under 35,M,5678,6369,12047,691,0.1216977809087706
14529,20816,57,55-59,M,6038,6009,12047,-29,-0.0048029148724743
3671,11211,22,Under 35,M,5712,6336,12048,624,0.1092436974789916
4020,78751,34,Under 35,M,5251,6797,12048,1546,0.2944201104551514
13306,28690,20,Under 35,F,5747,6301,12048,554,0.0963981207586567
13140,03046,57,55-59,M,5664,6385,12049,721,0.127295197740113
9651,59718,54,50-54,M,5685,6364,12049,679,0.1194371152154793
4988,17402,46,45-49,M,5418,6631,12049,1213,0.2238833517903285
5813,49506,38,35-39,M,5264,6785,12049,1521,0.2889437689969605
16360,12077,24,Under 35,F,5972,6077,12049,105,0.0175820495646349
14689,28560,36,35-39,F,5735,6315,12050,580,0.1011333914559721
9805,03257,55,55-59,M,5590,6460,12050,870,0.1556350626118068
12239,78681,51,50-54,M,5885,6165,12050,280,0.0475785896346644
2621,46745,24,Under 35,M,5095,6956,12051,1861,0.3652600588812561
9328,02458,31,Under 35,F,5447,6604,12051,1157,0.2124105011933174
29993,02474,46,45-49,M,5854,6198,12052,344,0.0587632388110693
14074,91402,60,60-64,M,5513,6539,12052,1026,0.1861055686559042
8341,55126,45,45-49,M,5345,6707,12052,1362,0.2548175865294668
11254,10075,32,Under 35,F,5787,6265,12052,478,0.0825989286331432
3716,16803,26,Under 35,M,5643,6410,12053,767,0.1359206096048201
4780,19003,34,Under 35,M,5419,6635,12054,1216,0.2243956449529433
2177,06854,32,Under 35,M,5334,6721,12055,1387,0.2600299962504687
12038,28374,58,55-59,M,6031,6024,12055,-7,-0.0011606698723263
9878,94618,35,35-39,F,5550,6505,12055,955,0.172072072072072
5441,84059,42,40-44,M,5525,6531,12056,1006,0.1820814479638009
10612,10128,27,Under 35,F,5460,6596,12056,1136,0.208058608058608
11893,77075,58,55-59,M,5732,6324,12056,592,0.1032798325191905
6274,44077,36,35-39,M,5487,6569,12056,1082,0.1971933661381447
7384,80111,37,35-39,M,5942,6114,12056,172,0.0289464826657691
11362,37660,48,45-49,M,5740,6316,12056,576,0.1003484320557491
6908,35243,40,40-44,M,5549,6508,12057,959,0.1728239322400432
11080,02144,53,50-54,M,5577,6480,12057,903,0.1619150080688542
13623,75224,40,40-44,F,5396,6662,12058,1266,0.2346182357301705
9803,45601,51,50-54,M,5587,6471,12058,884,0.1582244496151781
12849,01876,33,Under 35,F,5845,6213,12058,368,0.0629597946963216
14660,11937,34,Under 35,F,5972,6086,12058,114,0.0190890823844608
14490,01001,35,35-39,F,5934,6124,12058,190,0.0320188742837883
10226,10009,27,Under 35,F,5660,6400,12060,740,0.1307420494699646
12992,52732,33,Under 35,F,5765,6296,12061,531,0.0921075455333911
5553,37659,40,40-44,M,5358,6703,12061,1345,0.2510265024262784
18265,84005,39,35-39,F,5910,6151,12061,241,0.0407783417935702
9338,78747,38,35-39,F,5667,6395,12062,728,0.1284630315863772
12333,55812,26,Under 35,F,5782,6280,12062,498,0.0861293670010377
9789,02139,39,35-39,F,5703,6359,12062,656,0.1150271786778888
12963,06489,34,Under 35,F,5915,6148,12063,233,0.0393913778529163
13084,37203,25,Under 35,F,5621,6444,12065,823,0.1464152286070094
15475,96761,28,Under 35,F,6046,6020,12066,-26,-0.0043003638769434
9616,60175,53,50-54,M,5675,6392,12067,717,0.1263436123348017
7177,85379,37,35-39,M,5677,6390,12067,713,0.1255945041395103
16078,31808,38,35-39,F,5999,6069,12068,70,0.0116686114352392
2894,33547,42,40-44,M,5233,6835,12068,1602,0.3061341486718899
11991,77098,61,60-64,M,5616,6452,12068,836,0.1488603988603988
10141,94109,40,40-44,F,5814,6254,12068,440,0.0756793945648434
16246,55124,25,Under 35,F,5776,6293,12069,517,0.0895083102493074
4832,98122,25,Under 35,M,5042,7027,12069,1985,0.3936929789765966
12070,34786,46,45-49,M,5755,6314,12069,559,0.0971329278887923
14266,10003,27,Under 35,F,5743,6327,12070,584,0.1016890127111265
3659,98008,32,Under 35,M,5277,6793,12070,1516,0.2872844419177563
12878,80903,26,Under 35,F,5710,6360,12070,650,0.1138353765323993
14033,84321,30,Under 35,F,5767,6304,12071,537,0.0931160048552106
10762,68510,46,45-49,M,5737,6334,12071,597,0.1040613561094648
8088,25314,40,40-44,M,5386,6685,12071,1299,0.2411808392127738
7190,33901,38,35-39,M,5378,6694,12072,1316,0.2447006322052807
9353,15419,47,45-49,M,5735,6338,12073,603,0.1051438535309503
3892,02134,29,Under 35,M,5735,6338,12073,603,0.1051438535309503
17252,22301,35,35-39,F,5938,6136,12074,198,0.0333445604580666
5293,94114,37,35-39,M,5736,6338,12074,602,0.1049511854951185
4861,02210,35,35-39,M,5736,6338,12074,602,0.1049511854951185
14533,02144,27,Under 35,F,5836,6238,12074,402,0.068882796435915
16016,27609,29,Under 35,F,5906,6168,12074,262,0.0443616661022688
5323,07002,44,40-44,M,5379,6696,12075,1317,0.2448410485220301
10465,60561,43,40-44,F,5864,6211,12075,347,0.0591746248294679
29099,30005,55,55-59,M,6079,5996,12075,-83,-0.0136535614410264
7028,84310,38,35-39,F,5980,6095,12075,115,0.0192307692307692
3274,98122,41,40-44,M,5489,6587,12076,1098,0.2000364365093824
13604,94107,55,55-59,M,5716,6360,12076,644,0.112666200139958
11690,97086,39,35-39,F,5906,6170,12076,264,0.0447003047748052
2863,35216,43,40-44,M,5224,6852,12076,1628,0.3116385911179173
9365,60137,66,65-69,M,5698,6379,12077,681,0.1195156195156195
5337,75229,43,40-44,M,5920,6157,12077,237,0.0400337837837837
19563,71913,60,60-64,M,5850,6227,12077,377,0.0644444444444444
12362,43082,41,40-44,F,5752,6327,12079,575,0.0999652294853963
16405,92835,45,45-49,F,5843,6236,12079,393,0.0672599691939072
8805,18403,43,40-44,M,5595,6484,12079,889,0.1588918677390527
343,55812,35,35-39,M,5911,6168,12079,257,0.0434782608695652
12315,20002,32,Under 35,F,5842,6237,12079,395,0.0676138308798356
12582,06107,62,60-64,M,5678,6402,12080,724,0.1275096865093342
2548,11701,51,50-54,M,5594,6486,12080,892,0.1594565606006435
13663,60091,39,35-39,F,5911,6169,12080,258,0.0436474369818981
15012,94920,56,55-59,M,5822,6258,12080,436,0.0748883545173479
8694,94612,59,55-59,M,5625,6455,12080,830,0.1475555555555555
5207,48307,60,60-64,M,5264,6816,12080,1552,0.2948328267477204
9917,77018,45,45-49,F,5884,6196,12080,312,0.0530251529571719
10672,91604,46,45-49,M,5584,6496,12080,912,0.163323782234957
11369,86001,40,40-44,F,5837,6243,12080,406,0.0695562789103991
10069,72501,50,50-54,M,5697,6384,12081,687,0.1205897840968931
11132,04108,57,55-59,M,5622,6460,12082,838,0.1490572749911063
14795,53132,38,35-39,F,5828,6254,12082,426,0.0730954015099519
8155,20010,44,40-44,M,5814,6269,12083,455,0.0782593739250086
13412,55123,53,50-54,M,5858,6225,12083,367,0.0626493683851143
4669,29405,55,55-59,M,5376,6708,12084,1332,0.2477678571428571
13042,06489,50,50-54,M,5841,6243,12084,402,0.0688238315356959
12442,89148,30,Under 35,F,5774,6310,12084,536,0.0928299272601316
7562,11218,43,40-44,M,5494,6590,12084,1096,0.1994903531124863
11929,01906,29,Under 35,F,5778,6307,12085,529,0.0915541709934233
8213,94523,34,Under 35,F,5480,6605,12085,1125,0.2052919708029197
8714,20136,44,40-44,M,5227,6858,12085,1631,0.312033671321982
10020,44106,31,Under 35,F,5772,6314,12086,542,0.0939015939015939
15039,94109,31,Under 35,F,5875,6211,12086,336,0.0571914893617021
10028,10013,26,Under 35,F,5592,6494,12086,902,0.1613018597997138
12867,11211,30,Under 35,F,5777,6309,12086,532,0.0920893197161156
13799,46514,21,Under 35,F,5908,6179,12087,271,0.0458700067704807
11368,46135,39,35-39,F,5857,6230,12087,373,0.0636844801092709
4008,03246,36,35-39,M,5218,6869,12087,1651,0.3164047527788424
6901,94609,38,35-39,M,5601,6487,12088,886,0.1581860382074629
11486,60563,26,Under 35,F,5684,6404,12088,720,0.1266713581984518
6409,07450,36,35-39,M,5503,6586,12089,1083,0.1968017445029983
15423,55343,32,Under 35,F,5991,6098,12089,107,0.0178601235186112
25992,02127,32,Under 35,M,5534,6557,12091,1023,0.1848572461149259
13048,11575,50,50-54,M,5722,6369,12091,647,0.1130723523243621
4354,78254,27,Under 35,M,5319,6772,12091,1453,0.2731716488061665
14450,60022,57,55-59,M,6049,6043,12092,-6,-0.0009918994875185
15288,94117,28,Under 35,F,5945,6147,12092,202,0.0339781328847771
12462,60005,56,55-59,M,5789,6303,12092,514,0.0887890827431335
6220,60047,40,40-44,M,5372,6720,12092,1348,0.2509307520476545
8953,07506,46,45-49,M,5449,6643,12092,1194,0.2191227748210681
11646,48371,38,35-39,F,5779,6314,12093,535,0.0925765703408894
12654,02871,25,Under 35,F,5694,6399,12093,705,0.1238145416227608
13318,90293,24,Under 35,F,5850,6243,12093,393,0.0671794871794871
3149,90405,27,Under 35,M,5850,6243,12093,393,0.0671794871794871
15490,94131,31,Under 35,F,6099,5995,12094,-104,-0.0170519757337268
3493,02142,29,Under 35,M,4959,7135,12094,2176,0.4387981447872555
11670,77008,55,55-59,M,5645,6450,12095,805,0.1426040744021257
5559,06424,54,50-54,M,5749,6346,12095,597,0.1038441468081405
10984,46236,38,35-39,F,5746,6349,12095,603,0.1049425687434737
2818,72076,47,45-49,M,5215,6880,12095,1665,0.3192713326941515
10079,97526,29,Under 35,F,5703,6392,12095,689,0.1208136068735753
16121,29673,38,35-39,F,5735,6361,12096,626,0.1091543156059285
14073,53204,46,45-49,F,5843,6253,12096,410,0.0701694335101831
5448,35213,35,35-39,M,5589,6507,12096,918,0.1642512077294686
8977,97201,43,40-44,M,5482,6615,12097,1133,0.2066763954761036
14123,80439,35,35-39,F,5891,6207,12098,316,0.0536411475131556
15023,02139,29,Under 35,F,5905,6193,12098,288,0.0487722269263336
11436,33150,48,45-49,M,5870,6228,12098,358,0.0609880749574105
26691,02127,34,Under 35,M,5751,6347,12098,596,0.1036341505825073
7064,91010,39,35-39,M,5413,6685,12098,1272,0.2349898392758174
701,07006,22,Under 35,M,4653,7446,12099,2793,0.6002578981302386
13245,55408,33,Under 35,F,5949,6150,12099,201,0.0337871911245587
13912,77433,57,55-59,M,5990,6110,12100,120,0.020033388981636
8086,95476,52,50-54,M,5769,6331,12100,562,0.0974172300225342
12311,80206,50,50-54,M,6104,5996,12100,-108,-0.0176933158584534
12949,01463,54,50-54,M,5802,6299,12101,497,0.0856601172009651
7413,43015,41,40-44,M,5694,6408,12102,714,0.125395152792413
3784,53711,44,40-44,M,5706,6396,12102,690,0.120925341745531
3336,06107,30,Under 35,M,5100,7002,12102,1902,0.3729411764705882
11819,49660,54,50-54,M,6132,5970,12102,-162,-0.0264187866927592
16408,02061,35,35-39,F,5865,6238,12103,373,0.0635976129582267
9393,01730,25,Under 35,F,5798,6305,12103,507,0.0874439461883408
13386,37214,25,Under 35,F,5822,6281,12103,459,0.0788388869804191
12891,02134,34,Under 35,F,5962,6141,12103,179,0.0300234820530023
13225,48105,42,40-44,F,5845,6259,12104,414,0.0708297690333618
12103,14546,45,45-49,F,5847,6258,12105,411,0.0702924576706003
16278,15090,42,40-44,F,5951,6154,12105,203,0.0341119139640396
10577,44514,48,45-49,F,5918,6188,12106,270,0.0456235214599526
9144,27608,50,50-54,M,5452,6654,12106,1202,0.2204695524578136
11135,93455,30,Under 35,F,5718,6388,12106,670,0.1171738370059461
13592,40223,45,45-49,F,6023,6083,12106,60,0.009961813049975
12360,78669,52,50-54,M,5786,6320,12106,534,0.0922917386795713
9592,66215,48,45-49,M,5962,6144,12106,182,0.0305266689030526
15644,30309,49,45-49,F,5908,6198,12106,290,0.0490859851049424
9647,64112,45,45-49,M,5774,6333,12107,559,0.0968133010045029
12500,05465,32,Under 35,F,5711,6396,12107,685,0.1199439677814743
4595,07030,26,Under 35,M,5348,6759,12107,1411,0.2638369483919222
11709,92037,24,Under 35,F,5768,6340,12108,572,0.0991678224687933
14687,48083,23,Under 35,F,5921,6188,12109,267,0.0450937341665259
9095,93555,46,45-49,M,5777,6332,12109,555,0.0960706248918123
5284,94306,24,Under 35,F,5519,6590,12109,1071,0.1940568943649211
8067,01864,41,40-44,M,5518,6591,12109,1073,0.1944545125045306
7369,02864,46,45-49,F,5589,6520,12109,931,0.1665772052245482
12863,12180,57,55-59,F,5820,6290,12110,470,0.0807560137457044
10880,14226,36,35-39,F,5646,6464,12110,818,0.1448813319164009
9576,97225,45,45-49,M,5527,6583,12110,1056,0.1910620589831735
14364,94025,21,Under 35,F,6116,5994,12110,-122,-0.0199476782210595
4849,53207,30,Under 35,M,5178,6932,12110,1754,0.3387408265739667
13852,60614,38,35-39,F,5959,6151,12110,192,0.0322201711696593
8024,06460,43,40-44,M,5632,6479,12111,847,0.150390625
18476,37027,41,40-44,F,5941,6172,12113,231,0.0388823430398922
8820,94947,40,40-44,M,5626,6488,12114,862,0.1532172058300746
10647,10002,35,35-39,F,5442,6672,12114,1230,0.2260198456449834
11549,28211,47,45-49,M,5771,6343,12114,572,0.0991162710102235
759,55337,29,Under 35,M,4589,7525,12114,2936,0.6397908040967532
7285,24018,48,45-49,M,5924,6191,12115,267,0.0450708980418636
16952,08108,45,45-49,F,6028,6087,12115,59,0.0097876575978765
11394,50014,45,45-49,M,5669,6447,12116,778,0.1372376080437466
7863,92373,49,45-49,F,6007,6109,12116,102,0.0169801897785916
12872,34202,52,50-54,M,6015,6102,12117,87,0.0144638403990024
11543,97404,58,55-59,M,5661,6457,12118,796,0.1406111994347288
4897,07310,28,Under 35,F,5548,6570,12118,1022,0.1842105263157894
16709,08820,60,60-64,M,5998,6121,12119,123,0.0205068356118706
4747,71106,34,Under 35,M,5677,6442,12119,765,0.1347542716223357
13258,02127,25,Under 35,F,5790,6330,12120,540,0.0932642487046632
9615,14052,55,55-59,M,5827,6293,12120,466,0.0799725416166123
10289,02536,33,Under 35,F,5654,6466,12120,812,0.1436151397240891
13390,94611,51,50-54,M,5931,6189,12120,258,0.0435002529084471
14048,78723,28,Under 35,F,5774,6347,12121,573,0.0992379632836854
9726,29492,50,50-54,M,5786,6336,12122,550,0.0950570342205323
2245,03054,36,35-39,M,5312,6810,12122,1498,0.2820030120481928
16740,76248,58,55-59,M,5934,6188,12122,254,0.0428041793056959
12185,94941,31,Under 35,F,5671,6451,12122,780,0.1375418797390231
13397,60004,45,45-49,F,5968,6154,12122,186,0.031166219839142
5055,60611,44,40-44,M,5702,6421,12123,719,0.1260961066292528
11201,20180,40,40-44,F,5709,6414,12123,705,0.1234892275354703
9178,73160,41,40-44,M,5754,6369,12123,615,0.1068821689259645
8362,98801,64,60-64,M,5710,6414,12124,704,0.123292469352014
8356,29466,46,45-49,M,5466,6658,12124,1192,0.2180753750457373
5401,02481,54,50-54,M,5478,6646,12124,1168,0.2132165023731289
13226,99208,43,40-44,F,5859,6266,12125,407,0.0694657791431985
4973,85755,45,45-49,M,5220,6907,12127,1687,0.3231800766283524
12114,38138,38,35-39,F,5717,6410,12127,693,0.1212174217246807
12012,80023,48,45-49,M,5908,6219,12127,311,0.0526404874746107
9795,02917,26,Under 35,F,5459,6668,12127,1209,0.2214691335409415
17577,97702,43,40-44,F,5831,6297,12128,466,0.0799176813582576
16164,53051,40,40-44,F,6010,6118,12128,108,0.0179700499168053
11872,55398,31,Under 35,F,6054,6075,12129,21,0.0034687809712586
8442,99362,49,45-49,M,5843,6286,12129,443,0.0758172171829539
6686,75072,43,40-44,F,5716,6413,12129,697,0.1219384184744576
11284,01719,51,50-54,M,5758,6372,12130,614,0.1066342480027787
9971,46037,36,35-39,F,5473,6657,12130,1184,0.216334734149461
9051,10027,26,Under 35,F,5581,6549,12130,968,0.1734456190646837
10849,08530,33,Under 35,F,5703,6427,12130,724,0.1269507276871821
4221,85044,39,35-39,M,5145,6985,12130,1840,0.3576287657920311
16102,44111,40,40-44,F,6038,6093,12131,55,0.0091089764822789
3899,04426,32,Under 35,M,5271,6860,12131,1589,0.301460823373174
5797,43082,28,Under 35,F,5631,6500,12131,869,0.1543242763274729
10957,06443,48,45-49,F,5644,6488,12132,844,0.1495393338058114
11354,55303,38,35-39,F,5690,6442,12132,752,0.1321616871704745
12233,08610,26,Under 35,F,5877,6255,12132,378,0.0643185298621745
12571,77007,36,35-39,F,5946,6186,12132,240,0.0403632694248234
15220,08736,28,Under 35,F,6036,6096,12132,60,0.0099403578528827
10258,02116,29,Under 35,F,5845,6287,12132,442,0.0756201881950384
7867,56401,47,45-49,F,5585,6548,12133,963,0.1724261414503133
18400,94062,53,50-54,F,5825,6308,12133,483,0.0829184549356223
6928,78741,35,35-39,M,5397,6736,12133,1339,0.248100796738929
12009,77006,46,45-49,M,5650,6484,12134,834,0.1476106194690265
10563,60521,37,35-39,F,6058,6076,12134,18,0.0029712776493892
6354,80015,37,35-39,M,5555,6580,12135,1025,0.1845184518451845
16042,62703,25,Under 35,F,5940,6195,12135,255,0.0429292929292929
12476,94027,56,55-59,M,5842,6293,12135,451,0.077199589181787
11225,04605,59,55-59,F,5916,6219,12135,303,0.0512170385395537
3901,80303,28,Under 35,M,5648,6488,12136,840,0.1487252124645892
15108,84604,29,Under 35,F,6033,6103,12136,70,0.0116028509862423
1338,03820,31,Under 35,M,5216,6920,12136,1704,0.3266871165644172
12431,01880,27,Under 35,F,5929,6207,12136,278,0.0468881767583066
4787,01701,42,40-44,M,5368,6768,12136,1400,0.2608047690014903
7551,78229,41,40-44,M,5642,6495,12137,853,0.1511875221552641
8132,20901,46,45-49,M,5703,6434,12137,731,0.1281781518499035
9255,32835,55,55-59,M,5571,6566,12137,995,0.1786034823191527
8753,80134,31,Under 35,F,5355,6782,12137,1427,0.2664799253034547
10382,96816,53,50-54,M,5553,6584,12137,1031,0.1856654060867999
11017,29601,53,50-54,M,5634,6503,12137,869,0.1542421015264465
6103,92620,49,45-49,M,5551,6586,12137,1035,0.1864528913709241
17279,83202,36,35-39,F,5936,6201,12137,265,0.0446428571428571
14864,27615,27,Under 35,F,5913,6225,12138,312,0.0527650938609842
16311,28777,33,Under 35,F,5652,6487,12139,835,0.1477353149327671
10405,10003,28,Under 35,F,5696,6443,12139,747,0.1311446629213483
614,60487,25,Under 35,M,5661,6478,12139,817,0.1443207913796149
16506,72712,37,35-39,F,5933,6206,12139,273,0.0460138210011798
8276,02116,23,Under 35,F,5628,6512,12140,884,0.1570717839374555
8415,10128,41,40-44,F,5904,6237,12141,333,0.0564024390243902
12001,17201,29,Under 35,F,5858,6283,12141,425,0.0725503584841242
6107,75205,35,35-39,M,5873,6268,12141,395,0.0672569385322663
9692,02145,47,45-49,M,5684,6457,12141,773,0.1359957776213934
4683,43240,23,Under 35,M,4981,7161,12142,2180,0.4376631198554507
17555,28226,30,Under 35,F,6164,5978,12142,-186,-0.0301752109020116
6848,20816,42,40-44,F,5508,6634,12142,1126,0.2044299201161946
13315,04444,34,Under 35,F,5946,6196,12142,250,0.0420450723175243
4633,98105,55,55-59,M,5155,6988,12143,1833,0.3555771096023278
10852,55043,41,40-44,F,5781,6362,12143,581,0.1005016433143054
8732,02145,26,Under 35,F,5387,6757,12144,1370,0.2543159457954334
10090,27519,47,45-49,M,5779,6365,12144,586,0.1014016265789929
18309,11201,43,40-44,F,6074,6070,12144,-4,-0.0006585446163977
14922,13039,27,Under 35,F,5947,6197,12144,250,0.0420380023541281
26952,28078,40,40-44,M,5938,6206,12144,268,0.0451330414280902
15160,20817,60,60-64,M,5864,6282,12146,418,0.0712824010914051
8902,19807,47,45-49,M,5638,6508,12146,870,0.1543100390209294
9162,30319,22,Under 35,F,5586,6560,12146,974,0.1743644826351593
11309,95030,56,55-59,M,5750,6397,12147,647,0.1125217391304347
11582,07042,45,45-49,F,5749,6398,12147,649,0.1128891981214124
15479,14221,30,Under 35,F,6057,6090,12147,33,0.0054482417038137
13448,83843,24,Under 35,F,5742,6406,12148,664,0.1156391501219087
3360,48197,39,35-39,M,5202,6946,12148,1744,0.3352556708958093
15535,19103,31,Under 35,F,5790,6359,12149,569,0.0982728842832469
9004,35209,22,Under 35,F,5713,6436,12149,723,0.1265534745317696
14314,97210,39,35-39,F,6017,6132,12149,115,0.0191125145421306
9143,94040,53,50-54,M,5818,6332,12150,514,0.0883465108284633
13534,48843,35,35-39,F,5900,6250,12150,350,0.059322033898305
432,47630,41,40-44,M,5312,6839,12151,1527,0.2874623493975903
10091,94303,47,45-49,M,5795,6356,12151,561,0.0968075927523727
13303,85297,39,35-39,F,5960,6191,12151,231,0.0387583892617449
11493,03458,24,Under 35,F,5776,6376,12152,600,0.1038781163434903
14230,05477,43,40-44,F,6120,6033,12153,-87,-0.0142156862745098
3983,86001,34,Under 35,M,4909,7244,12153,2335,0.4756569566103076
13915,10065,29,Under 35,F,6029,6124,12153,95,0.0157571736606402
16456,06825,52,50-54,F,6027,6126,12153,99,0.0164260826281732
15123,34114,58,55-59,M,5895,6258,12153,363,0.0615776081424936
6948,94025,42,40-44,M,5447,6707,12154,1260,0.2313199926565081
11042,95014,50,50-54,M,5816,6338,12154,522,0.0897524071526822
15133,48071,29,Under 35,F,5919,6235,12154,316,0.0533873965196823
8587,02481,66,65-69,M,5349,6805,12154,1456,0.2722004112918302
15513,93402,40,40-44,F,5893,6262,12155,369,0.0626166638384524
8791,99203,47,45-49,M,5522,6633,12155,1111,0.2011952191235059
4611,04103,32,Under 35,M,5485,6670,12155,1185,0.2160437556973564
6447,41017,39,35-39,M,5038,7117,12155,2079,0.4126637554585153
13810,60614,24,Under 35,F,5627,6529,12156,902,0.160298560511818
24821,02118,22,Under 35,F,6069,6088,12157,19,0.003130664030318
13701,92131,29,Under 35,F,5929,6228,12157,299,0.0504300893911283
3645,19002,23,Under 35,M,5773,6384,12157,611,0.1058375194872683
13063,19707,38,35-39,F,5859,6299,12158,440,0.0750981396142686
25385,94131,41,40-44,M,5787,6371,12158,584,0.1009158458614135
1232,84606,24,Under 35,M,5253,6906,12159,1653,0.3146773272415762
3495,55424,23,Under 35,M,5516,6643,12159,1127,0.2043147208121827
19426,11705,40,40-44,F,6137,6022,12159,-115,-0.0187387974580413
10937,02494,25,Under 35,F,6085,6074,12159,-11,-0.0018077239112571
14627,97702,28,Under 35,F,5935,6224,12159,289,0.0486941870261162
9782,94118,55,55-59,M,5683,6477,12160,794,0.1397149392926271
12712,34787,55,55-59,M,5865,6295,12160,430,0.0733162830349531
14551,80211,26,Under 35,F,5777,6383,12160,606,0.1048987363683572
16991,10014,26,Under 35,M,5689,6471,12160,782,0.1374582527685006
8895,38103,39,35-39,F,5866,6294,12160,428,0.072962836685987
6887,63052,38,35-39,M,5324,6836,12160,1512,0.2839969947407963
14960,30022,23,Under 35,F,5484,6677,12161,1193,0.2175419401896426
5009,06355,38,35-39,M,5538,6623,12161,1085,0.1959191043698085
3218,53042,23,Under 35,M,5139,7022,12161,1883,0.3664136991632613
13675,41073,34,Under 35,F,6109,6052,12161,-57,-0.0093304959895236
15193,30022,60,60-64,M,5484,6678,12162,1194,0.2177242888402625
11112,81620,40,40-44,F,5801,6362,12163,561,0.0967074642303051
5409,63005,43,40-44,M,5364,6799,12163,1435,0.267524235645041
8233,38655,25,Under 35,F,5648,6516,12164,868,0.1536827195467422
9355,03301,26,Under 35,F,5508,6656,12164,1148,0.2084241103848947
7889,77040,51,50-54,M,5778,6386,12164,608,0.1052267220491519
12977,94952,34,Under 35,F,5784,6380,12164,596,0.103042876901798
6309,98122,42,40-44,M,5438,6727,12165,1289,0.2370356748804707
5299,60618,43,40-44,M,5629,6536,12165,907,0.1611298632083851
7376,60618,43,40-44,M,5188,6977,12165,1789,0.344834232845027
13456,02702,18,Under 35,F,5646,6520,12166,874,0.1547998583067658
3754,34237,31,Under 35,M,5267,6899,12166,1632,0.3098538067210936
12955,10025,27,Under 35,F,5777,6389,12166,612,0.105937337718539
7870,07624,47,45-49,F,5928,6239,12167,311,0.0524628879892037
8189,21217,42,40-44,M,5505,6662,12167,1157,0.210172570390554
13009,07901,52,50-54,M,5837,6330,12167,493,0.0844611958197704
12482,60618,37,35-39,F,5916,6251,12167,335,0.0566260987153482
11704,18810,47,45-49,M,5737,6430,12167,693,0.1207948405089768
10239,50265,45,45-49,M,5409,6758,12167,1349,0.2493991495655389
12641,77070,43,40-44,F,5792,6376,12168,584,0.1008287292817679
2484,01922,41,40-44,M,5398,6770,12168,1372,0.2541682104483141
7961,99507,45,45-49,F,5905,6263,12168,358,0.0606265876375952
11064,75225,47,45-49,M,5625,6544,12169,919,0.1633777777777778
18389,54476,42,40-44,F,5778,6391,12169,613,0.106092073381793
10224,37909,27,Under 35,F,5304,6865,12169,1561,0.2943061840120664
4359,91745,44,40-44,M,5761,6409,12170,648,0.1124804721402534
10128,33803,57,55-59,M,5685,6485,12170,800,0.1407211961301671
12813,10011,38,35-39,F,5665,6505,12170,840,0.1482789055604589
17267,94563,45,45-49,F,5874,6296,12170,422,0.0718420156622403
9563,02144,31,Under 35,F,5680,6492,12172,812,0.1429577464788732
2105,84064,21,Under 35,M,4929,7243,12172,2314,0.469466423209576
10035,20175,29,Under 35,F,5507,6666,12173,1159,0.2104594152896313
4794,38111,27,Under 35,M,5684,6489,12173,805,0.1416256157635468
10050,37615,49,45-49,M,5580,6593,12173,1013,0.1815412186379928
11796,02139,22,Under 35,F,5776,6397,12173,621,0.1075138504155124
11257,24014,40,40-44,F,5543,6631,12174,1088,0.1962836009381201
14156,07055,40,40-44,F,6032,6142,12174,110,0.018236074270557
12501,60654,31,Under 35,F,5821,6353,12174,532,0.0913932314035389
1922,47401,42,40-44,M,5039,7136,12175,2097,0.4161539988092875
7841,02155,50,50-54,M,5484,6691,12175,1207,0.2200948212983224
13505,04102,28,Under 35,F,5717,6458,12175,741,0.1296134336190309
13827,78741,30,Under 35,F,6008,6168,12176,160,0.0266311584553928
17708,01880,30,Under 35,F,5894,6282,12176,388,0.0658296572785883
11906,02478,47,45-49,M,5599,6577,12176,978,0.1746740489373102
17483,30022,51,50-54,F,6024,6152,12176,128,0.0212483399734395
16598,80550,45,45-49,F,5808,6368,12176,560,0.0964187327823691
16283,91765,55,55-59,F,6027,6150,12177,123,0.0204081632653061
15482,80424,41,40-44,F,5991,6186,12177,195,0.0325488232348522
10946,21224,25,Under 35,F,5719,6458,12177,739,0.1292183948242699
5263,84103,40,40-44,M,6024,6153,12177,129,0.021414342629482
11188,91321,30,Under 35,F,5814,6364,12178,550,0.0945992432060543
14850,02210,28,Under 35,F,5915,6263,12178,348,0.0588334742180896
11337,12065,42,40-44,F,6058,6120,12178,62,0.0102344007923407
13472,08062,37,35-39,F,6044,6134,12178,90,0.014890800794176
3494,02127,30,Under 35,M,5265,6913,12178,1648,0.3130104463437796
5013,21211,39,35-39,M,5578,6601,12179,1023,0.1833990677662244
14493,21093,62,60-64,M,5910,6269,12179,359,0.0607445008460236
4634,91355,54,50-54,M,6082,6098,12180,16,0.0026307135810588
12151,12946,27,Under 35,F,5754,6426,12180,672,0.1167883211678832
10318,11530,27,Under 35,F,5658,6525,12183,867,0.1532343584305408
25504,02127,25,Under 35,F,6130,6053,12183,-77,-0.0125611745513866
11655,98629,42,40-44,F,5996,6188,12184,192,0.0320213475650433
5676,06070,35,35-39,M,5375,6809,12184,1434,0.2667906976744186
3770,50312,28,Under 35,M,5443,6742,12185,1299,0.238655153408047
13594,19102,40,40-44,F,6034,6151,12185,117,0.0193901226383825
10300,97225,27,Under 35,F,5272,6914,12186,1642,0.3114567526555387
15331,94103,37,35-39,F,5741,6445,12186,704,0.1226267200836091
3670,24401,25,Under 35,M,5395,6791,12186,1396,0.258758109360519
9465,06033,52,50-54,M,5535,6652,12187,1117,0.201806684733514
14082,76065,49,45-49,F,5855,6332,12187,477,0.0814688300597779
15543,76107,43,40-44,F,5967,6220,12187,253,0.0423998659292776
17083,01876,45,45-49,F,6066,6122,12188,56,0.0092317837124958
9386,80517,48,45-49,M,5556,6632,12188,1076,0.1936645068394528
13600,60646,54,50-54,M,6033,6156,12189,123,0.0203878667329686
8920,44023,43,40-44,M,5414,6775,12189,1361,0.2513852973771703
3877,90004,37,35-39,M,5189,7000,12189,1811,0.3490075158990171
13200,82520,30,Under 35,F,5695,6495,12190,800,0.1404741000877963
9432,19428,45,45-49,M,5645,6545,12190,900,0.1594331266607617
6101,10941,46,45-49,M,5182,7008,12190,1826,0.3523736009262833
12218,92336,55,55-59,M,5978,6212,12190,234,0.0391435262629642
11594,49424,47,45-49,M,5801,6389,12190,588,0.101361834166523
9533,77019,40,40-44,F,5912,6278,12190,366,0.0619079837618403
4196,30008,33,Under 35,M,5419,6771,12190,1352,0.2494925262963646
11908,28460,24,Under 35,F,5607,6584,12191,977,0.1742464776172641
14285,93105,39,35-39,F,5811,6380,12191,569,0.0979177422130442
7857,75205,46,45-49,M,5762,6429,12191,667,0.1157584172162443
10715,60047,46,45-49,M,5825,6366,12191,541,0.0928755364806867
18045,43212,39,35-39,F,6057,6135,12192,78,0.0128776622090143
9903,05663,31,Under 35,F,5724,6468,12192,744,0.129979035639413
9272,19711,55,55-59,M,5652,6541,12193,889,0.1572894550601557
15157,21076,29,Under 35,F,5855,6338,12193,483,0.0824935952177626
5554,10024,40,40-44,M,5378,6815,12193,1437,0.2671997024916325
9444,74105,49,45-49,M,5793,6401,12194,608,0.1049542551355083
14613,03856,34,Under 35,F,5682,6512,12194,830,0.1460753255895811
17210,97477,39,35-39,F,5931,6263,12194,332,0.0559770696341257
16784,55344,36,35-39,F,6264,5932,12196,-332,-0.0530012771392081
15459,54956,30,Under 35,F,5953,6244,12197,291,0.0488829161767176
15216,08225,35,35-39,F,6015,6183,12198,168,0.027930174563591
16036,05403,39,35-39,F,6037,6163,12200,126,0.0208712936889183
11062,28269,46,45-49,M,5569,6631,12200,1062,0.1906985096067516
4334,55902,24,Under 35,M,5384,6816,12200,1432,0.2659732540861813
10799,60126,48,45-49,M,5824,6376,12200,552,0.0947802197802197
4325,80211,38,35-39,M,6145,6056,12201,-89,-0.0144833197721724
26748,02493,28,Under 35,F,6095,6106,12201,11,0.0018047579983593
14116,07302,27,Under 35,F,6016,6186,12202,170,0.0282579787234042
10316,11221,52,50-54,M,5653,6549,12202,896,0.1584999115513886
10529,60610,29,Under 35,F,5961,6241,12202,280,0.0469719845663479
6400,80112,43,40-44,M,5344,6859,12203,1515,0.2834955089820359
17372,77056,47,45-49,F,5849,6355,12204,506,0.0865105146178834
10064,02472,41,40-44,M,5578,6626,12204,1048,0.1878809609178917
14164,07043,40,40-44,F,6002,6202,12204,200,0.0333222259246917
11249,02478,50,50-54,M,5659,6545,12204,886,0.1565647640925958
13674,30033,58,55-59,M,5804,6401,12205,597,0.1028600964851826
10768,03042,28,Under 35,F,5545,6660,12205,1115,0.2010820559062218
11271,02062,45,45-49,M,5844,6362,12206,518,0.0886379192334017
6423,02139,28,Under 35,F,5797,6409,12206,612,0.1055718475073313
17474,90066,35,35-39,F,5994,6213,12207,219,0.0365365365365365
7081,92805,44,40-44,M,5553,6654,12207,1101,0.1982712047541869
15397,04930,44,40-44,F,5824,6383,12207,559,0.0959821428571428
10688,77389,41,40-44,F,5755,6453,12208,698,0.1212858384013901
6199,38018,41,40-44,M,5252,6956,12208,1704,0.3244478293983244
14761,98103,28,Under 35,F,5964,6244,12208,280,0.0469483568075117
9978,01915,47,45-49,M,5690,6518,12208,828,0.145518453427065
28860,02127,27,Under 35,F,5905,6303,12208,398,0.0674005080440304
2891,80304,28,Under 35,M,5193,7016,12209,1823,0.3510494896976699
9420,93004,25,Under 35,F,5731,6478,12209,747,0.1303437445471994
8480,11101,42,40-44,M,5791,6420,12211,629,0.1086168192022103
7170,53211,50,50-54,M,5802,6409,12211,607,0.1046190968631506
7651,01886,41,40-44,M,5277,6934,12211,1657,0.3140041690354368
14502,20016,26,Under 35,F,5874,6337,12211,463,0.0788219271365338
10649,30004,52,50-54,M,5928,6283,12211,355,0.059885290148448
13702,19128,27,Under 35,F,5828,6384,12212,556,0.095401509951956
11941,02116,24,Under 35,F,5937,6275,12212,338,0.0569311099882095
10534,10012,30,Under 35,F,5690,6522,12212,832,0.1462214411247803
10412,60102,26,Under 35,F,5769,6445,12214,676,0.1171780204541515
9824,60035,50,50-54,M,5625,6590,12215,965,0.1715555555555555
16487,53150,30,Under 35,F,5888,6327,12215,439,0.0745584239130434
10949,49653,45,45-49,M,5859,6356,12215,497,0.084826762246117
13651,55109,50,50-54,M,5807,6408,12215,601,0.103495780954021
13877,32034,41,40-44,F,5752,6463,12215,711,0.1236091794158553
10627,79762,49,45-49,M,5890,6326,12216,436,0.0740237691001697
11792,45697,47,45-49,M,5844,6372,12216,528,0.0903490759753593
9770,10012,47,45-49,M,5941,6275,12216,334,0.0562194916680693
16692,83204,29,Under 35,F,5917,6299,12216,382,0.064559743113064
11139,94920,58,55-59,M,6002,6214,12216,212,0.0353215594801732
8357,46307,45,45-49,M,5408,6808,12216,1400,0.2588757396449704
10751,55413,27,Under 35,F,5442,6775,12217,1333,0.2449467107680999
16822,60510,39,35-39,F,6062,6155,12217,93,0.0153414714615638
7053,02481,50,50-54,M,5595,6622,12217,1027,0.1835567470956211
1762,33603,37,35-39,M,4883,7334,12217,2451,0.5019455252918288
9941,48103,29,Under 35,F,5941,6277,12218,336,0.0565561353307524
2231,76008,47,45-49,M,5511,6707,12218,1196,0.2170205044456541
12278,02180,29,Under 35,F,5941,6277,12218,336,0.0565561353307524
8199,60189,58,55-59,M,5710,6508,12218,798,0.139754816112084
13585,28411,42,40-44,F,5755,6464,12219,709,0.1231972198088618
3298,06824,53,50-54,M,5166,7053,12219,1887,0.3652729384436701
6195,05759,31,Under 35,F,5435,6784,12219,1349,0.2482060717571297
3163,75261,54,50-54,M,5272,6947,12219,1675,0.3177162367223065
1773,36608,27,Under 35,M,4919,7301,12220,2382,0.4842447651961781
16444,99203,42,40-44,F,6020,6200,12220,180,0.0299003322259136
2070,77450,44,40-44,M,5469,6752,12221,1283,0.2345949899433168
10422,02138,33,Under 35,F,5581,6640,12221,1059,0.1897509406916323
13310,55318,24,Under 35,F,5965,6256,12221,291,0.0487845766974015
5759,14905,39,35-39,M,5842,6380,12222,538,0.0920917494008901
10474,14905,38,35-39,F,5842,6380,12222,538,0.0920917494008901
16196,91362,57,55-59,M,5865,6357,12222,492,0.0838874680306905
17485,08530,60,60-64,M,5883,6339,12222,456,0.0775114737378888
15081,94115,28,Under 35,F,6121,6101,12222,-20,-0.0032674399607907
6864,02476,36,35-39,M,5651,6571,12222,920,0.162803043709078
4068,59718,32,Under 35,M,5200,7023,12223,1823,0.350576923076923
15452,44107,41,40-44,F,5909,6314,12223,405,0.0685395159925537
7480,76092,49,45-49,M,5641,6582,12223,941,0.1668143946108846
16820,18634,38,35-39,F,5830,6394,12224,564,0.0967409948542024
15147,28173,40,40-44,F,5773,6451,12224,678,0.1174432703966741
14370,80127,30,Under 35,F,5782,6442,12224,660,0.1141473538567969
10122,10028,51,50-54,M,5876,6348,12224,472,0.0803267528931245
13116,27302,36,35-39,F,5767,6457,12224,690,0.119646263221779
12551,32907,43,40-44,F,5624,6601,12225,977,0.1737197724039829
14839,34102,30,Under 35,F,5954,6271,12225,317,0.0532415183070204
10464,94536,46,45-49,M,5698,6527,12225,829,0.1454896454896455
11447,33149,51,50-54,M,5793,6432,12225,639,0.110305541170378
10721,94087,47,45-49,M,5543,6683,12226,1140,0.205664802453545
15424,29708,34,Under 35,F,6107,6119,12226,12,0.0019649582446373
10485,84721,54,50-54,M,5750,6477,12227,727,0.1264347826086956
3709,62278,20,Under 35,M,5084,7143,12227,2059,0.4049960660896931
6588,46250,41,40-44,M,5511,6716,12227,1205,0.2186536018871348
16631,76226,41,40-44,F,6028,6199,12227,171,0.0283676177836761
9487,10016,47,45-49,M,5542,6686,12228,1144,0.2064236737639841
7312,02139,28,Under 35,M,5260,6968,12228,1708,0.3247148288973384
16303,17602,59,55-59,M,6032,6196,12228,164,0.0271883289124668
18460,77459,40,40-44,F,6059,6169,12228,110,0.0181548110249216
16894,28207,55,55-59,M,5448,6780,12228,1332,0.2444933920704846
3916,44140,30,Under 35,F,6040,6189,12229,149,0.0246688741721854
13544,33179,34,Under 35,F,5910,6319,12229,409,0.0692047377326565
13301,90049,57,55-59,M,5928,6301,12229,373,0.0629217273954116
14638,97007,25,Under 35,F,5921,6308,12229,387,0.065360580982942
17527,14580,37,35-39,F,6034,6196,12230,162,0.0268478621146834
11954,03054,32,Under 35,F,5830,6400,12230,570,0.0977701543739279
7432,97217,46,45-49,M,5351,6879,12230,1528,0.2855541020370024
3476,64081,38,35-39,M,5389,6842,12231,1453,0.2696233067359436
9776,04345,48,45-49,M,5608,6623,12231,1015,0.1809914407988587
9451,48306,36,35-39,F,5525,6706,12231,1181,0.2137556561085973
16020,77054,26,Under 35,F,5638,6594,12232,956,0.1695636750620787
6228,08203,54,50-54,M,5559,6673,12232,1114,0.200395754632128
11288,19355,56,55-59,M,5841,6392,12233,551,0.0943331621297723
3919,93401,25,Under 35,M,5662,6571,12233,909,0.1605439773931473
16185,95819,28,Under 35,F,6025,6208,12233,183,0.0303734439834024
12180,27613,50,50-54,M,6107,6126,12233,19,0.0031111838873423
1887,54449,42,40-44,M,5477,6757,12234,1280,0.2337045828008033
9663,18940,28,Under 35,F,5612,6622,12234,1010,0.1799714896650035
15467,68505,20,Under 35,F,5877,6357,12234,480,0.0816743236345074
13359,23111,63,60-64,M,5813,6421,12234,608,0.1045931532771374
8842,98503,47,45-49,M,5596,6639,12235,1043,0.1863831308077198
1801,43606,32,Under 35,M,5608,6627,12235,1019,0.1817047075606276
10758,08094,39,35-39,F,5795,6441,12236,646,0.1114754098360655
6178,14534,45,45-49,M,5690,6546,12236,856,0.150439367311072
11307,04353,46,45-49,M,5829,6407,12236,578,0.0991593755361125
16333,02125,35,35-39,F,6068,6168,12236,100,0.016479894528675
11944,94556,48,45-49,M,5745,6492,12237,747,0.1300261096605744
10142,28202,36,35-39,F,5950,6288,12238,338,0.0568067226890756
8186,06770,38,35-39,F,5397,6841,12238,1444,0.2675560496572169
13516,45243,51,50-54,M,5850,6389,12239,539,0.0921367521367521
16526,87108,33,Under 35,F,5972,6267,12239,295,0.0493971868720696
10183,52411,45,45-49,M,5861,6378,12239,517,0.0882102030370244
14943,75013,58,55-59,M,5917,6322,12239,405,0.0684468480648977
16429,27705,27,Under 35,F,6060,6179,12239,119,0.0196369636963696
12381,98136,51,50-54,M,5546,6693,12239,1147,0.206815723043635
14388,98029,44,40-44,F,5935,6305,12240,370,0.0623420387531592
10935,14224,39,35-39,F,5804,6436,12240,632,0.1088904203997243
7874,14618,47,45-49,F,5882,6358,12240,476,0.0809248554913294
13313,07302,47,45-49,F,5986,6255,12241,269,0.0449381891079184
5946,63303,37,35-39,M,5101,7140,12241,2039,0.3997255440109782
16927,07920,52,50-54,F,5969,6272,12241,303,0.0507622717373094
12309,98118,32,Under 35,F,6012,6229,12241,217,0.0360944777112441
8047,10023,22,Under 35,F,5957,6284,12241,327,0.0548934027194896
8290,94704,26,Under 35,F,5184,7058,12242,1874,0.3614969135802469
14103,10029,40,40-44,F,6017,6225,12242,208,0.0345687219544623
2903,07960,50,50-54,M,5110,7133,12243,2023,0.3958904109589041
17941,01760,45,45-49,F,6045,6199,12244,154,0.025475599669148
477,24121,24,Under 35,M,4958,7286,12244,2328,0.4695441710367083
17047,29483,69,65-69,M,6136,6108,12244,-28,-0.0045632333767926
13233,97007,38,35-39,F,5559,6687,12246,1128,0.2029141932002158
4952,30075,47,45-49,M,5576,6670,12246,1094,0.1961979913916786
12577,20151,45,45-49,F,5969,6278,12247,309,0.0517674652370581
19382,94904,44,40-44,F,6187,6060,12247,-127,-0.0205269112655568
8922,90266,43,40-44,M,5573,6674,12247,1101,0.1975596626592499
10339,10018,38,35-39,F,5715,6532,12247,817,0.1429571303587051
9712,70808,28,Under 35,F,5695,6553,12248,858,0.1506584723441615
10274,11215,53,50-54,M,5776,6472,12248,696,0.1204986149584487
2287,48375,39,35-39,M,5940,6309,12249,369,0.0621212121212121
9686,07940,50,50-54,M,5806,6444,12250,638,0.1098863244919049
9133,91942,33,Under 35,F,5752,6498,12250,746,0.1296940194714881
10684,02472,50,50-54,M,5561,6690,12251,1129,0.2030210393814062
14685,37208,33,Under 35,F,5943,6308,12251,365,0.0614167928655561
11146,21210,57,55-59,M,5794,6457,12251,663,0.1144287193648602
25608,02134,27,Under 35,F,5750,6502,12252,752,0.1307826086956521
8966,06040,48,45-49,M,5683,6569,12252,886,0.1559035720570121
13848,06371,54,50-54,F,5924,6328,12252,404,0.0681971640783254
17231,85018,48,45-49,F,5824,6428,12252,604,0.1037087912087912
17147,55347,41,40-44,F,5986,6266,12252,280,0.0467758102238556
11386,94065,49,45-49,M,5700,6553,12253,853,0.1496491228070175
11518,21146,53,50-54,M,6225,6028,12253,-197,-0.0316465863453815
11717,89117,42,40-44,F,6106,6147,12253,41,0.0067147068457255
4309,89128,30,Under 35,M,5782,6472,12254,690,0.1193358699411968
13549,45244,30,Under 35,F,5695,6559,12254,864,0.15171202809482
11885,11231,57,55-59,M,5907,6347,12254,440,0.074487895716946
13528,03820,32,Under 35,F,5845,6409,12254,564,0.0964927288280581
10489,02116,33,Under 35,F,5857,6398,12255,541,0.0923681065391838
18450,22207,55,55-59,F,5944,6311,12255,367,0.061742934051144
10367,45459,53,50-54,M,5884,6371,12255,487,0.0827668252889191
8771,80301,49,45-49,M,5487,6768,12255,1281,0.2334609075997813
9364,94708,45,45-49,M,5467,6788,12255,1321,0.2416316078287909
12220,33777,54,50-54,M,5910,6345,12255,435,0.0736040609137055
2080,94703,32,Under 35,M,5394,6862,12256,1468,0.2721542454579162
9693,93955,45,45-49,M,5851,6405,12256,554,0.0946846692873013
14392,54217,29,Under 35,F,5964,6293,12257,329,0.0551643192488262
12117,21401,31,Under 35,F,5676,6581,12257,905,0.1594432699083862
8851,80433,51,50-54,F,5573,6685,12258,1112,0.1995334649201507
12556,43212,31,Under 35,F,6006,6252,12258,246,0.0409590409590409
9410,07030,26,Under 35,F,5848,6410,12258,562,0.0961012311901504
12207,93923,30,Under 35,F,5991,6268,12259,277,0.0462360206977132
4038,06066,27,Under 35,M,5893,6366,12259,473,0.0802647208552519
13129,04345,41,40-44,F,6085,6175,12260,90,0.0147904683648315
11720,02134,34,Under 35,F,5718,6542,12260,824,0.1441063308849248
14268,98105,59,55-59,M,5979,6281,12260,302,0.0505101187489546
6932,80203,50,50-54,M,5384,6876,12260,1492,0.2771173848439822
13959,75093,53,50-54,F,5981,6279,12260,298,0.0498244440728975
12326,14004,25,Under 35,F,5798,6463,12261,665,0.1146947223180407
8053,80206,57,55-59,M,5526,6736,12262,1210,0.2189648932319942
16336,02138,28,Under 35,F,5917,6345,12262,428,0.0723339530167314
17865,54403,37,35-39,F,5838,6425,12263,587,0.1005481329222336
10979,29466,29,Under 35,F,5787,6476,12263,689,0.1190599619837566
10332,93117,24,Under 35,F,5564,6699,12263,1135,0.2039899352983465
6927,03833,38,35-39,M,5330,6933,12263,1603,0.3007504690431519
12011,23692,49,45-49,M,5985,6278,12263,293,0.0489557226399331
9751,45244,53,50-54,M,5911,6353,12264,442,0.0747758416511588
12339,22207,41,40-44,F,5854,6411,12265,557,0.095148616330714
10985,60126,25,Under 35,F,5837,6428,12265,591,0.101250642453315
1739,94403,25,Under 35,M,4914,7351,12265,2437,0.4959299959299959
12380,92122,51,50-54,M,5765,6500,12265,735,0.1274934952298352
16762,98284,37,35-39,F,5965,6300,12265,335,0.0561609388097233
7892,80123,54,50-54,M,5675,6590,12265,915,0.1612334801762114
14026,32308,55,55-59,M,6008,6258,12266,250,0.0416111850865512
18148,22315,37,35-39,F,6001,6265,12266,264,0.0439926678886852
16062,63701,30,Under 35,F,6035,6231,12266,196,0.0324772162386081
12768,84003,23,Under 35,F,5805,6461,12266,656,0.113006029285099
15183,29577,26,Under 35,F,5814,6452,12266,638,0.109735122119023
13647,21037,43,40-44,F,5996,6270,12266,274,0.0456971314209473
14992,90272,53,50-54,F,5714,6552,12266,838,0.1466573328666433
14278,02062,28,Under 35,F,5762,6505,12267,743,0.128948281846581
14899,85253,32,Under 35,F,6051,6216,12267,165,0.0272682201289043
11015,95051,37,35-39,F,5656,6611,12267,955,0.1688472418670438
10159,49546,55,55-59,M,5918,6350,12268,432,0.0729976343359243
13406,84109,26,Under 35,F,6053,6215,12268,162,0.0267635883033206
10702,75205,27,Under 35,F,5693,6576,12269,883,0.1551027577727033
9882,05403,46,45-49,M,6062,6207,12269,145,0.0239194985153414
14181,84532,25,Under 35,F,5751,6519,12270,768,0.1335419926969222
13937,02645,52,50-54,M,5765,6506,12271,741,0.1285342584562012
17085,98501,40,40-44,F,6108,6163,12271,55,0.0090045841519318
10330,11566,37,35-39,F,5805,6466,12271,661,0.1138673557278208
11205,94618,33,Under 35,F,5941,6330,12271,389,0.0654771923918532
12024,98011,56,55-59,M,5642,6629,12271,987,0.1749379652605459
16130,32808,43,40-44,F,5822,6450,12272,628,0.1078667124699416
9060,92129,64,60-64,M,5721,6551,12272,830,0.1450795315504282
18103,18966,47,45-49,F,5992,6280,12272,288,0.048064085447263
11810,20895,63,60-64,F,5731,6541,12272,810,0.1413365904728668
7402,24018,37,35-39,M,5818,6455,12273,637,0.1094877964936404
7694,14534,45,45-49,M,5877,6396,12273,519,0.0883103624298111
11045,49008,39,35-39,F,5679,6594,12273,915,0.1611199154780771
9037,99362,50,50-54,M,5805,6469,12274,664,0.1143841515934539
13376,84067,28,Under 35,F,6209,6065,12274,-144,-0.0231921404412948
7851,10011,34,Under 35,F,6117,6157,12274,40,0.0065391531796632
17281,03905,22,Under 35,F,5734,6540,12274,806,0.1405650505755144
6577,22201,46,45-49,F,5414,6861,12275,1447,0.2672700406353897
15307,10603,28,Under 35,F,6255,6020,12275,-235,-0.0375699440447641
1575,20008,29,Under 35,M,5033,7242,12275,2209,0.4389032386250745
7912,02467,55,55-59,M,5890,6386,12276,496,0.0842105263157894
13075,11040,52,50-54,M,5913,6363,12276,450,0.076103500761035
11695,96815,47,45-49,F,5865,6412,12277,547,0.0932651321398124
7164,77407,39,35-39,M,5707,6570,12277,863,0.1512178026984405
6829,55101,24,Under 35,F,5612,6665,12277,1053,0.1876336421952958
18264,29642,38,35-39,F,6023,6254,12277,231,0.0383529802424041
10704,60010,43,40-44,F,6094,6184,12278,90,0.0147686248769281
17092,80220,64,60-64,M,6019,6259,12278,240,0.0398737331782688
7220,55417,41,40-44,M,5287,6992,12279,1705,0.3224891242670701
12520,53202,30,Under 35,F,5931,6348,12279,417,0.0703085483055134
27067,11211,36,35-39,M,5988,6291,12279,303,0.0506012024048096
7937,80132,46,45-49,F,6048,6231,12279,183,0.0302579365079365
13204,06880,43,40-44,F,5862,6417,12279,555,0.0946775844421699
16476,06259,34,Under 35,F,6062,6217,12279,155,0.0255691191026064
11269,03785,54,50-54,M,5933,6347,12280,414,0.0697792010787122
10256,17202,58,55-59,F,5938,6343,12281,405,0.0682047827551364
14092,10025,29,Under 35,F,5775,6506,12281,731,0.1265800865800865
3719,49008,28,Under 35,M,5623,6658,12281,1035,0.1840654454917304
1312,93036,43,40-44,M,5363,6919,12282,1556,0.29013611784449
13425,55391,41,40-44,F,5957,6325,12282,368,0.0617760617760617
7156,94087,50,50-54,M,5996,6286,12282,290,0.0483655770513675
9890,30040,49,45-49,M,5551,6731,12282,1180,0.2125743109349666
13247,55416,30,Under 35,F,5881,6401,12282,520,0.0884203366774358
9397,03740,57,55-59,M,5232,7051,12283,1819,0.3476681957186544
14585,15084,39,35-39,F,6066,6218,12284,152,0.0250576986482031
10866,29169,53,50-54,M,6066,6218,12284,152,0.0250576986482031
17081,93108,58,55-59,M,5888,6396,12284,508,0.0862771739130434
12076,04107,27,Under 35,F,5722,6562,12284,840,0.1468018175463124
11457,23225,27,Under 35,F,5738,6547,12285,809,0.140989891948414
10106,80465,34,Under 35,F,5882,6403,12285,521,0.0885753145188711
13387,97070,26,Under 35,F,5945,6341,12286,396,0.0666105971404541
4685,29407,31,Under 35,M,5244,7042,12286,1798,0.3428680396643783
13474,06117,50,50-54,M,6025,6261,12286,236,0.0391701244813278
11155,60060,49,45-49,M,6094,6193,12287,99,0.0162454873646209
13927,02494,53,50-54,M,5994,6293,12287,299,0.0498832165498832
16306,18103,32,Under 35,F,6109,6179,12288,70,0.0114585038467834
7068,60657,50,50-54,M,5839,6450,12289,611,0.1046412056859051
26269,02116,24,Under 35,F,6177,6113,12290,-64,-0.0103610166747612
8759,80123,42,40-44,M,5300,6991,12291,1691,0.3190566037735849
5683,10538,45,45-49,M,5875,6416,12291,541,0.0920851063829787
11212,84107,49,45-49,M,5842,6450,12292,608,0.1040739472783293
6429,90405,41,40-44,M,5720,6572,12292,852,0.1489510489510489
4134,84107,28,Under 35,M,5230,7062,12292,1832,0.3502868068833652
9571,90049,23,Under 35,F,5358,6935,12293,1577,0.2943262411347517
16837,45209,36,35-39,F,6131,6162,12293,31,0.0050562714076007
12684,60030,54,50-54,M,6080,6213,12293,133,0.021875
13890,19806,48,45-49,M,6036,6257,12293,221,0.0366136514247846
12885,99801,33,Under 35,F,5771,6522,12293,751,0.1301334257494368
14080,17013,32,Under 35,F,5945,6349,12294,404,0.0679562657695542
12689,60611,24,Under 35,F,5910,6384,12294,474,0.0802030456852791
11956,92604,46,45-49,M,5948,6346,12294,398,0.0669132481506388
17006,80516,36,35-39,F,6010,6284,12294,274,0.0455906821963394
1731,02144,30,Under 35,M,4658,7636,12294,2978,0.6393301846285959
17506,98221,55,55-59,M,5928,6367,12295,439,0.074055330634278
7861,24014,47,45-49,M,5629,6667,12296,1038,0.1844022028779534
8354,05602,40,40-44,M,5571,6725,12296,1154,0.2071441392927661
7970,19130,44,40-44,F,6156,6141,12297,-15,-0.0024366471734892
13801,19130,31,Under 35,F,5728,6570,12298,842,0.1469972067039106
15063,16441,55,55-59,M,5980,6318,12298,338,0.0565217391304347
7125,10022,31,Under 35,F,5584,6714,12298,1130,0.2023638968481375
5073,08108,39,35-39,M,5338,6961,12299,1623,0.3040464593480704
3572,60657,31,Under 35,M,5205,7094,12299,1889,0.3629202689721422
11951,27518,48,45-49,F,5956,6344,12300,388,0.0651443922095366
14054,49015,23,Under 35,F,5443,6858,12301,1415,0.2599669300018372
9620,46202,25,Under 35,F,5770,6531,12301,761,0.1318890814558058
14485,27104,33,Under 35,F,5884,6417,12301,533,0.0905846363018354
5787,46236,38,35-39,M,5770,6531,12301,761,0.1318890814558058
11803,97202,46,45-49,M,5732,6569,12301,837,0.1460223307745987
17837,20854,55,55-59,M,5873,6428,12301,555,0.0945002554060956
16331,29464,35,35-39,F,5450,6852,12302,1402,0.2572477064220183
10101,84624,39,35-39,F,5861,6441,12302,580,0.098959221975772
3701,14620,21,Under 35,M,5493,6809,12302,1316,0.2395776442745312
11864,77401,49,45-49,M,5771,6531,12302,760,0.1316929474961012
9230,48855,43,40-44,F,6000,6302,12302,302,0.0503333333333333
13165,10516,56,55-59,M,6056,6246,12302,190,0.0313738441215323
17510,33607,55,55-59,F,6022,6281,12303,259,0.0430089671205579
16310,12208,20,Under 35,F,6038,6265,12303,227,0.0375952302086783
13478,07901,53,50-54,M,5806,6497,12303,691,0.119014812263176
15503,11217,30,Under 35,F,5946,6357,12303,411,0.06912209889001
12137,77479,58,55-59,M,5737,6567,12304,830,0.1446749172041136
8852,77008,44,40-44,F,6007,6297,12304,290,0.0482770101548193
15016,60657,32,Under 35,F,6024,6281,12305,257,0.0426626826029216
11749,02451,48,45-49,M,5944,6361,12305,417,0.0701547779273216
13418,60014,56,55-59,M,5797,6508,12305,711,0.1226496463688114
10717,01721,50,50-54,M,5910,6395,12305,485,0.0820642978003384
13099,94602,31,Under 35,F,5889,6417,12306,528,0.0896586856851757
14419,02116,57,55-59,M,5940,6367,12307,427,0.0718855218855218
11640,07836,55,55-59,M,5716,6591,12307,875,0.1530790762771168
15029,02129,33,Under 35,F,6014,6293,12307,279,0.0463917525773195
16287,32701,47,45-49,F,6177,6131,12308,-46,-0.0074469807349846
8050,03801,51,50-54,M,5411,6898,12309,1487,0.2748105710589539
10359,95014,51,50-54,M,5813,6496,12309,683,0.1174952692241527
13106,02465,29,Under 35,F,6070,6239,12309,169,0.0278418451400329
15374,20011,55,55-59,M,5934,6376,12310,442,0.0744860128075497
13946,30338,26,Under 35,F,5992,6319,12311,327,0.0545727636849132
9632,59808,22,Under 35,F,5852,6459,12311,607,0.1037252221462747
15265,60564,40,40-44,F,5898,6414,12312,516,0.0874872838250254
11546,91384,52,50-54,M,5674,6639,12313,965,0.1700740218540712
6789,07079,39,35-39,M,5459,6854,12313,1395,0.2555413079318556
17454,27519,59,55-59,M,6160,6153,12313,-7,-0.0011363636363636
10585,44102,30,Under 35,F,5835,6479,12314,644,0.1103684661525278
8576,80528,44,40-44,M,5806,6508,12314,702,0.1209094040647606
16002,32080,58,55-59,M,5861,6453,12314,592,0.1010066541545811
9777,97034,49,45-49,F,5742,6573,12315,831,0.144723092998955
16021,02557,27,Under 35,F,6074,6241,12315,167,0.0274942377346065
17153,08867,40,40-44,F,6033,6282,12315,249,0.0412729985082048
2068,28443,26,Under 35,M,5552,6763,12315,1211,0.2181195965417867
12667,15644,60,60-64,M,6104,6212,12316,108,0.0176933158584534
11204,66061,34,Under 35,F,5933,6383,12316,450,0.0758469576942524
14224,94117,33,Under 35,F,5703,6614,12317,911,0.1597404874627389
14762,37219,25,Under 35,F,5813,6504,12317,691,0.1188714949251677
16125,10016,24,Under 35,F,5961,6356,12317,395,0.0662640496560979
13832,20151,54,50-54,F,5940,6378,12318,438,0.0737373737373737
9146,03110,40,40-44,M,5374,6944,12318,1570,0.2921473762560476
6687,02476,58,55-59,M,5765,6553,12318,788,0.1366869037294015
11176,04330,45,45-49,F,5716,6603,12319,887,0.1551784464660602
12058,45236,61,60-64,M,5939,6381,12320,442,0.0744233035864623
10105,10128,62,60-64,M,5764,6557,12321,793,0.1375780707841776
16901,38103,38,35-39,F,6031,6291,12322,260,0.0431105952578345
5854,92336,38,35-39,M,5954,6369,12323,415,0.0697010413167618
9872,94539,51,50-54,M,5912,6412,12324,500,0.084573748308525
6749,90245,35,35-39,M,5367,6958,12325,1591,0.2964412148313769
14225,93402,44,40-44,F,5785,6541,12326,756,0.1306828003457217
7646,01852,36,35-39,M,5325,7001,12326,1676,0.3147417840375587
13719,20166,29,Under 35,F,5572,6754,12326,1182,0.2121320890165111
3345,37405,32,Under 35,M,5299,7028,12327,1729,0.3262879788639365
14009,30062,55,55-59,M,5712,6616,12328,904,0.1582633053221288
17272,92103,48,45-49,F,5971,6357,12328,386,0.0646457879752135
11145,10024,38,35-39,F,5682,6646,12328,964,0.1696585709257304
11016,11940,37,35-39,F,5822,6507,12329,685,0.1176571624871178
7075,78641,38,35-39,M,5684,6646,12330,962,0.1692470091484869
13317,03861,33,Under 35,F,5788,6542,12330,754,0.1302695231513476
7955,78702,44,40-44,F,6026,6304,12330,278,0.0461334218386989
10286,37210,37,35-39,F,6075,6256,12331,181,0.0297942386831275
11613,30024,42,40-44,F,6028,6303,12331,275,0.0456204379562043
15142,10010,38,35-39,F,5876,6455,12331,579,0.0985364193328795
12066,10013,28,Under 35,F,5781,6550,12331,769,0.1330219685175575
11440,06489,41,40-44,F,5888,6444,12332,556,0.0944293478260869
4079,58201,20,Under 35,M,5408,6925,12333,1517,0.2805103550295858
7929,99203,47,45-49,F,6211,6122,12333,-89,-0.014329415553051
8231,84043,41,40-44,M,5546,6787,12333,1241,0.2237648755860079
8608,03304,54,50-54,M,5389,6944,12333,1555,0.2885507515308962
17119,43011,56,55-59,M,5886,6448,12334,562,0.0954808019028202
14460,08535,21,Under 35,F,6069,6265,12334,196,0.0322952710495963
15069,37919,41,40-44,F,5747,6587,12334,840,0.146163215590743
10463,46615,58,55-59,M,5755,6580,12335,825,0.1433536055603822
28945,02128,49,45-49,M,5845,6491,12336,646,0.1105218135158254
11719,37722,37,35-39,F,5832,6504,12336,672,0.1152263374485596
26900,10010,28,Under 35,F,5956,6380,12336,424,0.0711887172599059
10678,16001,42,40-44,F,5889,6448,12337,559,0.0949227373068432
8571,02056,33,Under 35,F,5825,6512,12337,687,0.1179399141630901
3559,10306,42,40-44,M,5129,7208,12337,2079,0.4053421719633456
13906,15236,36,35-39,F,5677,6660,12337,983,0.1731548353003346
13135,83236,35,35-39,F,5713,6624,12337,911,0.1594608786977069
10435,19426,54,50-54,M,5770,6569,12339,799,0.138474870017331
9156,38017,55,55-59,M,5436,6903,12339,1467,0.2698675496688741
15197,27518,24,Under 35,F,6053,6286,12339,233,0.0384933091029241
16723,85255,59,55-59,M,5831,6508,12339,677,0.1161035842908592
6612,34986,28,Under 35,F,5819,6521,12340,702,0.1206392851005327
9112,60010,47,45-49,M,6257,6083,12340,-174,-0.0278088540834265
9191,10549,58,55-59,M,5731,6609,12340,878,0.1532018844878729
3117,02115,23,Under 35,M,4955,7386,12341,2431,0.4906155398587286
12033,02130,56,55-59,M,5789,6552,12341,763,0.1318016928657799
7899,84098,39,35-39,F,5887,6454,12341,567,0.0963139120095124
27844,11216,32,Under 35,F,6184,6157,12341,-27,-0.0043661060802069
15388,11201,43,40-44,F,5812,6530,12342,718,0.1235375086028905
10894,33149,49,45-49,M,5792,6551,12343,759,0.131042817679558
12933,44122,23,Under 35,F,5772,6571,12343,799,0.1384268884268884
2323,98103,25,Under 35,M,5188,7155,12343,1967,0.3791441788743254
16832,90018,42,40-44,F,5998,6345,12343,347,0.0578526175391797
11253,80204,29,Under 35,F,5991,6353,12344,362,0.0604239692872642
11268,48207,50,50-54,M,5410,6934,12344,1524,0.2817005545286506
13648,44147,56,55-59,M,5689,6655,12344,966,0.1698013710669713
4122,27313,19,Under 35,M,5630,6715,12345,1085,0.1927175843694493
15335,08544,19,Under 35,F,5956,6389,12345,433,0.0726997985224983
15278,60654,27,Under 35,F,6012,6334,12346,322,0.0535595475715236
15213,10010,26,Under 35,F,5963,6383,12346,420,0.0704343451282911
1644,32703,40,40-44,M,5815,6532,12347,717,0.1233018056749785
18167,27502,56,55-59,M,6241,6106,12347,-135,-0.0216311488543502
4426,17744,40,40-44,M,5242,7105,12347,1863,0.3553987027851965
8634,62220,42,40-44,M,5519,6829,12348,1310,0.2373618409132089
13343,12166,60,60-64,M,6008,6340,12348,332,0.05525965379494
17538,33021,40,40-44,F,6079,6269,12348,190,0.0312551406481329
5886,37209,47,45-49,M,5265,7083,12348,1818,0.3452991452991453
12966,04064,45,45-49,F,5892,6457,12349,565,0.0958927359131025
12428,68136,57,55-59,M,5962,6387,12349,425,0.0712848037571284
6524,98109,40,40-44,M,5668,6681,12349,1013,0.1787226534932957
10068,96816,34,Under 35,F,5620,6729,12349,1109,0.1973309608540925
5427,91364,47,45-49,F,5868,6482,12350,614,0.1046353101567825
11127,77316,41,40-44,F,5881,6469,12350,588,0.0999829960891005
30369,10037,37,35-39,M,5329,7023,12352,1694,0.3178832801651342
1331,02119,39,35-39,M,5722,6630,12352,908,0.1586857742048235
14432,95630,48,45-49,F,5953,6400,12353,447,0.0750881908281538
10438,77007,35,35-39,F,5975,6379,12354,404,0.0676150627615062
6859,90232,42,40-44,M,5829,6525,12354,696,0.1194029850746268
12146,28031,36,35-39,F,5867,6487,12354,620,0.1056758138742117
14829,21409,57,55-59,M,6034,6321,12355,287,0.0475638051044083
13524,49660,47,45-49,F,6131,6224,12355,93,0.0151688142228021
2904,10010,41,40-44,M,5838,6517,12355,679,0.1163069544364508
7554,41075,55,55-59,M,5376,6980,12356,1604,0.2983630952380952
12027,30022,51,50-54,M,5719,6637,12356,918,0.1605175730022731
9277,06902,58,55-59,M,5508,6849,12357,1341,0.2434640522875817
12743,02445,51,50-54,M,5933,6424,12357,491,0.0827574582841732
14375,80027,41,40-44,F,5964,6394,12358,430,0.0720992622401073
13759,80027,28,Under 35,F,5887,6471,12358,584,0.0992016307117377
11903,71921,53,50-54,M,5890,6471,12361,581,0.098641765704584
12970,13905,39,35-39,F,5954,6408,12362,454,0.0762512596573732
14614,85712,45,45-49,F,5831,6532,12363,701,0.1202195163779797
10180,11385,48,45-49,M,5897,6467,12364,570,0.0966593182974393
9865,01915,42,40-44,M,5470,6894,12364,1424,0.2603290676416819
16035,18235,39,35-39,F,6149,6216,12365,67,0.0108960806635225
27985,37087,40,40-44,M,5631,6735,12366,1104,0.1960575386254661
19606,27516,46,45-49,F,6059,6307,12366,248,0.0409308466743687
9148,19382,53,50-54,M,5663,6704,12367,1041,0.1838248278297722
11791,04101,29,Under 35,F,5616,6751,12367,1135,0.2021011396011396
10003,93950,55,55-59,M,5855,6512,12367,657,0.1122117847993168
7879,94925,59,55-59,M,5997,6370,12367,373,0.0621977655494413
14401,55104,31,Under 35,F,5985,6382,12367,397,0.0663324979114452
16812,01876,36,35-39,F,5986,6382,12368,396,0.0661543601737387
15386,89521,46,45-49,F,5930,6438,12368,508,0.0856661045531197
11583,10538,43,40-44,F,5856,6513,12369,657,0.1121926229508196
11980,48103,39,35-39,F,6179,6190,12369,11,0.0017802233371095
12256,45217,40,40-44,F,6089,6280,12369,191,0.0313680407291837
13384,98116,34,Under 35,F,5817,6553,12370,736,0.1265257005329207
6632,49505,42,40-44,M,5793,6577,12370,784,0.1353357500431555
3052,76209,31,Under 35,M,5140,7230,12370,2090,0.4066147859922179
16214,32803,39,35-39,F,6135,6235,12370,100,0.0162999185004074
7153,72712,38,35-39,M,5518,6852,12370,1334,0.2417542587894164
2541,98115,32,Under 35,M,5235,7136,12371,1901,0.3631327602674307
6011,99338,47,45-49,M,5817,6554,12371,737,0.126697610452123
21777,02421,51,50-54,F,6112,6259,12371,147,0.0240510471204188
11195,94040,29,Under 35,F,5900,6471,12371,571,0.0967796610169491
3696,80204,29,Under 35,M,5049,7322,12371,2273,0.450188156070509
17809,27612,56,55-59,M,6042,6330,12372,288,0.0476663356504468
5945,98106,36,35-39,M,5561,6811,12372,1250,0.2247797158784391
16516,21601,34,Under 35,F,6042,6330,12372,288,0.0476663356504468
18184,02130,36,35-39,F,6110,6262,12372,152,0.0248772504091653
7958,98033,66,65-69,F,6062,6311,12373,249,0.0410755526228967
15461,56308,43,40-44,F,5914,6459,12373,545,0.092154210348326
13022,08876,29,Under 35,F,5985,6388,12373,403,0.0673350041771094
11902,20001,41,40-44,F,5827,6546,12373,719,0.1233911103483782
16199,92234,34,Under 35,F,5917,6456,12373,539,0.0910934595234071
6583,10017,43,40-44,M,5411,6963,12374,1552,0.286823138052116
7690,80477,34,Under 35,F,5703,6671,12374,968,0.1697352270734701
12213,54889,36,35-39,F,6042,6332,12374,290,0.0479973518702416
9980,06762,30,Under 35,F,5841,6533,12374,692,0.1184728642355761
15131,04105,37,35-39,F,6174,6201,12375,27,0.0043731778425655
17641,97701,41,40-44,F,6140,6235,12375,95,0.015472312703583
11158,10075,31,Under 35,F,6160,6216,12376,56,0.009090909090909
1966,19103,31,Under 35,M,4946,7430,12376,2484,0.5022240194096239
14600,64081,34,Under 35,F,5882,6495,12377,613,0.1042162529751785
12279,55414,27,Under 35,F,5889,6488,12377,599,0.1017150619799626
9236,21701,26,Under 35,F,5889,6488,12377,599,0.1017150619799626
14521,02493,56,55-59,M,5492,6885,12377,1393,0.2536416605972323
10988,92663,42,40-44,F,6159,6218,12377,59,0.0095794771878551
14904,02476,61,60-64,M,5965,6413,12378,448,0.0751047778709136
13978,78704,31,Under 35,F,5928,6450,12378,522,0.0880566801619433
14472,13078,55,55-59,M,5991,6387,12378,396,0.0660991487230846
29384,23452,29,Under 35,M,5867,6511,12378,644,0.1097664905403102
29287,23518,32,Under 35,M,5867,6512,12379,645,0.1099369354013976
11912,20169,42,40-44,F,5900,6479,12379,579,0.0981355932203389
10072,83815,50,50-54,M,5801,6578,12379,777,0.1339424237200482
14451,30084,25,Under 35,F,5869,6510,12379,641,0.1092179246890441
10132,77079,51,50-54,M,5732,6647,12379,915,0.1596301465457083
13224,21212,46,45-49,F,5947,6433,12380,486,0.081721876576425
5155,50131,41,40-44,M,5352,7028,12380,1676,0.3131539611360239
15365,48118,56,55-59,M,5820,6560,12380,740,0.127147766323024
16431,80211,29,Under 35,F,5930,6450,12380,520,0.087689713322091
10061,60614,28,Under 35,F,5596,6786,12382,1190,0.2126518942101501
6923,45140,40,40-44,M,5361,7021,12382,1660,0.3096437231859728
9013,27707,48,45-49,M,5531,6851,12382,1320,0.2386548544566986
10602,29464,35,35-39,F,5589,6793,12382,1204,0.2154231526212202
12703,28110,57,55-59,M,5788,6594,12382,806,0.1392536281962681
4461,60614,36,35-39,M,5171,7212,12383,2041,0.394701218333011
12660,97504,36,35-39,F,5853,6530,12383,677,0.1156671792243294
15392,02139,31,Under 35,F,5851,6532,12383,681,0.1163903606221158
12173,04623,45,45-49,F,5897,6487,12384,590,0.1000508733254197
10161,45236,45,45-49,M,5789,6595,12384,806,0.1392295733287269
17848,75067,39,35-39,F,6141,6243,12384,102,0.016609672691744
11940,63126,24,Under 35,F,5586,6798,12384,1212,0.2169709989258861
17881,48067,36,35-39,F,6001,6384,12385,383,0.0638226962172971
3273,84020,24,Under 35,M,5729,6656,12385,927,0.1618083435154477
13351,51503,55,55-59,M,5625,6760,12385,1135,0.2017777777777777
14696,80401,33,Under 35,F,6020,6365,12385,345,0.0573089700996677
16068,21412,21,Under 35,F,6115,6270,12385,155,0.0253475061324611
11401,02906,32,Under 35,F,5786,6599,12385,813,0.1405115796750777
16316,98029,29,Under 35,F,6054,6332,12386,278,0.0459200528576148
11621,41018,45,45-49,M,5867,6519,12386,652,0.1111300494290097
12522,60622,53,50-54,M,5826,6560,12386,734,0.1259869550291795
10921,60482,25,Under 35,F,5859,6527,12386,668,0.1140126301416624
5527,32792,35,35-39,M,5096,7291,12387,2195,0.4307299843014128
16932,14620,38,35-39,F,6024,6363,12387,339,0.0562749003984063
11229,10023,33,Under 35,F,5863,6524,12387,661,0.1127409176189664
29575,02906,35,35-39,M,6179,6209,12388,30,0.0048551545557533
25639,01938,30,Under 35,M,5696,6692,12388,996,0.1748595505617977
16385,77382,55,55-59,M,6140,6248,12388,108,0.0175895765472312
12567,21030,53,50-54,M,5798,6591,12389,793,0.1367713004484305
13596,92584,25,Under 35,F,5807,6582,12389,775,0.1334596177027725
9702,02421,56,55-59,M,5507,6882,12389,1375,0.249682222625749
11562,33433,40,40-44,F,5780,6610,12390,830,0.143598615916955
11604,60007,47,45-49,M,5777,6613,12390,836,0.1447117881253245
5955,30030,55,55-59,M,6073,6317,12390,244,0.0401778363247159
17568,02138,40,40-44,F,5796,6594,12390,798,0.1376811594202898
6764,98146,46,45-49,M,5797,6594,12391,797,0.1374849059858547
15342,80524,32,Under 35,F,6071,6320,12391,249,0.0410146598583429
8281,11222,28,Under 35,F,5734,6657,12391,923,0.1609696546913149
11072,95003,51,50-54,M,5747,6645,12392,898,0.1562554376196276
9593,60004,35,35-39,F,5497,6895,12392,1398,0.2543205384755321
14932,97401,50,50-54,M,5919,6473,12392,554,0.0935968913667849
11120,60134,39,35-39,F,5831,6562,12393,731,0.1253644314868804
11666,54155,38,35-39,F,5744,6649,12393,905,0.1575557103064067
13006,11372,52,50-54,M,5797,6596,12393,799,0.1378299120234604
8573,86001,40,40-44,M,5917,6477,12394,560,0.0946425553489944
16119,92869,32,Under 35,F,5840,6554,12394,714,0.1222602739726027
12510,72019,41,40-44,F,5686,6708,12394,1022,0.1797397115722828
7429,02467,44,40-44,M,5635,6760,12395,1125,0.1996450754214729
9192,84003,35,35-39,F,5372,7023,12395,1651,0.3073343261355175
10682,33134,46,45-49,M,5779,6616,12395,837,0.1448347464959335
2927,92604,55,55-59,M,5347,7048,12395,1701,0.318122311576585
6162,10016,40,40-44,M,5547,6848,12395,1301,0.2345411934378943
1588,77382,42,40-44,M,5686,6709,12395,1023,0.1799155821315511
13538,80305,30,Under 35,F,5733,6662,12395,929,0.1620443049014477
27332,55427,23,Under 35,M,6351,6045,12396,-306,-0.0481813887576759
11491,21093,54,50-54,M,5775,6621,12396,846,0.1464935064935064
10358,19020,54,50-54,M,5751,6646,12397,895,0.1556251086767518
2781,02021,39,35-39,M,5368,7029,12397,1661,0.3094262295081967
17547,60622,35,35-39,F,6106,6291,12397,185,0.0302980674746151
10558,10706,51,50-54,M,5981,6417,12398,436,0.0728975087777963
10220,03820,59,55-59,M,5633,6765,12398,1132,0.2009586366057163
14916,80219,41,40-44,F,6002,6396,12398,394,0.0656447850716427
14557,44107,39,35-39,F,6007,6391,12398,384,0.0639254203429332
11273,03104,60,60-64,M,5713,6686,12399,973,0.1703133204971118
2836,55044,22,Under 35,M,6049,6350,12399,301,0.049760290957183
16047,95014,62,60-64,M,6200,6199,12399,-1,-0.0001612903225806
14206,99516,31,Under 35,F,5939,6460,12399,521,0.0877252062636807
3211,73119,32,Under 35,M,5055,7345,12400,2290,0.4530168150346192
12587,28205,32,Under 35,F,5919,6482,12401,563,0.0951174184828518
10005,60622,28,Under 35,F,5652,6749,12401,1097,0.1940905874026893
15215,77007,48,45-49,F,6074,6327,12401,253,0.0416529469871583
15210,02492,38,35-39,F,6063,6338,12401,275,0.045357083951839
8792,01864,46,45-49,M,5492,6909,12401,1417,0.2580116533139111
13068,60615,20,Under 35,F,5738,6664,12402,926,0.1613802718717323
13209,23322,51,50-54,M,5883,6519,12402,636,0.1081081081081081
16731,01721,39,35-39,F,6066,6337,12403,271,0.0446752390372568
9468,22025,39,35-39,F,5804,6599,12403,795,0.1369745003445899
16258,75054,53,50-54,M,5942,6461,12403,519,0.0873443285089195
13074,21412,19,Under 35,F,5937,6467,12404,530,0.0892706754252989
16681,30677,48,45-49,F,6126,6278,12404,152,0.0248122755468494
16234,07940,58,55-59,M,6056,6348,12404,292,0.0482166446499339
8849,90720,47,45-49,M,5705,6700,12405,995,0.1744084136722173
27861,10028,33,Under 35,F,6034,6371,12405,337,0.0558501823002983
9677,27608,45,45-49,F,5761,6644,12405,883,0.1532720013886478
12284,94587,41,40-44,F,5832,6573,12405,741,0.1270576131687242
4684,44256,24,Under 35,M,4981,7425,12406,2444,0.4906645251957438
4860,19128,36,35-39,M,5316,7090,12406,1774,0.3337095560571858
7615,50010,45,45-49,M,5641,6766,12407,1125,0.1994327246942031
15113,02127,33,Under 35,F,6057,6350,12407,293,0.0483737824005283
16397,02474,27,Under 35,F,6148,6259,12407,111,0.0180546519193233
19184,46590,42,40-44,F,6102,6306,12408,204,0.0334316617502458
3827,22902,31,Under 35,M,5932,6476,12408,544,0.0917060013486176
7620,05452,33,Under 35,F,5932,6477,12409,545,0.0918745785569791
14812,80206,29,Under 35,F,6220,6189,12409,-31,-0.0049839228295819
12253,20003,32,Under 35,F,5919,6491,12410,572,0.0966379455989187
17411,30188,35,35-39,F,6259,6152,12411,-107,-0.0170953826489854
10953,46260,36,35-39,F,5749,6662,12411,913,0.1588102278657157
11916,23060,54,50-54,M,6016,6396,12412,380,0.0631648936170212
28939,02467,20,Under 35,F,6005,6408,12413,403,0.0671107410491257
11355,72713,27,Under 35,F,5541,6872,12413,1331,0.2402093484930517
3325,84737,37,35-39,M,5588,6825,12413,1237,0.2213672154617036
14182,48188,24,Under 35,F,6147,6267,12414,120,0.0195217179111761
30614,17821,21,Under 35,F,6012,6402,12414,390,0.0648702594810379
18324,02129,44,40-44,F,6095,6319,12414,224,0.0367514356029532
16826,78722,37,35-39,F,5909,6505,12414,596,0.1008630902013877
12856,41051,51,50-54,M,5784,6631,12415,847,0.1464384508990318
9874,75056,46,45-49,M,5752,6663,12415,911,0.1583796940194715
19261,53593,44,40-44,F,6049,6366,12415,317,0.0524053562572326
12469,84403,51,50-54,M,5970,6446,12416,476,0.0797319932998325
17967,20854,43,40-44,F,6130,6286,12416,156,0.0254486133768352
11255,85711,51,50-54,M,5843,6573,12416,730,0.1249358206400821
6257,80521,38,35-39,M,5522,6895,12417,1373,0.2486417964505614
13886,27615,32,Under 35,F,6062,6355,12417,293,0.0483338832068624
10166,06475,27,Under 35,F,6291,6126,12417,-165,-0.0262279446828803
1200,60030,48,45-49,M,5476,6942,12418,1466,0.2677136596055515
12737,23220,30,Under 35,F,6065,6353,12418,288,0.0474855729596042
7908,77018,38,35-39,F,6109,6309,12418,200,0.0327385824193812
5083,11218,35,35-39,M,5177,7241,12418,2064,0.3986864979717983
16045,29621,46,45-49,F,5820,6598,12418,778,0.1336769759450171
8455,01845,49,45-49,M,5414,7005,12419,1591,0.2938677502770594
11230,60712,28,Under 35,F,5756,6663,12419,907,0.1575747046560111
9021,90405,36,35-39,M,6034,6385,12419,351,0.0581703679151475
17007,32312,55,55-59,M,6165,6254,12419,89,0.0144363341443633
24863,02186,28,Under 35,F,5979,6441,12420,462,0.0772704465629704
10372,29466,39,35-39,F,5823,6597,12420,774,0.1329211746522411
8672,60646,43,40-44,M,5472,6948,12420,1476,0.2697368421052631
12187,48823,54,50-54,M,5912,6508,12420,596,0.1008119079837618
5877,37205,24,Under 35,M,5931,6490,12421,559,0.0942505479683021
14987,35080,36,35-39,F,5751,6671,12422,920,0.1599721787515214
14149,17315,35,35-39,F,5958,6464,12422,506,0.084927828130245
16141,85253,55,55-59,M,5827,6596,12423,769,0.1319718551570276
14645,02210,27,Under 35,F,6143,6280,12423,137,0.0223018069347224
6349,22302,27,Under 35,M,5548,6875,12423,1327,0.239185291997116
8921,90278,44,40-44,M,5677,6747,12424,1070,0.1884798308966003
14543,95030,58,55-59,M,5879,6546,12425,667,0.113454669161422
13593,01824,60,60-64,M,6101,6325,12426,224,0.0367152925749877
15302,78504,30,Under 35,F,6272,6154,12426,-118,-0.018813775510204
14260,10013,34,Under 35,F,6202,6225,12427,23,0.0037084811351177
17539,11222,36,35-39,F,6202,6225,12427,23,0.0037084811351177
7503,28226,39,35-39,M,6080,6347,12427,267,0.0439144736842105
3390,80026,30,Under 35,M,5341,7086,12427,1745,0.3267178431005429
17418,19734,56,55-59,M,5930,6498,12428,568,0.0957841483979763
17915,78758,38,35-39,F,6091,6338,12429,247,0.040551633557708
15294,19134,28,Under 35,F,5955,6474,12429,519,0.0871536523929471
12407,27540,35,35-39,F,6051,6378,12429,327,0.054040654437283
3492,84119,37,35-39,M,5403,7026,12429,1623,0.300388672959467
2459,60302,42,40-44,M,5384,7045,12429,1661,0.3085066864784547
4464,02138,18,Under 35,M,5266,7164,12430,1898,0.3604253703000379
11516,02474,46,45-49,M,5574,6856,12430,1282,0.2299964119124506
18300,94109,56,55-59,F,5865,6565,12430,700,0.1193520886615515
2160,43214,31,Under 35,M,5365,7065,12430,1700,0.3168685927306617
14006,35216,29,Under 35,F,5833,6598,12431,765,0.1311503514486542
11272,55346,46,45-49,M,5992,6440,12432,448,0.0747663551401869
8882,15071,45,45-49,F,6001,6431,12432,430,0.0716547242126312
12916,07052,55,55-59,M,5738,6694,12432,956,0.1666085744161728
11699,22193,56,55-59,M,5487,6945,12432,1458,0.2657189721159103
5641,96734,29,Under 35,F,5717,6715,12432,998,0.1745670806366975
3346,03853,27,Under 35,M,5324,7108,12432,1784,0.3350864012021037
5642,02118,28,Under 35,F,5374,7058,12432,1684,0.3133606252326014
2024,60610,27,Under 35,M,5324,7108,12432,1784,0.3350864012021037
8318,47802,44,40-44,M,5581,6852,12433,1271,0.2277369647016663
11232,13088,51,50-54,M,5586,6847,12433,1261,0.2257429287504475
6168,80211,38,35-39,M,6210,6223,12433,13,0.0020933977455716
3738,94010,42,40-44,M,5934,6499,12433,565,0.0952140208965284
12771,92025,50,50-54,M,5964,6470,12434,506,0.084842387659289
8666,73112,42,40-44,M,6210,6224,12434,14,0.0022544283413848
14210,14559,55,55-59,M,6075,6360,12435,285,0.0469135802469135
4397,60640,31,Under 35,M,5454,6981,12435,1527,0.27997799779978
13150,20854,57,55-59,M,6184,6251,12435,67,0.0108344113842173
10656,94539,51,50-54,M,5863,6573,12436,710,0.1210984137813406
7121,10023,35,35-39,F,5393,7043,12436,1650,0.3059521602076766
7890,28209,59,55-59,M,5869,6567,12436,698,0.1189299710342477
16425,60502,43,40-44,F,5932,6504,12436,572,0.0964261631827377
11461,10027,47,45-49,M,5890,6546,12436,656,0.1113752122241086
7915,10128,39,35-39,F,5827,6609,12436,782,0.1342028488072764
2089,01824,32,Under 35,M,5188,7248,12436,2060,0.3970701619121048
6735,43221,37,35-39,M,5579,6857,12436,1278,0.229073310629145
14501,41042,30,Under 35,F,6015,6422,12437,407,0.0676641729010806
13562,19067,30,Under 35,F,5786,6651,12437,865,0.1494987901832008
14185,01776,57,55-59,M,5924,6513,12437,589,0.0994260634706279
13666,02130,34,Under 35,F,6012,6425,12437,413,0.0686959414504324
6988,97210,54,50-54,M,5594,6844,12438,1250,0.2234537003932785
14407,11201,33,Under 35,F,5783,6655,12438,872,0.1507867888639114
12720,11213,39,35-39,F,6002,6436,12438,434,0.0723092302565811
17227,02746,65,65-69,M,6140,6299,12439,159,0.0258957654723127
6156,05404,42,40-44,M,6126,6314,12440,188,0.0306888671237349
2667,04105,36,35-39,M,5324,7116,12440,1792,0.3365890308039068
3575,66219,36,35-39,M,6253,6187,12440,-66,-0.0105549336318567
10437,12901,60,60-64,M,5833,6607,12440,774,0.1326932967598148
14780,01923,28,Under 35,F,5890,6551,12441,661,0.1122241086587436
12471,44047,50,50-54,M,5873,6568,12441,695,0.1183381576706964
18181,72024,45,45-49,F,6050,6391,12441,341,0.0563636363636363
18097,77381,35,35-39,F,6192,6250,12442,58,0.0093669250645994
9879,93111,53,50-54,M,5951,6491,12442,540,0.0907410519240463
7010,02842,39,35-39,F,5944,6499,12443,555,0.093371467025572
8518,03102,47,45-49,M,5596,6847,12443,1251,0.2235525375268048
7009,20015,40,40-44,F,5944,6499,12443,555,0.093371467025572
10227,58078,54,50-54,M,6240,6204,12444,-36,-0.0057692307692307
13726,77058,54,50-54,M,5972,6472,12444,500,0.0837240455458807
12141,41051,43,40-44,F,5937,6507,12444,570,0.0960080848913592
9496,02467,46,45-49,M,5646,6799,12445,1153,0.204215373715905
5675,49506,41,40-44,M,6035,6410,12445,375,0.0621375310687655
13650,22901,31,Under 35,F,5883,6563,12446,680,0.1155872853986061
10424,98661,31,Under 35,F,5816,6630,12446,814,0.139958734525447
10692,28216,56,55-59,M,5765,6681,12446,916,0.1588898525585429
5451,15090,41,40-44,M,5752,6695,12447,943,0.16394297635605
11435,27603,48,45-49,M,5720,6727,12447,1007,0.176048951048951
16082,78244,32,Under 35,F,6096,6352,12448,256,0.0419947506561679
18751,06525,52,50-54,F,6039,6409,12448,370,0.0612684219241596
12079,46614,53,50-54,M,5889,6560,12449,671,0.1139412463915775
13175,37212,37,35-39,F,5876,6573,12449,697,0.1186181075561606
10637,15212,37,35-39,F,6054,6396,12450,342,0.0564915758176412
11411,95014,45,45-49,M,5857,6593,12450,736,0.1256616015024756
8866,08081,48,45-49,M,5535,6915,12450,1380,0.2493224932249322
8521,70374,48,45-49,M,6181,6269,12450,88,0.0142371784500889
696,45140,41,40-44,M,4721,7730,12451,3009,0.6373649650497776
18423,46561,50,50-54,F,6237,6214,12451,-23,-0.003687670354337
17842,25414,35,35-39,F,6024,6428,12452,404,0.0670650730411686
13607,17111,23,Under 35,F,5893,6559,12452,666,0.1130154420498897
12308,44001,29,Under 35,F,6234,6218,12452,-16,-0.0025665704202759
19335,40509,40,40-44,F,6120,6333,12453,213,0.0348039215686274
16843,31904,51,50-54,F,6001,6452,12453,451,0.0751541409765039
8000,49127,24,Under 35,F,5410,7043,12453,1633,0.3018484288354898
13860,60048,38,35-39,F,6139,6315,12454,176,0.0286691643590161
11193,44303,55,55-59,M,5780,6674,12454,894,0.1546712802768166
7356,95330,43,40-44,M,5645,6809,12454,1164,0.2062001771479185
1452,12582,38,35-39,M,5011,7443,12454,2432,0.485332269008182
7034,37923,41,40-44,M,5467,6988,12455,1521,0.2782147430034754
12196,10075,24,Under 35,F,6010,6445,12455,435,0.0723793677204659
19105,60616,54,50-54,F,6232,6223,12455,-9,-0.0014441591784338
18513,55416,40,40-44,F,6129,6326,12455,197,0.0321422744330233
16726,76107,35,35-39,F,6191,6265,12456,74,0.0119528347601356
8096,97703,44,40-44,M,5664,6792,12456,1128,0.1991525423728813
10202,20011,46,45-49,M,5688,6768,12456,1080,0.189873417721519
8027,01886,54,50-54,M,5425,7031,12456,1606,0.296036866359447
3924,20152,38,35-39,M,5654,6802,12456,1148,0.2030420940926777
6643,29384,35,35-39,M,5473,6983,12456,1510,0.275899872099397
14107,33134,65,65-69,M,6038,6418,12456,380,0.062934746604836
17816,22630,44,40-44,F,6307,6150,12457,-157,-0.0248929760583478
12067,52577,30,Under 35,F,6217,6240,12457,23,0.0036995335370757
10147,95070,59,55-59,M,5837,6621,12458,784,0.134315573068357
18301,96822,55,55-59,F,6215,6243,12458,28,0.0045052292839903
13972,60611,35,35-39,F,5731,6727,12458,996,0.1737916593962659
12674,44113,38,35-39,F,6087,6372,12459,285,0.0468210941350418
6567,10997,22,Under 35,M,5326,7133,12459,1807,0.3392790086368757
6320,85298,42,40-44,M,5368,7091,12459,1723,0.3209761549925484
18732,80128,57,55-59,F,6020,6439,12459,419,0.0696013289036544
7862,97006,59,55-59,M,5833,6626,12459,793,0.1359506257500428
15269,38119,30,Under 35,F,6053,6406,12459,353,0.0583181893276061
15629,02129,26,Under 35,F,6177,6282,12459,105,0.0169985429820301
16874,58801,38,35-39,F,5998,6461,12459,463,0.0771923974658219
18820,33178,46,45-49,F,6181,6279,12460,98,0.015855039637599
17835,97218,38,35-39,F,5896,6565,12461,669,0.1134667571234735
10990,49546,33,Under 35,F,5912,6549,12461,637,0.1077469553450608
18703,28078,43,40-44,F,6265,6196,12461,-69,-0.0110135674381484
14898,47403,24,Under 35,F,5941,6520,12461,579,0.0974583403467429
14458,68763,34,Under 35,F,6001,6460,12461,459,0.0764872521246459
11087,33715,47,45-49,F,5732,6730,12462,998,0.1741102581995812
14131,94559,43,40-44,F,5933,6530,12463,597,0.1006236305410416
3907,90012,34,Under 35,F,5711,6752,12463,1041,0.1822798108912624
9267,90034,28,Under 35,F,5711,6752,12463,1041,0.1822798108912624
13540,60193,50,50-54,M,6084,6380,12464,296,0.0486522024983563
17089,19342,50,50-54,F,5956,6508,12464,552,0.0926796507723304
7858,33543,41,40-44,F,5568,6896,12464,1328,0.2385057471264367
4469,94558,20,Under 35,M,5244,7220,12464,1976,0.3768115942028985
6803,98155,37,35-39,M,6177,6288,12465,111,0.0179698882952889
9740,02835,54,50-54,M,5853,6612,12465,759,0.1296770886724756
17094,48430,43,40-44,F,6030,6435,12465,405,0.0671641791044776
17199,46804,58,55-59,M,6056,6410,12466,354,0.058454425363276
19107,02139,41,40-44,F,6267,6199,12466,-68,-0.0108504866762406
10232,80516,49,45-49,F,6033,6434,12467,401,0.0664677606497596
2668,45030,25,Under 35,M,5491,6977,12468,1486,0.2706246585321435
10121,98103,50,50-54,M,5987,6481,12468,494,0.0825121095707366
9233,90640,51,50-54,M,6079,6390,12469,311,0.0511597302187859
13261,98103,32,Under 35,F,6213,6256,12469,43,0.0069209721551585
6993,78745,29,Under 35,M,5796,6673,12469,877,0.1513112491373361
2722,99016,26,Under 35,M,5428,7041,12469,1613,0.2971628592483419
12537,32405,27,Under 35,F,6034,6436,12470,402,0.0666224726549552
12563,75205,26,Under 35,F,5859,6611,12470,752,0.1283495477043864
16926,98011,59,55-59,M,6116,6354,12470,238,0.0389143230869849
6586,11963,46,45-49,M,5851,6620,12471,769,0.131430524696633
10904,38112,32,Under 35,F,6180,6291,12471,111,0.0179611650485436
3577,27514,23,Under 35,M,5822,6649,12471,827,0.1420474063895568
16168,60660,25,Under 35,F,5884,6588,12472,704,0.1196464989802855
7521,30701,44,40-44,M,5779,6693,12472,914,0.1581588510122858
14803,32751,30,Under 35,F,5938,6534,12472,596,0.1003704951162007
6694,46032,35,35-39,M,6100,6373,12473,273,0.0447540983606557
4550,02116,34,Under 35,M,5292,7181,12473,1889,0.3569538926681784
15231,03109,31,Under 35,F,6010,6463,12473,453,0.0753743760399334
18331,85743,36,35-39,F,6137,6336,12473,199,0.0324262669056542
11038,33813,45,45-49,M,5642,6831,12473,1189,0.2107408720311946
1735,41501,20,Under 35,M,5177,7296,12473,2119,0.4093104114351941
19555,10013,60,60-64,M,6092,6382,12474,290,0.0476034143138542
10807,02038,51,50-54,M,5928,6546,12474,618,0.1042510121457489
9989,77479,49,45-49,F,6075,6400,12475,325,0.0534979423868312
14772,94123,31,Under 35,F,6028,6447,12475,419,0.0695089581950895
17852,27705,51,50-54,F,6119,6356,12475,237,0.0387318189246608
14686,33704,54,50-54,F,5969,6506,12475,537,0.0899648182275087
15339,17603,41,40-44,F,5636,6840,12476,1204,0.2136266855926188
9923,77377,40,40-44,F,5631,6845,12476,1214,0.2155922571479311
15217,94952,24,Under 35,F,5791,6685,12476,894,0.1543774823001208
4812,29611,28,Under 35,M,5528,6948,12476,1420,0.2568740955137482
18071,22152,39,35-39,F,6119,6358,12477,239,0.039058669717274
13665,80526,31,Under 35,F,5938,6539,12477,601,0.1012125294712024
15372,84003,47,45-49,F,5969,6508,12477,539,0.090299882727425
15297,70806,38,35-39,F,5908,6570,12478,662,0.1120514556533513
14701,98122,27,Under 35,F,6256,6222,12478,-34,-0.0054347826086956
8722,08226,49,45-49,M,5473,7005,12478,1532,0.2799196053352823
15498,52240,42,40-44,F,6175,6304,12479,129,0.0208906882591093
10959,10538,40,40-44,F,5796,6683,12479,887,0.1530365769496204
27853,02118,27,Under 35,F,6155,6324,12479,169,0.0274573517465475
12631,10960,51,50-54,M,5752,6728,12480,976,0.1696801112656467
21050,18901,50,50-54,F,6120,6360,12480,240,0.0392156862745098
27653,02116,31,Under 35,M,6105,6375,12480,270,0.0442260442260442
13288,94583,50,50-54,M,5958,6523,12481,565,0.0948304800268546
16880,33908,51,50-54,F,5924,6557,12481,633,0.1068534773801485
10203,78759,48,45-49,M,5954,6528,12482,574,0.096405777628485
14849,46528,28,Under 35,F,5754,6729,12483,975,0.1694473409801876
14122,48335,55,55-59,M,5778,6706,12484,928,0.1606092073381793
4217,02144,24,Under 35,M,5541,6943,12484,1402,0.2530229200505324
2970,01581,24,Under 35,M,5939,6545,12484,606,0.1020373800303081
5096,77381,39,35-39,M,5691,6793,12484,1102,0.1936390792479353
16420,20854,65,65-69,F,5875,6609,12484,734,0.1249361702127659
8894,21045,42,40-44,F,5976,6509,12485,533,0.089190093708166
15093,10924,30,Under 35,F,6173,6312,12485,139,0.0225174145472217
15110,60614,23,Under 35,F,5607,6878,12485,1271,0.226680934546103
13180,02143,28,Under 35,F,5879,6606,12485,727,0.123660486477292
25292,02492,45,45-49,M,5857,6629,12486,772,0.1318080928803141
8429,20854,53,50-54,M,6434,6052,12486,-382,-0.0593720857942182
13577,01532,19,Under 35,F,5793,6694,12487,901,0.1555325392715346
7951,96107,66,65-69,M,6224,6263,12487,39,0.0062660668380462
3396,77073,37,35-39,M,5676,6811,12487,1135,0.1999647639182523
13461,49423,56,55-59,M,5798,6689,12487,891,0.1536736805795101
15256,10009,29,Under 35,F,5837,6650,12487,813,0.1392838787048141
15150,84037,39,35-39,F,6046,6442,12488,396,0.0654978498180615
24223,02118,34,Under 35,M,5674,6814,12488,1140,0.2009164610504053
12061,07030,31,Under 35,F,5745,6743,12488,998,0.173716275021758
10919,77904,48,45-49,M,5895,6593,12488,698,0.1184054283290924
4016,91402,30,Under 35,M,5191,7298,12489,2107,0.4058948179541514
12063,01773,54,50-54,M,5755,6734,12489,979,0.1701129452649869
15088,15241,32,Under 35,F,5913,6576,12489,663,0.1121258244545915
17430,98371,36,35-39,F,5925,6564,12489,639,0.1078481012658227
12808,33138,55,55-59,M,5876,6614,12490,738,0.1255956432947583
9608,33178,47,45-49,M,5881,6609,12490,728,0.1237884713484101
14281,02125,40,40-44,F,5932,6559,12491,627,0.1056979096426163
9636,01452,55,55-59,M,5576,6915,12491,1339,0.2401362984218077
13655,98103,27,Under 35,F,6180,6312,12492,132,0.0213592233009708
13335,02493,28,Under 35,F,5765,6727,12492,962,0.1668690372940156
9030,86004,31,Under 35,F,5814,6678,12492,864,0.1486068111455108
13141,27516,34,Under 35,F,5814,6678,12492,864,0.1486068111455108
1754,02816,36,35-39,M,5814,6679,12493,865,0.1487788097695218
11665,85212,40,40-44,F,5975,6518,12493,543,0.0908786610878661
10683,33596,26,Under 35,F,5813,6680,12493,867,0.1491484603474969
7895,30024,55,55-59,M,5975,6518,12493,543,0.0908786610878661
21077,60187,48,45-49,F,6218,6276,12494,58,0.0093277581215825
17870,80205,40,40-44,F,6126,6369,12495,243,0.0396669931439764
17783,15216,38,35-39,F,6177,6318,12495,141,0.0228266148615832
16931,94107,37,35-39,F,6143,6352,12495,209,0.0340224645938466
8880,92104,42,40-44,M,5490,7005,12495,1515,0.2759562841530054
10987,98020,54,50-54,F,5728,6768,12496,1040,0.1815642458100558
15101,20003,57,55-59,M,6037,6459,12496,422,0.0699022693390757
8761,76132,55,55-59,M,6156,6340,12496,184,0.0298895386614684
12369,11937,26,Under 35,F,5990,6506,12496,516,0.086143572621035
18340,40207,36,35-39,F,5843,6653,12496,810,0.1386274174225569
17028,63005,43,40-44,F,6145,6352,12497,207,0.0336859235150528
14679,53202,25,Under 35,F,5892,6605,12497,713,0.1210115410726408
9612,06489,47,45-49,F,5734,6763,12497,1029,0.1794558772235786
2780,46368,53,50-54,M,5438,7060,12498,1622,0.2982714233173961
11166,10996,21,Under 35,F,5734,6764,12498,1030,0.1796302755493547
15036,98607,36,35-39,F,6011,6487,12498,476,0.0791881550490767
8758,80304,49,45-49,M,5567,6931,12498,1364,0.2450152685467936
3718,43614,31,Under 35,M,4871,7627,12498,2756,0.5657975774994868
28583,33410,38,35-39,M,6072,6427,12499,355,0.0584650856389986
6518,27617,36,35-39,M,5617,6882,12499,1265,0.2252091863984333
11744,44202,47,45-49,M,5773,6726,12499,953,0.1650788151740862
7873,90066,59,55-59,M,5999,6500,12499,501,0.0835139189864977
10374,33129,50,50-54,M,5888,6612,12500,724,0.1229619565217391
11303,17837,21,Under 35,F,5926,6574,12500,648,0.1093486331420857
16237,20003,27,Under 35,F,6204,6296,12500,92,0.0148291424887169
8978,29716,43,40-44,M,5446,7055,12501,1609,0.2954461990451708
2391,73103,37,35-39,M,5572,6930,12502,1358,0.2437185929648241
18667,94025,45,45-49,F,6231,6271,12502,40,0.0064195153265928
16531,22304,41,40-44,F,6213,6289,12502,76,0.0122324159021406
18866,61559,41,40-44,F,6104,6398,12502,294,0.0481651376146789
9287,56155,29,Under 35,F,5974,6529,12503,555,0.0929025778372949
19337,38017,60,60-64,M,6203,6300,12503,97,0.015637594712236
17202,49221,44,40-44,F,5898,6605,12503,707,0.1198711427602577
9152,43026,45,45-49,M,5571,6932,12503,1361,0.2443008436546401
13595,80503,36,35-39,F,6105,6398,12503,293,0.0479934479934479
26508,02043,23,Under 35,M,5725,6779,12504,1054,0.1841048034934498
5273,97701,40,40-44,M,5956,6548,12504,592,0.099395567494963
9160,01801,59,55-59,M,5649,6855,12504,1206,0.2134891131173659
14449,02332,38,35-39,F,6141,6363,12504,222,0.0361504640937958
2333,84604,27,Under 35,M,4948,7556,12504,2608,0.5270816491511722
7290,02478,40,40-44,M,6086,6418,12504,332,0.0545514295103516
8904,33316,44,40-44,M,6195,6310,12505,115,0.0185633575464083
2395,19380,37,35-39,M,4598,7908,12506,3310,0.7198782079164854
5182,44720,38,35-39,M,5378,7128,12506,1750,0.3253997768687244
5143,80026,35,35-39,M,5319,7187,12506,1868,0.3511938334273359
9962,97203,40,40-44,M,5592,6914,12506,1322,0.2364091559370529
13093,75024,54,50-54,M,5933,6574,12507,641,0.1080397775155907
5857,02482,56,55-59,F,6353,6154,12507,-199,-0.0313237840390366
9877,53531,45,45-49,F,5915,6592,12507,677,0.1144547759932375
10312,18944,44,40-44,F,5657,6851,12508,1194,0.211065936008485
1230,94131,28,Under 35,M,5318,7190,12508,1872,0.3520120345994735
13445,02459,39,35-39,F,6253,6255,12508,2,0.0003198464736926
19298,13202,41,40-44,F,6323,6186,12509,-137,-0.0216669302546259
6419,01887,40,40-44,M,5217,7292,12509,2075,0.3977381636956105
12304,65616,60,60-64,M,6067,6442,12509,375,0.0618097906708422
6916,33156,51,50-54,M,5636,6873,12509,1237,0.2194819020581973
9181,95124,50,50-54,M,5744,6765,12509,1021,0.1777506963788301
7644,37029,49,45-49,M,5263,7246,12509,1983,0.3767813034391031
10490,11361,53,50-54,M,5873,6636,12509,763,0.1299165673420739
27470,92120,38,35-39,M,5994,6515,12509,521,0.0869202535869202
8798,32578,53,50-54,M,5345,7165,12510,1820,0.3405051449953227
10887,02129,30,Under 35,F,5616,6895,12511,1279,0.2277421652421652
14295,49855,26,Under 35,F,6083,6428,12511,345,0.0567154364622719
16550,77007,55,55-59,M,5934,6577,12511,643,0.1083586113919784
3291,64118,41,40-44,M,5236,7275,12511,2039,0.3894194041252865
4084,35226,48,45-49,M,5166,7345,12511,2179,0.421796360820751
7991,55446,51,50-54,F,6091,6420,12511,329,0.0540141191922508
7887,06001,57,55-59,M,6025,6487,12512,462,0.0766804979253112
7940,34652,59,55-59,M,6150,6362,12512,212,0.0344715447154471
4609,98005,51,50-54,M,5548,6964,12512,1416,0.2552271088680605
13086,22043,21,Under 35,F,5497,7015,12512,1518,0.2761506276150627
16274,55417,24,Under 35,F,6083,6429,12512,346,0.0568798290317277
12478,91011,24,Under 35,F,6060,6453,12513,393,0.0648514851485148
14284,02370,57,55-59,M,6179,6334,12513,155,0.0250849652047256
13671,54945,40,40-44,F,5968,6546,12514,578,0.0968498659517426
16026,80516,33,Under 35,F,6046,6468,12514,422,0.0697982136950049
16747,80238,37,35-39,F,6059,6455,12514,396,0.0653573196897177
10501,36207,47,45-49,M,6176,6338,12514,162,0.0262305699481865
15357,54303,37,35-39,F,6143,6372,12515,229,0.0372782028324922
12775,10003,38,35-39,F,5768,6748,12516,980,0.1699029126213592
9664,02176,33,Under 35,F,5527,6989,12516,1462,0.2645196309028406
15493,92107,54,50-54,F,6013,6503,12516,490,0.0814901047729918
17850,76051,38,35-39,F,6226,6290,12516,64,0.0102794731769996
3328,15210,30,Under 35,M,5134,7383,12517,2249,0.438059992208804
17297,21204,44,40-44,F,6070,6448,12518,378,0.0622734761120263
6458,87144,45,45-49,F,5973,6545,12518,572,0.0957642725598526
15343,02138,25,Under 35,F,5857,6661,12518,804,0.1372716407717261
16207,39157,36,35-39,F,5981,6538,12519,557,0.0931282394248453
8468,08204,40,40-44,F,5897,6622,12519,725,0.1229438697642869
17508,48111,25,Under 35,F,6227,6292,12519,65,0.0104384133611691
14399,11102,28,Under 35,F,5943,6577,12520,634,0.1066801278815413
13438,24401,56,55-59,M,5923,6597,12520,674,0.1137936856322809
13748,34654,44,40-44,F,5931,6589,12520,658,0.110942505479683
16376,98405,42,40-44,F,6028,6494,12522,466,0.077305905773059
11785,60513,45,45-49,M,5802,6720,12522,918,0.1582213029989658
12735,24088,49,45-49,F,5903,6619,12522,716,0.1212942571573776
913,84005,26,Under 35,M,5470,7052,12522,1582,0.2892138939670932
17422,02492,55,55-59,M,6228,6294,12522,66,0.0105973025048169
27996,28120,32,Under 35,M,6300,6223,12523,-77,-0.0122222222222222
18194,17889,47,45-49,F,6125,6398,12523,273,0.0445714285714285
14289,80002,32,Under 35,F,6065,6458,12523,393,0.06479802143446
12943,19004,76,75-79,M,5982,6541,12523,559,0.0934470076897358
12873,60126,51,50-54,M,6108,6415,12523,307,0.0502619515389652
13659,19807,50,50-54,M,6141,6382,12523,241,0.0392444227324539
12404,27106,52,50-54,M,5565,6959,12524,1394,0.2504941599281222
7046,02888,43,40-44,M,5617,6907,12524,1290,0.2296599608331849
17299,74137,36,35-39,F,6217,6308,12525,91,0.0146372848640823
22307,34238,68,65-69,M,6031,6494,12525,463,0.0767700215552976
16646,95008,50,50-54,F,6117,6408,12525,291,0.04757233938205
4143,37221,33,Under 35,M,5421,7104,12525,1683,0.3104593248478141
17747,97504,42,40-44,F,6096,6430,12526,334,0.0547900262467191
8572,10280,45,45-49,M,5443,7083,12526,1640,0.3013044277053096
9109,63090,46,45-49,M,5525,7002,12527,1477,0.2673303167420814
17310,08820,53,50-54,F,6070,6457,12527,387,0.0637561779242174
16769,38103,35,35-39,F,6196,6331,12527,135,0.0217882504841833
7568,02119,46,45-49,M,5585,6943,12528,1358,0.2431512981199642
16459,92345,42,40-44,F,6226,6302,12528,76,0.0122068743976871
16380,43016,23,Under 35,F,6164,6364,12528,200,0.0324464633354964
13744,77584,32,Under 35,F,5939,6590,12529,651,0.1096144132008755
14560,97229,30,Under 35,F,5915,6614,12529,699,0.1181741335587489
7878,12866,62,60-64,M,6311,6218,12529,-93,-0.0147361749326572
17192,28805,37,35-39,F,5923,6607,12530,684,0.1154820192470032
2348,94115,36,35-39,M,6370,6160,12530,-210,-0.0329670329670329
26206,02360,31,Under 35,M,6264,6267,12531,3,0.0004789272030651
17380,19146,35,35-39,F,5777,6754,12531,977,0.1691189198545958
17655,90670,39,35-39,F,6420,6111,12531,-309,-0.0481308411214953
30656,02048,29,Under 35,M,6264,6267,12531,3,0.0004789272030651
4338,34787,35,35-39,M,5464,7068,12532,1604,0.2935578330893119
2528,98407,41,40-44,M,4720,7812,12532,3092,0.6550847457627119
12392,91214,53,50-54,M,5838,6694,12532,856,0.1466255566974991
4681,80211,35,35-39,M,5001,7532,12533,2531,0.5060987802439512
7850,14086,40,40-44,F,5949,6584,12533,635,0.1067406286770885
13772,11803,53,50-54,M,5957,6576,12533,619,0.10391136478093
13796,20151,56,55-59,M,6064,6469,12533,405,0.066787598944591
10709,98102,32,Under 35,F,5840,6693,12533,853,0.1460616438356164
12596,11218,43,40-44,F,6097,6436,12533,339,0.0556011153026078
10428,43050,48,45-49,M,5569,6965,12534,1396,0.2506733704435266
16282,80026,22,Under 35,F,6046,6488,12534,442,0.0731061859080383
13003,85207,50,50-54,M,5877,6657,12534,780,0.1327207759060745
10538,40503,28,Under 35,F,5828,6706,12534,878,0.1506520247083047
11245,75040,31,Under 35,F,5748,6786,12534,1038,0.1805845511482254
9006,60622,42,40-44,M,5687,6848,12535,1161,0.204149815368384
14391,48176,34,Under 35,F,6037,6498,12535,461,0.0763624316713599
20272,08731,45,45-49,F,6384,6151,12535,-233,-0.0364974937343358
12176,98052,51,50-54,M,5739,6796,12535,1057,0.1841784282976128
12307,75025,59,55-59,M,6170,6366,12536,196,0.0317666126418152
8103,01810,56,55-59,M,5519,7017,12536,1498,0.2714259829679289
12817,53070,24,Under 35,F,6050,6486,12536,436,0.0720661157024793
9471,29671,44,40-44,M,5510,7027,12537,1517,0.2753176043557169
18392,18040,38,35-39,F,5854,6683,12537,829,0.1416125725999316
17128,22204,41,40-44,F,6195,6342,12537,147,0.023728813559322
11396,97035,49,45-49,M,5945,6593,12538,648,0.1089991589571068
13479,37212,52,50-54,M,6096,6442,12538,346,0.056758530183727
12700,02474,55,55-59,M,6083,6455,12538,372,0.0611540358375801
6527,07040,36,35-39,M,5800,6738,12538,938,0.1617241379310345
6912,31406,37,35-39,M,5556,6983,12539,1427,0.2568394528437725
8483,80246,25,Under 35,F,5381,7158,12539,1777,0.3302360156104813
14728,08043,55,55-59,M,6013,6526,12539,513,0.0853151505072343
16669,94610,42,40-44,F,5940,6600,12540,660,0.1111111111111111
11989,80924,36,35-39,F,5965,6575,12540,610,0.1022632020117351
14697,02420,46,45-49,F,6033,6508,12541,475,0.0787336316923587
17859,80224,38,35-39,F,6165,6377,12542,212,0.0343876723438767
16484,06878,55,55-59,M,5746,6796,12542,1050,0.1827358162199791
12934,51041,51,50-54,M,5797,6745,12542,948,0.1635328618250819
18270,19087,60,60-64,M,6079,6464,12543,385,0.0633327849975324
4679,77385,42,40-44,M,5354,7189,12543,1835,0.3427344041837878
16929,08540,48,45-49,F,6003,6540,12543,537,0.089455272363818
11560,20001,49,45-49,M,5607,6936,12543,1329,0.2370251471375067
17306,12601,58,55-59,M,5991,6552,12543,561,0.0936404606910365
17209,80206,38,35-39,F,6160,6384,12544,224,0.0363636363636363
14333,30005,36,35-39,F,6041,6503,12544,462,0.0764774044032444
12275,33127,37,35-39,F,5815,6730,12545,915,0.1573516766981943
12901,94612,28,Under 35,F,5963,6582,12545,619,0.1038068086533624
14212,43560,25,Under 35,F,5959,6586,12545,627,0.1052189964759187
13015,84109,28,Under 35,F,6124,6421,12545,297,0.0484977139124755
16752,33486,43,40-44,F,6219,6326,12545,107,0.0172053384788551
7496,95742,46,45-49,F,5623,6923,12546,1300,0.2311933131780188
11608,95124,34,Under 35,F,6020,6526,12546,506,0.0840531561461794
14350,57350,24,Under 35,F,5913,6634,12547,721,0.121934720108236
15171,94109,26,Under 35,F,6000,6547,12547,547,0.0911666666666666
14794,97215,39,35-39,F,6066,6482,12548,416,0.0685789647213979
13173,32812,44,40-44,F,5707,6841,12548,1134,0.1987033467671281
14732,20007,49,45-49,F,6215,6335,12550,120,0.0193081255028157
10157,27612,40,40-44,F,6141,6409,12550,268,0.0436411007979156
7450,48059,50,50-54,M,5828,6722,12550,894,0.1533973919011667
16994,75189,37,35-39,F,6042,6508,12550,466,0.0771267792121813
1705,46228,28,Under 35,M,5861,6690,12551,829,0.1414434396860604
17200,30720,42,40-44,F,6023,6528,12551,505,0.0838452598372903
10188,94952,47,45-49,M,5719,6832,12551,1113,0.1946144430844553
2762,84065,32,Under 35,M,5398,7154,12552,1756,0.3253056687662097
10760,18640,29,Under 35,F,5915,6638,12553,723,0.1222316145393068
10635,59803,47,45-49,M,5625,6928,12553,1303,0.2316444444444444
19475,60613,55,55-59,M,6206,6347,12553,141,0.0227199484369964
2751,92109,32,Under 35,M,5047,7507,12554,2460,0.4874182682781851
4310,14424,21,Under 35,M,5619,6935,12554,1316,0.2342053746218188
18008,75077,42,40-44,F,6118,6436,12554,318,0.0519777705132396
16467,31061,57,55-59,M,6258,6297,12555,39,0.0062320230105465
8524,02119,42,40-44,M,5312,7243,12555,1931,0.3635165662650602
16532,10016,39,35-39,F,5950,6605,12555,655,0.1100840336134453
3475,15228,40,40-44,M,5737,6818,12555,1081,0.1884260066236709
13876,60005,53,50-54,M,5860,6695,12555,835,0.1424914675767918
11313,55129,45,45-49,M,5800,6755,12555,955,0.1646551724137931
17103,34471,45,45-49,F,5996,6560,12556,564,0.0940627084723148
30427,02025,38,35-39,M,6250,6306,12556,56,0.00896
11482,84403,45,45-49,M,5844,6712,12556,868,0.1485284052019164
12147,20817,59,55-59,M,6015,6541,12556,526,0.0874480465502909
15700,02886,52,50-54,M,5998,6559,12557,561,0.0935311770590196
9793,55374,33,Under 35,F,5616,6941,12557,1325,0.2359330484330484
12824,27516,50,50-54,M,5749,6808,12557,1059,0.1842059488606714
14708,02445,55,55-59,M,6000,6557,12557,557,0.0928333333333333
11297,11559,40,40-44,F,5861,6697,12558,836,0.142637775123699
9765,15020,45,45-49,M,5799,6759,12558,960,0.1655457837558199
18707,93012,60,60-64,M,6002,6556,12558,554,0.0923025658113962
6688,02132,24,Under 35,F,5779,6779,12558,1000,0.1730403183941858
8210,18069,43,40-44,M,5484,7075,12559,1591,0.2901167031363968
11226,77379,42,40-44,F,5831,6728,12559,897,0.153832961756131
15159,14120,27,Under 35,F,6215,6344,12559,129,0.0207562349155269
12857,73072,51,50-54,M,6047,6513,12560,466,0.077063006449479
17469,02818,45,45-49,F,6352,6208,12560,-144,-0.0226700251889168
16817,78738,51,50-54,F,6240,6321,12561,81,0.0129807692307692
8504,98106,40,40-44,M,5583,6978,12561,1395,0.2498656636217087
2978,19460,39,35-39,F,5439,7122,12561,1683,0.3094318808604523
13454,20901,57,55-59,M,5643,6918,12561,1275,0.2259436469962785
15364,48363,56,55-59,M,6102,6459,12561,357,0.0585054080629301
12480,77008,41,40-44,F,5800,6761,12561,961,0.1656896551724138
19057,57106,61,60-64,M,6123,6439,12562,316,0.0516086885513637
15705,02144,59,55-59,M,6147,6415,12562,268,0.0435985033349601
15414,44107,34,Under 35,F,5660,6903,12563,1243,0.2196113074204947
13107,32825,30,Under 35,F,6177,6386,12563,209,0.033835195078517
15464,53083,28,Under 35,F,6011,6552,12563,541,0.0900016636167027
11967,21093,47,45-49,F,6074,6489,12563,415,0.0683240039512677
8255,20001,34,Under 35,F,6103,6461,12564,358,0.0586596755693921
17742,02131,60,60-64,M,6233,6331,12564,98,0.0157227659233114
8187,19460,33,Under 35,F,5442,7122,12564,1680,0.308710033076075
19121,98026,45,45-49,F,6250,6314,12564,64,0.01024
12228,22203,53,50-54,M,5618,6947,12565,1329,0.2365610537557849
12463,77095,50,50-54,M,6044,6521,12565,477,0.078921244209133
5639,21412,21,Under 35,M,5685,6881,12566,1196,0.2103781882145998
15373,49008,40,40-44,F,5802,6764,12566,962,0.16580489486384
12190,60005,34,Under 35,F,5687,6879,12566,1192,0.2096008440302444
8554,44221,48,45-49,M,5577,6990,12567,1413,0.2533620225927918
8263,92563,44,40-44,M,5745,6822,12567,1077,0.1874673629242819
4445,78704,37,35-39,M,5620,6947,12567,1327,0.2361209964412811
11827,92130,55,55-59,M,6034,6533,12567,499,0.0826980444149817
10819,60654,25,Under 35,F,5547,7021,12568,1474,0.2657292230034253
25274,27560,34,Under 35,F,6150,6418,12568,268,0.0435772357723577
10650,02809,53,50-54,M,5826,6742,12568,916,0.1572262272571232
9351,01945,42,40-44,F,5708,6861,12569,1153,0.2019971969166082
14759,78209,26,Under 35,F,5915,6654,12569,739,0.1249366018596787
15322,45244,19,Under 35,F,6009,6560,12569,551,0.09169578964886
12899,02155,36,35-39,F,5840,6729,12569,889,0.1522260273972602
14119,02134,56,55-59,F,6034,6535,12569,501,0.0830294995028173
18390,00979,44,40-44,F,6289,6281,12570,-8,-0.0012720623310542
6408,94041,36,35-39,M,5784,6786,12570,1002,0.1732365145228215
13555,02539,58,55-59,M,6009,6561,12570,552,0.091862206689965
18412,77025,45,45-49,F,6213,6357,12570,144,0.0231772090777402
9784,77459,50,50-54,M,6089,6481,12570,392,0.064378387255707
15391,91403,55,55-59,M,6215,6355,12570,140,0.0225261464199517
8388,91762,41,40-44,M,5964,6606,12570,642,0.107645875251509
16682,32312,41,40-44,F,6180,6390,12570,210,0.0339805825242718
18761,37110,45,45-49,F,6098,6472,12570,374,0.0613315841259429
28550,02127,27,Under 35,F,5916,6655,12571,739,0.1249154834347532
14101,10029,49,45-49,F,5847,6724,12571,877,0.1499914486061228
12017,60610,30,Under 35,F,5930,6641,12571,711,0.1198988195615514
10053,97702,24,Under 35,F,5747,6824,12571,1077,0.1874021228467026
19670,83301,47,45-49,F,6052,6520,12572,468,0.0773298083278255
10120,33165,45,45-49,M,5767,6805,12572,1038,0.1799895959771111
6317,93546,45,45-49,M,5640,6932,12572,1292,0.2290780141843971
11036,45036,47,45-49,M,5721,6851,12572,1130,0.1975179164481734
13835,80304,35,35-39,F,6071,6501,12572,430,0.0708285290726404
5491,53511,42,40-44,M,5946,6626,12572,680,0.1143625967036663
11092,53511,45,45-49,M,5946,6627,12573,681,0.1145307769929364
6067,48306,39,35-39,M,5555,7018,12573,1463,0.2633663366336634
10950,01002,47,45-49,M,6044,6529,12573,485,0.0802448709463931
10890,22310,50,50-54,M,5692,6881,12573,1189,0.2088896697118763
13020,05753,55,55-59,M,5963,6610,12573,647,0.1085024316619151
12426,91942,52,50-54,M,5931,6642,12573,711,0.1198786039453717
10208,77375,50,50-54,F,5884,6689,12573,805,0.1368116927260367
12798,77619,36,35-39,F,5875,6699,12574,824,0.1402553191489361
7703,01810,40,40-44,M,5592,6984,12576,1392,0.2489270386266094
3321,67208,35,35-39,M,5050,7526,12576,2476,0.4902970297029703
9270,10538,44,40-44,M,5573,7004,12577,1431,0.2567737304862731
9265,01057,37,35-39,F,6122,6455,12577,333,0.0543939888925187
17772,44022,46,45-49,F,6257,6320,12577,63,0.0100687230302061
12922,10009,24,Under 35,F,6021,6556,12577,535,0.088855671815313
14052,90046,56,55-59,M,5658,6919,12577,1261,0.2228702721809826
14509,01752,61,60-64,M,5956,6621,12577,665,0.1116521155137676
11634,75126,51,50-54,M,6083,6495,12578,412,0.0677297386158145
13268,44685,55,55-59,M,5888,6690,12578,802,0.1362092391304347
4244,27613,20,Under 35,M,5828,6750,12578,922,0.1582017844886753
12990,30338,41,40-44,F,5921,6657,12578,736,0.1243033271406856
12719,61443,56,55-59,M,5404,7175,12579,1771,0.327720207253886
8421,19146,42,40-44,M,6034,6545,12579,511,0.0846867749419953
13400,85719,32,Under 35,F,6136,6444,12580,308,0.0501955671447196
8941,02155,41,40-44,M,5503,7077,12580,1574,0.2860258041068508
7825,60156,50,50-54,M,5801,6779,12580,978,0.1685916221341148
28278,02125,28,Under 35,M,5618,6962,12580,1344,0.2392310430758277
10032,07013,47,45-49,M,6194,6386,12580,192,0.0309977397481433
17665,10463,38,35-39,F,6075,6506,12581,431,0.0709465020576131
11066,85295,46,45-49,F,5998,6583,12581,585,0.0975325108369456
13178,55413,31,Under 35,F,5930,6651,12581,721,0.1215851602023608
11524,18017,49,45-49,M,5874,6707,12581,833,0.1418113721484508
3635,55447,36,35-39,M,5785,6796,12581,1011,0.17476231633535
1107,11221,33,Under 35,M,5609,6972,12581,1363,0.2430023177036905
6739,11201,29,Under 35,F,5967,6615,12582,648,0.1085972850678733
9864,66061,46,45-49,M,5597,6986,12583,1389,0.2481686617830981
4327,77030,28,Under 35,M,5524,7059,12583,1535,0.2778783490224475
10681,92130,46,45-49,M,5739,6844,12583,1105,0.192542254748214
9716,78748,47,45-49,M,5954,6630,12584,676,0.1135371179039301
14474,12946,41,40-44,F,6152,6432,12584,280,0.0455136540962288
30506,02136,33,Under 35,M,5795,6790,12585,995,0.1716997411561691
14672,28277,49,45-49,F,6089,6496,12585,407,0.0668418459517162
15116,20016,31,Under 35,F,5845,6741,12586,896,0.1532934131736527
8190,07028,42,40-44,M,5442,7145,12587,1703,0.3129364204336641
13147,94122,26,Under 35,F,5887,6701,12588,814,0.1382707660947851
1818,78628,21,Under 35,M,5363,7226,12589,1863,0.3473801976505687
8453,90278,45,45-49,M,6149,6440,12589,291,0.0473247682550008
15078,20010,29,Under 35,F,6102,6488,12590,386,0.0632579482137004
11088,98034,33,Under 35,F,5882,6708,12590,826,0.1404284257055423
14676,11238,39,35-39,F,5937,6654,12591,717,0.1207680646791308
14471,20895,55,55-59,M,6053,6538,12591,485,0.0801255575747563
11708,94129,32,Under 35,F,5809,6782,12591,973,0.1674987088999827
16715,04074,50,50-54,F,6059,6532,12591,473,0.0780656874071629
20877,07620,65,65-69,M,6299,6292,12591,-7,-0.0011112875059533
12841,02061,54,50-54,M,6044,6548,12592,504,0.0833884844473858
12005,60622,40,40-44,F,5941,6651,12592,710,0.1195085002524827
13061,60031,65,65-69,M,6150,6444,12594,294,0.0478048780487804
9590,13032,26,Under 35,F,6254,6340,12594,86,0.0137511992324912
7273,90293,46,45-49,M,5931,6663,12594,732,0.1234193222053616
6165,08884,37,35-39,M,5657,6938,12595,1281,0.2264451122503093
15267,84009,39,35-39,F,6068,6527,12595,459,0.0756427158866183
12965,44646,63,60-64,M,5802,6793,12595,991,0.1708031713202344
10346,77084,40,40-44,F,5912,6683,12595,771,0.1304127198917456
14688,81615,56,55-59,F,6050,6545,12595,495,0.0818181818181818
16920,78681,55,55-59,M,6042,6555,12597,513,0.0849056603773584
14859,63139,29,Under 35,F,6207,6391,12598,184,0.0296439503786048
8296,43551,41,40-44,M,5945,6653,12598,708,0.1190916736753574
15072,63122,28,Under 35,F,6207,6391,12598,184,0.0296439503786048
14336,30519,27,Under 35,F,6160,6438,12598,278,0.0451298701298701
3181,04106,36,35-39,M,5284,7314,12598,2030,0.3841786525359576
14371,39520,45,45-49,F,5989,6610,12599,621,0.1036900985139422
11752,48048,49,45-49,M,5619,6980,12599,1361,0.2422139170670937
2729,84321,29,Under 35,M,5801,6798,12599,997,0.1718669194966385
16364,98422,33,Under 35,F,6139,6460,12599,321,0.0522886463593419
1469,98422,37,35-39,M,6139,6461,12600,322,0.0524515393386545
8933,55415,44,40-44,M,5479,7121,12600,1642,0.2996897244022632
8999,19380,54,50-54,M,5660,6940,12600,1280,0.2261484098939929
6147,84105,25,Under 35,M,6332,6268,12600,-64,-0.0101073910296904
21397,83201,58,55-59,F,6144,6456,12600,312,0.05078125
11973,54937,34,Under 35,F,5866,6735,12601,869,0.1481418342993522
13622,52302,41,40-44,F,5755,6846,12601,1091,0.1895742832319722
15121,80023,40,40-44,F,6033,6569,12602,536,0.0888446875517984
19678,90033,61,60-64,M,6126,6476,12602,350,0.0571335292197192
12643,23220,29,Under 35,F,5956,6647,12603,691,0.1160174613834788
8527,95112,50,50-54,M,6101,6502,12603,401,0.0657269300114735
20072,07760,45,45-49,F,6244,6359,12603,115,0.0184176809737347
14726,27707,55,55-59,M,5824,6780,12604,956,0.1641483516483516
19895,01741,51,50-54,F,6293,6311,12604,18,0.0028603209915779
15080,90232,27,Under 35,F,6023,6581,12604,558,0.0926448613647683
12121,07042,48,45-49,F,5939,6667,12606,728,0.1225795588482909
3385,45213,39,35-39,M,5232,7374,12606,2142,0.4094036697247706
12094,53719,52,50-54,M,6062,6544,12606,482,0.0795117123061695
14084,02043,44,40-44,F,6362,6244,12606,-118,-0.0185476265325369
11868,43212,46,45-49,M,5782,6825,12607,1043,0.1803874092009685
11923,20016,50,50-54,M,6165,6443,12608,278,0.0450932684509326
13216,80461,38,35-39,F,6185,6424,12609,239,0.0386418755052546
6738,80301,65,65-69,M,5843,6766,12609,923,0.1579667978778025
24056,94123,28,Under 35,M,6264,6345,12609,81,0.0129310344827586
10741,01887,52,50-54,F,5907,6703,12610,796,0.1347553749788386
7701,90065,30,Under 35,M,5283,7327,12610,2044,0.3869013817906492
18750,98103,43,40-44,F,6261,6349,12610,88,0.0140552627375818
30540,60614,37,35-39,M,5782,6829,12611,1047,0.1810792113455551
8087,07928,45,45-49,M,5653,6958,12611,1305,0.2308508756412524
10027,11570,34,Under 35,F,5923,6689,12612,766,0.1293263548877258
11754,94539,26,Under 35,F,5866,6747,12613,881,0.1501875213092396
14245,79701,60,60-64,M,6355,6258,12613,-97,-0.0152635719905586
10806,87122,53,50-54,M,5938,6675,12613,737,0.1241158639272482
13913,22180,55,55-59,M,6158,6455,12613,297,0.0482299447872685
2555,12054,41,40-44,M,5186,7428,12614,2242,0.432317778634786
13949,17702,51,50-54,M,5920,6694,12614,774,0.1307432432432432
11529,95070,45,45-49,M,5800,6814,12614,1014,0.1748275862068965
18905,91011,41,40-44,F,5862,6753,12615,891,0.1519959058341863
17709,21136,66,65-69,M,6001,6614,12615,613,0.1021496417263789
7340,37919,52,50-54,M,5364,7252,12616,1888,0.3519761372110365
13153,02356,54,50-54,M,5739,6878,12617,1139,0.1984666318173898
13597,98383,41,40-44,F,6083,6534,12617,451,0.0741410488245931
7421,60423,30,Under 35,M,5263,7355,12618,2092,0.3974919247577427
14240,33813,42,40-44,F,6032,6586,12618,554,0.0918435013262599
29485,02143,36,35-39,F,6128,6490,12618,362,0.0590731070496083
13420,53005,35,35-39,F,6098,6521,12619,423,0.0693670055755985
13892,66062,53,50-54,F,5940,6679,12619,739,0.1244107744107744
14654,17554,40,40-44,F,5974,6646,12620,672,0.1124874455975895
12729,91103,38,35-39,F,6334,6286,12620,-48,-0.0075781496684559
11052,95210,30,Under 35,F,6113,6507,12620,394,0.0644528054964829
17897,90815,60,60-64,M,6307,6313,12620,6,0.0009513239257967
16491,78617,46,45-49,F,5977,6643,12620,666,0.1114271373598795
10458,77584,51,50-54,M,6040,6580,12620,540,0.0894039735099337
13062,02493,43,40-44,F,5912,6708,12620,796,0.1346414073071718
15309,55317,60,60-64,M,6016,6605,12621,589,0.0979055851063829
13836,23220,39,35-39,F,5950,6671,12621,721,0.1211764705882352
7835,30041,49,45-49,F,5749,6872,12621,1123,0.1953383197077752
14486,77042,31,Under 35,F,6203,6418,12621,215,0.0346606480735128
4450,65203,26,Under 35,M,5289,7333,12622,2044,0.3864624692758555
16537,27612,27,Under 35,F,6187,6437,12624,250,0.0404073056408598
16883,07632,44,40-44,F,6088,6536,12624,448,0.0735873850197109
2893,77418,40,40-44,M,5418,7206,12624,1788,0.3300110741971207
14447,02492,49,45-49,F,6293,6332,12625,39,0.0061973621484188
16236,46237,56,55-59,M,5715,6910,12625,1195,0.2090988626421697
10896,02143,49,45-49,M,5848,6777,12625,929,0.1588577291381669
20759,55435,55,55-59,F,5930,6695,12625,765,0.1290050590219224
5459,27511,35,35-39,M,5224,7402,12626,2178,0.4169218989280245
13918,94109,26,Under 35,F,6110,6517,12627,407,0.0666121112929623
11788,06340,51,50-54,F,6037,6591,12628,554,0.0917674341560377
10065,77008,64,60-64,M,6167,6462,12629,295,0.0478352521485325
8743,62234,42,40-44,M,5520,7109,12629,1589,0.2878623188405797
16432,60564,29,Under 35,F,5813,6817,12630,1004,0.1727163254773782
3199,02116,30,Under 35,F,6021,6609,12630,588,0.0976581963129048
7386,02114,31,Under 35,F,6021,6609,12630,588,0.0976581963129048
14487,11222,29,Under 35,F,6100,6531,12631,431,0.070655737704918
15426,91913,34,Under 35,F,6206,6426,12632,220,0.0354495649371575
6616,98409,38,35-39,M,5739,6893,12632,1154,0.2010803275832026
11427,02492,50,50-54,M,6074,6558,12632,484,0.079683898584129
13550,10706,54,50-54,M,5977,6656,12633,679,0.1136021415425798
16081,77007,36,35-39,F,6128,6505,12633,377,0.0615208877284595
15049,30329,59,55-59,M,6012,6621,12633,609,0.1012974051896207
4736,18411,30,Under 35,M,5564,7070,12634,1506,0.2706685837526959
7972,84059,41,40-44,F,6109,6525,12634,416,0.0680962514323129
18811,46385,48,45-49,F,6110,6524,12634,414,0.0677577741407528
30442,00926,42,40-44,F,6346,6288,12634,-58,-0.0091396155058304
10008,83704,42,40-44,F,5932,6703,12635,771,0.1299730276466621
15427,91945,33,Under 35,F,5959,6676,12635,717,0.1203222017116966
9239,02842,54,50-54,F,5419,7217,12636,1798,0.331795534231408
15484,02141,36,35-39,F,6001,6636,12637,635,0.1058156973837693
14709,10003,28,Under 35,F,6105,6533,12638,428,0.0701064701064701
12322,42748,28,Under 35,F,6044,6595,12639,551,0.0911647915287888
10839,63108,45,45-49,M,5977,6662,12639,685,0.1146059896269031
9606,10023,27,Under 35,F,5468,7172,12640,1704,0.3116313094367227
17771,48390,47,45-49,F,6203,6437,12640,234,0.0377236820893116
10746,30606,37,35-39,F,5753,6887,12640,1134,0.1971145489309925
14428,95008,58,55-59,M,6119,6522,12641,403,0.0658604347115541
1489,03060,26,Under 35,M,5222,7419,12641,2197,0.4207200306396016
9749,92342,55,55-59,M,6080,6561,12641,481,0.0791118421052631
13417,53146,38,35-39,F,6031,6610,12641,579,0.0960039794395622
5106,38501,30,Under 35,F,5632,7009,12641,1377,0.2444957386363636
9951,64083,45,45-49,M,5649,6992,12641,1343,0.2377411931315277
12444,20009,35,35-39,F,5966,6675,12641,709,0.1188400938652363
18541,01760,42,40-44,F,6224,6418,12642,194,0.0311696658097686
14199,89423,57,55-59,M,5952,6691,12643,739,0.1241599462365591
13506,23503,30,Under 35,F,6163,6482,12645,319,0.0517605062469576
13522,20009,25,Under 35,F,5990,6656,12646,666,0.1111853088480801
8601,03103,44,40-44,M,5397,7249,12646,1852,0.3431536038539929
13815,43214,60,60-64,M,6094,6553,12647,459,0.0753199868723334
20110,92604,61,60-64,M,6380,6267,12647,-113,-0.0177115987460815
16870,28209,29,Under 35,F,6102,6546,12648,444,0.0727630285152409
11154,14051,24,Under 35,F,6034,6615,12649,581,0.0962877030162413
13421,80501,32,Under 35,F,5900,6749,12649,849,0.1438983050847457
14252,02461,57,55-59,M,6072,6577,12649,505,0.0831686429512516
30525,02114,26,Under 35,F,6292,6358,12650,66,0.0104895104895104
12516,62712,60,60-64,M,5897,6754,12651,857,0.1453281329489571
12569,27410,55,55-59,M,5909,6742,12651,833,0.1409713995599932
5796,02478,49,45-49,F,6236,6416,12652,180,0.0288646568313021
3333,02493,47,45-49,M,6236,6416,12652,180,0.0288646568313021
6389,84081,41,40-44,M,5903,6749,12652,846,0.1433169574792478
14572,33616,35,35-39,F,5916,6737,12653,821,0.1387762001352265
17591,94403,35,35-39,F,6075,6578,12653,503,0.082798353909465
12795,11730,22,Under 35,F,5800,6854,12654,1054,0.1817241379310344
30157,11102,30,Under 35,M,6313,6342,12655,29,0.0045936955488674
17725,92603,55,55-59,M,6146,6509,12655,363,0.0590628050764725
14787,10024,37,35-39,F,6125,6531,12656,406,0.0662857142857142
17188,98028,46,45-49,F,6219,6437,12656,218,0.0350538671812188
18503,20815,52,50-54,F,6147,6509,12656,362,0.0588905156987148
16710,10030,42,40-44,F,5967,6689,12656,722,0.1209988268811798
14725,20009,26,Under 35,F,6180,6477,12657,297,0.0480582524271844
24552,07030,25,Under 35,M,5748,6909,12657,1161,0.2019832985386221
14810,55408,26,Under 35,F,5840,6818,12658,978,0.1674657534246575
17080,28117,43,40-44,F,5863,6795,12658,932,0.1589629882312809
14322,32828,40,40-44,F,6003,6655,12658,652,0.1086123604864234
6620,31406,32,Under 35,F,5748,6911,12659,1163,0.2023312456506611
5636,06073,45,45-49,M,5690,6969,12659,1279,0.2247803163444639
9058,45251,46,45-49,M,5560,7100,12660,1540,0.276978417266187
18613,30188,44,40-44,F,6316,6344,12660,28,0.0044331855604813
9555,04097,49,45-49,F,6539,6121,12660,-418,-0.0639241474231533
17949,10577,25,Under 35,F,5994,6666,12660,672,0.1121121121121121
14890,68046,31,Under 35,F,6077,6583,12660,506,0.0832647688003949
12406,11566,38,35-39,F,5762,6898,12660,1136,0.1971537660534536
4108,84321,26,Under 35,M,5645,7015,12660,1370,0.2426926483613817
10078,07202,38,35-39,F,5919,6742,12661,823,0.1390437573914512
19759,92660,45,45-49,F,6303,6358,12661,55,0.0087260034904013
7842,46383,48,45-49,F,5769,6892,12661,1123,0.1946611197781244
14865,19348,26,Under 35,F,6080,6581,12661,501,0.0824013157894736
20198,28054,64,60-64,M,6234,6428,12662,194,0.0311196663458453
764,84109,46,45-49,M,6065,6598,12663,533,0.0878812860676009
17578,95835,41,40-44,F,6288,6375,12663,87,0.0138358778625954
26029,02127,27,Under 35,M,5746,6917,12663,1171,0.2037939436129481
2560,84106,22,Under 35,M,5543,7120,12663,1577,0.2845029767274039
13324,94560,29,Under 35,F,6004,6659,12663,655,0.1090939373750832
14104,01944,39,35-39,F,5929,6735,12664,806,0.1359419800978242
19201,01056,45,45-49,F,6181,6483,12664,302,0.0488594078628053
10361,77382,46,45-49,M,5688,6976,12664,1288,0.2264416315049226
14662,85635,29,Under 35,F,6005,6659,12664,654,0.1089092422980849
12957,27707,33,Under 35,F,5897,6767,12664,870,0.1475326437171443
16699,35226,45,45-49,F,5824,6841,12665,1017,0.1746222527472527
13502,75002,39,35-39,F,6013,6653,12666,640,0.1064360552137036
15279,75204,24,Under 35,F,6078,6588,12666,510,0.0839091806515301
7918,06482,40,40-44,F,6232,6435,12667,203,0.032573812580231
16961,37110,38,35-39,F,5984,6684,12668,700,0.1169786096256684
11483,92110,45,45-49,F,6298,6371,12669,73,0.0115909812638933
13458,94549,52,50-54,M,5962,6708,12670,746,0.1251257967125126
11569,18249,38,35-39,F,5789,6881,12670,1092,0.18863361547763
9946,60093,53,50-54,M,5758,6912,12670,1154,0.2004168113928447
15286,19057,29,Under 35,F,6067,6604,12671,537,0.0885116202406461
11008,77441,46,45-49,M,6092,6579,12671,487,0.079940906106369
8459,60067,53,50-54,M,5427,7244,12671,1817,0.3348074442601805
14788,20008,38,35-39,F,6143,6529,12672,386,0.0628357480058603
14789,28036,55,55-59,M,6076,6596,12672,520,0.0855826201448321
16977,45242,50,50-54,F,6147,6525,12672,378,0.0614934114202049
11388,11249,33,Under 35,F,5966,6706,12672,740,0.124036205162588
13786,54481,60,60-64,M,5916,6757,12673,841,0.142156862745098
4784,77845,27,Under 35,M,5530,7143,12673,1613,0.2916817359855334
18853,98501,44,40-44,F,6135,6538,12673,403,0.0656886715566422
12493,02143,28,Under 35,F,5913,6760,12673,847,0.1432437003213258
11078,95032,46,45-49,M,6076,6597,12673,521,0.0857472021066491
18720,06878,43,40-44,F,5961,6713,12674,752,0.1261533299781916
12452,89511,60,60-64,M,5978,6697,12675,719,0.1202743392438942
2302,80917,33,Under 35,M,5078,7598,12676,2520,0.4962583694367861
8298,11218,42,40-44,M,5661,7016,12677,1355,0.2393570040628864
11942,40056,26,Under 35,F,5963,6714,12677,751,0.1259433171222539
16392,49004,65,65-69,M,6244,6433,12677,189,0.0302690582959641
2474,10012,38,35-39,M,5270,7408,12678,2138,0.4056925996204933
15188,60660,44,40-44,F,6247,6431,12678,184,0.0294541379862333
14207,80203,26,Under 35,F,6405,6273,12678,-132,-0.0206088992974238
17829,87111,44,40-44,F,6186,6492,12678,306,0.049466537342386
14858,95819,32,Under 35,F,6009,6669,12678,660,0.109835247129306
14681,94118,23,Under 35,F,5754,6924,12678,1170,0.2033368091762252
7880,29617,42,40-44,F,6083,6595,12678,512,0.0841689955614006
7504,83404,43,40-44,F,6001,6677,12678,676,0.112647892017997
11509,98208,45,45-49,M,5930,6748,12678,818,0.1379426644182124
16225,94304,37,35-39,F,5952,6726,12678,774,0.1300403225806451
8808,85085,40,40-44,M,5449,7230,12679,1781,0.3268489631124977
12804,83402,32,Under 35,F,6001,6678,12679,677,0.1128145309115147
16015,78704,31,Under 35,F,6174,6506,12680,332,0.0537738905085843
14887,01080,58,55-59,M,6314,6366,12680,52,0.0082356667722521
1726,02840,36,35-39,M,5702,6978,12680,1276,0.2237811294282707
780,48067,28,Under 35,M,4935,7745,12680,2810,0.569402228976697
3750,85209,31,Under 35,M,5751,6930,12681,1179,0.2050078247261345
10895,45713,49,45-49,M,5986,6695,12681,709,0.1184430337454059
12566,04426,50,50-54,M,6097,6585,12682,488,0.0800393636214531
17107,78750,38,35-39,F,5972,6710,12682,738,0.12357669122572
14661,77008,30,Under 35,F,6189,6494,12683,305,0.0492809823881079
5057,93704,35,35-39,M,6262,6421,12683,159,0.0253912488022995
16774,33629,40,40-44,F,6196,6487,12683,291,0.0469657843770174
17524,20124,45,45-49,F,6267,6416,12683,149,0.0237753310994096
12527,93730,41,40-44,F,6265,6418,12683,153,0.0244213886671987
11970,93730,38,35-39,F,6265,6418,12683,153,0.0244213886671987
13724,78749,58,55-59,M,6317,6366,12683,49,0.0077568466044008
17442,18066,40,40-44,F,6317,6367,12684,50,0.0079151495963273
4023,27560,34,Under 35,M,5538,7147,12685,1609,0.2905381003972553
14005,19104,23,Under 35,F,5972,6713,12685,741,0.1240790354989953
16201,06830,53,50-54,M,6178,6508,12686,330,0.0534153447717708
14008,80005,40,40-44,F,5970,6716,12686,746,0.1249581239530988
14738,28209,35,35-39,F,6173,6513,12686,340,0.0550785679572331
14911,60447,57,55-59,M,6045,6641,12686,596,0.0985938792390405
11817,98006,39,35-39,F,6203,6483,12686,280,0.0451394486538771
17782,92604,42,40-44,F,5837,6850,12687,1013,0.1735480555079664
12139,19146,28,Under 35,F,5726,6961,12687,1235,0.2156828501571777
20353,30519,49,45-49,F,6278,6410,12688,132,0.0210258043963045
14870,27616,28,Under 35,F,6091,6597,12688,506,0.0830733869643736
19093,13212,40,40-44,F,6250,6438,12688,188,0.03008
18855,86001,45,45-49,F,6149,6539,12688,390,0.0634249471458773
4198,84062,32,Under 35,M,5452,7236,12688,1784,0.3272193690388848
16029,63108,27,Under 35,F,6060,6628,12688,568,0.0937293729372937
16572,23225,38,35-39,F,6220,6469,12689,249,0.040032154340836
7161,47136,38,35-39,M,5541,7148,12689,1607,0.2900198520122721
17758,10016,63,60-64,M,6006,6683,12689,677,0.1127206127206127
14544,92118,32,Under 35,F,5884,6805,12689,921,0.1565261726716519
19806,98006,60,60-64,M,6308,6382,12690,74,0.0117311350665821
12564,60631,27,Under 35,F,5772,6918,12690,1146,0.1985446985446985
8542,35005,46,45-49,M,5879,6811,12690,932,0.1585303623065147
14532,78750,27,Under 35,F,6025,6665,12690,640,0.1062240663900414
13440,02130,50,50-54,M,5792,6898,12690,1106,0.1909530386740331
9015,94526,51,50-54,M,5662,7030,12692,1368,0.2416107382550335
11919,37122,40,40-44,F,6047,6645,12692,598,0.0988920125682156
7478,92116,43,40-44,M,5323,7370,12693,2047,0.3845575803118542
6798,60098,35,35-39,M,5497,7196,12693,1699,0.3090776787338548
10817,06830,50,50-54,M,5604,7090,12694,1486,0.2651677373304782
13667,57104,33,Under 35,F,5500,7194,12694,1694,0.308
16265,29662,29,Under 35,F,5929,6765,12694,836,0.1410018552875695
12917,27701,36,35-39,F,6038,6657,12695,619,0.1025173898641934
16372,78704,30,Under 35,F,6194,6501,12695,307,0.0495640942847917
15457,10009,33,Under 35,F,6150,6545,12695,395,0.0642276422764227
12485,48073,32,Under 35,F,6007,6688,12695,681,0.1133677376394206
16388,78704,29,Under 35,F,6194,6501,12695,307,0.0495640942847917
11473,55410,57,55-59,M,6011,6686,12697,675,0.1122941274330394
6074,02115,35,35-39,M,6216,6481,12697,265,0.0426319176319176
14272,22043,27,Under 35,F,5759,6938,12697,1179,0.2047230421948254
7986,64505,48,45-49,F,6343,6354,12697,11,0.0017341951757843
16625,91702,58,55-59,M,5784,6913,12697,1129,0.1951936376210235
8048,78704,46,45-49,M,5823,6874,12697,1051,0.1804911557616349
18812,89052,42,40-44,F,6165,6533,12698,368,0.059691808596918
14653,32603,23,Under 35,F,5971,6727,12698,756,0.126611957796014
17744,10471,38,35-39,F,6208,6491,12699,283,0.0455863402061855
9715,02421,49,45-49,M,5777,6922,12699,1145,0.1981997576596849
12132,48328,32,Under 35,F,6177,6522,12699,345,0.0558523555123846
20087,03845,51,50-54,F,6127,6572,12699,445,0.0726293455198302
11575,22903,57,55-59,M,6126,6573,12699,447,0.0729676787463271
9240,89131,40,40-44,F,5940,6759,12699,819,0.1378787878787878
17301,63368,39,35-39,F,6117,6582,12699,465,0.0760176557135851
16424,27312,43,40-44,F,6223,6477,12700,254,0.0408163265306122
9553,75028,49,45-49,M,5638,7062,12700,1424,0.2525718339836821
15102,02420,26,Under 35,F,6031,6670,12701,639,0.1059525783452163
14334,73151,36,35-39,F,6077,6624,12701,547,0.0900115188415336
26355,01821,34,Under 35,M,6217,6484,12701,267,0.0429467588869229
6233,75252,41,40-44,M,5181,7521,12702,2340,0.451650260567458
13615,77006,58,55-59,M,5891,6811,12702,920,0.156170429468681
20876,02421,45,45-49,F,6299,6403,12702,104,0.0165105572313065
12235,33025,60,60-64,M,6074,6629,12703,555,0.0913730655251893
17201,13619,41,40-44,F,6191,6512,12703,321,0.0518494588919399
14900,91030,29,Under 35,F,6121,6583,12704,462,0.0754778630942656
5686,93711,35,35-39,M,6263,6441,12704,178,0.0284208845601149
18676,94925,43,40-44,F,6272,6432,12704,160,0.0255102040816326
9732,96816,39,35-39,F,5860,6845,12705,985,0.1680887372013652
13069,10013,30,Under 35,F,6290,6415,12705,125,0.019872813990461
17482,53212,35,35-39,F,6134,6571,12705,437,0.0712422562764916
16584,90265,60,60-64,M,6015,6690,12705,675,0.112219451371571
9826,17011,45,45-49,M,5744,6962,12706,1218,0.2120473537604456
15153,92630,40,40-44,F,6183,6523,12706,340,0.0549894873038977
18927,75078,56,55-59,M,6231,6476,12707,245,0.0393195313753811
8496,77479,51,50-54,M,5781,6927,12708,1146,0.1982355993772703
7248,77479,52,50-54,M,5779,6929,12708,1150,0.1989963661533137
5826,77479,51,50-54,M,5781,6927,12708,1146,0.1982355993772703
16674,84780,35,35-39,F,6106,6602,12708,496,0.0812315754995086
14939,60521,42,40-44,F,5962,6747,12709,785,0.1316672257631667
10353,01921,62,60-64,M,5667,7043,12710,1376,0.2428092465149109
18875,48168,45,45-49,F,6357,6354,12711,-3,-0.0004719207173194
16505,96815,58,55-59,M,5951,6760,12711,809,0.135943538901025
2772,44721,34,Under 35,M,5440,7271,12711,1831,0.3365808823529412
18758,45227,41,40-44,F,6360,6351,12711,-9,-0.0014150943396226
17459,98072,41,40-44,F,6090,6624,12714,534,0.0876847290640394
15054,80011,32,Under 35,F,5934,6781,12715,847,0.142736771149309
11681,94582,47,45-49,M,5801,6914,12715,1113,0.1918634718152042
15303,10023,28,Under 35,F,6188,6527,12715,339,0.0547834518422753
16446,55406,34,Under 35,F,5982,6733,12715,751,0.1255432965563356
18015,22043,45,45-49,F,6129,6587,12716,458,0.0747267090879425
6218,07006,49,45-49,M,5864,6852,12716,988,0.1684856753069577
11076,23455,49,45-49,M,5742,6974,12716,1232,0.21455938697318
13203,48169,54,50-54,M,5620,7097,12717,1477,0.2628113879003558
17534,25313,55,55-59,M,6287,6430,12717,143,0.0227453475425481
26425,02145,24,Under 35,M,6282,6436,12718,154,0.0245144858325374
16921,80513,57,55-59,M,6055,6664,12719,609,0.1005780346820809
17357,20003,38,35-39,F,6191,6528,12719,337,0.0544338555968341
10913,04461,49,45-49,M,5441,7279,12720,1838,0.3378055504502849
7910,25304,59,55-59,M,5929,6791,12720,862,0.1453870804520155
18770,08540,57,55-59,M,6243,6477,12720,234,0.0374819798173954
7278,91709,41,40-44,M,5418,7302,12720,1884,0.3477297895902547
9569,14506,46,45-49,M,5565,7156,12721,1591,0.2858939802336028
18916,25425,41,40-44,F,6114,6608,12722,494,0.080798168138698
17762,63303,53,50-54,F,6344,6378,12722,34,0.0053593947036569
10055,80301,52,50-54,M,5925,6797,12722,872,0.1471729957805907
22066,98563,52,50-54,F,6264,6462,12726,198,0.0316091954022988
3835,10075,36,35-39,M,5134,7593,12727,2459,0.4789637709388391
16539,01464,25,Under 35,F,6040,6687,12727,647,0.1071192052980132
10797,28105,54,50-54,M,5671,7056,12727,1385,0.2442250044083936
9201,57108,58,55-59,M,5413,7314,12727,1901,0.3511915758359505
2911,51247,24,Under 35,M,5203,7524,12727,2321,0.4460887949260042
12799,02446,27,Under 35,F,6011,6716,12727,705,0.1172849775411745
17922,55060,38,35-39,F,5865,6862,12727,997,0.1699914748508099
16361,98102,29,Under 35,F,6013,6715,12728,702,0.1167470480625311
7078,60193,53,50-54,M,6269,6459,12728,190,0.0303078640931568
13982,43560,65,65-69,M,6203,6525,12728,322,0.0519103659519587
11806,28403,48,45-49,M,5641,7088,12729,1447,0.2565148023400106
1959,04260,37,35-39,M,5645,7084,12729,1439,0.2549158547387068
13682,83642,22,Under 35,F,5949,6781,12730,832,0.1398554378887208
14113,94702,26,Under 35,F,5681,7049,12730,1368,0.2408026755852843
16912,19025,61,60-64,F,6148,6582,12730,434,0.0705920624593363
18737,75023,61,60-64,M,6287,6444,12731,157,0.0249721647844759
18135,63021,41,40-44,F,6210,6521,12731,311,0.0500805152979066
14480,34212,43,40-44,F,6075,6656,12731,581,0.0956378600823045
12272,44236,24,Under 35,F,5782,6949,12731,1167,0.2018332756831546
6962,06825,50,50-54,M,5717,7014,12731,1297,0.2268672380619205
3665,27408,35,35-39,M,5226,7506,12732,2280,0.4362801377726751
13849,97224,47,45-49,F,5715,7017,12732,1302,0.2278215223097112
16233,07940,58,55-59,M,6056,6677,12733,621,0.1025429326287978
25341,01742,23,Under 35,F,5986,6747,12733,761,0.1271299699298362
11431,07828,57,55-59,M,5983,6750,12733,767,0.1281965569112485
18317,85266,58,55-59,M,6387,6346,12733,-41,-0.0064192891811492
16734,54650,54,50-54,F,6161,6572,12733,411,0.0667099496834929
14851,68022,41,40-44,F,6102,6632,12734,530,0.0868567682726974
15486,78744,40,40-44,F,6313,6421,12734,108,0.0171075558371614
16076,20895,53,50-54,F,6156,6578,12734,422,0.0685510071474983
9073,94022,46,45-49,M,6364,6370,12734,6,0.0009428032683846
25258,02446,32,Under 35,M,5987,6748,12735,761,0.1271087355937865
15540,02030,60,60-64,M,6194,6541,12735,347,0.0560219567323216
10756,84096,47,45-49,M,5397,7338,12735,1941,0.3596442468037799
13194,29926,54,50-54,M,6332,6404,12736,72,0.0113708149084017
18804,21209,62,60-64,M,6062,6675,12737,613,0.1011217419993401
18813,80127,40,40-44,F,6279,6458,12737,179,0.028507724159898
13012,84790,44,40-44,F,6254,6483,12737,229,0.0366165653981451
18149,98014,36,35-39,F,6231,6506,12737,275,0.0441341678703257
11661,46383,50,50-54,F,6241,6498,12739,257,0.0411792981893927
9964,55812,36,35-39,F,5911,6828,12739,917,0.1551344950093046
11312,66215,45,45-49,M,5642,7098,12740,1456,0.2580645161290322
18999,21412,22,Under 35,F,6194,6546,12740,352,0.0568291895382628
16469,76109,34,Under 35,F,6272,6469,12741,197,0.0314094387755102
19392,48104,43,40-44,F,6182,6559,12741,377,0.0609835004852798
16092,10010,26,Under 35,F,6260,6481,12741,221,0.0353035143769968
19538,21227,51,50-54,F,6373,6368,12741,-5,-0.0007845598619174
13738,40241,52,50-54,M,6174,6568,12742,394,0.0638160025915128
19395,11222,42,40-44,F,6196,6546,12742,350,0.0564880568108457
1829,80302,26,Under 35,M,5467,7275,12742,1808,0.3307115419791476
16349,45208,43,40-44,F,6135,6608,12743,473,0.0770986145069274
9135,95120,49,45-49,F,5887,6857,12744,970,0.164769831832852
11148,84664,22,Under 35,F,6071,6673,12744,602,0.0991599407016965
7906,79423,39,35-39,F,5950,6795,12745,845,0.142016806722689
21240,99026,64,60-64,M,5946,6799,12745,853,0.1434577867473932
11758,46033,62,60-64,M,6211,6535,12746,324,0.0521655127998711
13362,49649,27,Under 35,F,6094,6652,12746,558,0.0915654742369543
12755,27514,20,Under 35,F,5867,6879,12746,1012,0.1724901994204874
10416,45322,52,50-54,M,5852,6894,12746,1042,0.1780587833219412
30390,28307,58,55-59,M,6112,6634,12746,522,0.0854057591623036
11660,21230,46,45-49,M,6287,6460,12747,173,0.0275170987752505
13532,21122,40,40-44,F,6084,6663,12747,579,0.0951676528599605
13948,33603,29,Under 35,F,5871,6876,12747,1005,0.1711803781297905
12065,22124,46,45-49,M,5902,6846,12748,944,0.1599457810911555
11866,91913,29,Under 35,F,5554,7194,12748,1640,0.295282679150162
13850,98144,40,40-44,F,6083,6665,12748,582,0.0956764754233108
13601,28513,51,50-54,M,6218,6530,12748,312,0.0501769057574782
17682,78739,40,40-44,F,6358,6391,12749,33,0.0051903114186851
14018,19146,28,Under 35,F,5989,6760,12749,771,0.1287360160293872
16791,68135,55,55-59,M,6154,6596,12750,442,0.0718232044198895
10421,84093,26,Under 35,F,6067,6683,12750,616,0.1015328828086368
16891,75087,59,55-59,M,5894,6856,12750,962,0.163216830675263
19703,26508,47,45-49,F,6251,6499,12750,248,0.0396736522156455
16309,46952,35,35-39,F,5917,6833,12750,916,0.1548081798208551
8141,75243,46,45-49,M,6103,6648,12751,545,0.0893003440930689
13051,20815,56,55-59,M,6189,6562,12751,373,0.0602682178057844
14087,37918,22,Under 35,F,6147,6604,12751,457,0.0743452090450626
7886,90802,58,55-59,M,6190,6561,12751,371,0.059935379644588
12592,37209,36,35-39,F,5893,6859,12752,966,0.1639232988291193
14633,92011,56,55-59,M,5931,6821,12752,890,0.1500590119709998
20313,21054,54,50-54,F,6385,6368,12753,-17,-0.002662490211433
13543,44718,29,Under 35,F,5891,6862,12753,971,0.164827703276184
16575,77494,66,65-69,M,6195,6559,12754,364,0.0587570621468926
13851,90266,39,35-39,F,6266,6488,12754,222,0.0354293009894669
16414,43026,32,Under 35,F,6173,6581,12754,408,0.0660942815486797
21078,08852,48,45-49,F,6260,6494,12754,234,0.0373801916932907
15314,26330,63,60-64,M,6143,6611,12754,468,0.0761842747843073
19635,97828,50,50-54,F,6356,6399,12755,43,0.0067652611705475
6370,98513,57,55-59,M,5859,6896,12755,1037,0.1769926608636286
16963,92024,41,40-44,F,6204,6552,12756,348,0.0560928433268858
14279,53226,26,Under 35,F,5949,6807,12756,858,0.1442259203227433
5665,44147,41,40-44,M,5500,7257,12757,1757,0.3194545454545454
17911,94558,35,35-39,F,6146,6611,12757,465,0.0756589651806052
16939,72404,30,Under 35,F,6233,6524,12757,291,0.0466869886090165
24721,60025,40,40-44,M,6051,6707,12758,656,0.1084118327549165
10626,98040,52,50-54,M,5926,6833,12759,907,0.1530543368207897
12526,95123,50,50-54,M,5805,6954,12759,1149,0.1979328165374677
5785,80903,43,40-44,M,5531,7228,12759,1697,0.306816127282589
11398,29205,48,45-49,M,5794,6966,12760,1172,0.2022782188470832
12692,44140,38,35-39,F,6374,6386,12760,12,0.0018826482585503
14602,18914,18,Under 35,F,6013,6747,12760,734,0.1220688508232163
12544,78702,23,Under 35,F,5709,7052,12761,1343,0.2352425994044491
14511,30461,42,40-44,F,6132,6629,12761,497,0.0810502283105022
12822,66204,32,Under 35,F,5933,6828,12761,895,0.1508511714141243
17898,10989,49,45-49,F,6229,6532,12761,303,0.0486434419650024
18542,80109,47,45-49,F,6176,6585,12761,409,0.0662240932642487
18685,44622,42,40-44,F,6205,6557,12762,352,0.0567284448025785
7925,78132,64,60-64,M,6157,6605,12762,448,0.0727627091115803
12542,11249,35,35-39,F,6072,6690,12762,618,0.1017786561264822
7931,77382,51,50-54,F,6354,6408,12762,54,0.0084985835694051
11479,91016,46,45-49,M,6110,6652,12762,542,0.0887070376432078
18098,92057,37,35-39,F,6134,6628,12762,494,0.0805347244864688
3927,54913,21,Under 35,M,5325,7438,12763,2113,0.3968075117370892
7196,60610,49,45-49,M,5431,7332,12763,1901,0.3500276192229792
11443,97113,46,45-49,M,5826,6937,12763,1111,0.1906968760727772
14132,30606,44,40-44,F,5881,6883,12764,1002,0.170379187213059
12390,45242,52,50-54,M,6068,6696,12764,628,0.1034937376400791
12779,12586,62,60-64,M,5824,6940,12764,1116,0.1916208791208791
13720,07601,50,50-54,M,6133,6632,12765,499,0.081363117560737
17289,02840,57,55-59,M,6238,6527,12765,289,0.0463289515870471
12505,17112,32,Under 35,F,6130,6636,12766,506,0.0825448613376835
6980,21402,21,Under 35,M,5821,6946,12767,1125,0.1932657618965813
15607,02030,27,Under 35,F,6229,6538,12767,309,0.0496066784395569
2658,60544,31,Under 35,M,5433,7336,12769,1903,0.3502668875391128
19164,63301,52,50-54,F,5885,6886,12771,1001,0.1700934579439252
10326,41048,44,40-44,M,6000,6771,12771,771,0.1285
16748,43616,65,65-69,M,6097,6675,12772,578,0.0948007216663933
11113,06473,31,Under 35,F,6138,6634,12772,496,0.0808080808080808
7960,32708,48,45-49,F,6283,6489,12772,206,0.0327868852459016
15184,94117,26,Under 35,F,6158,6615,12773,457,0.0742124066255277
18952,07040,43,40-44,F,6274,6499,12773,225,0.0358622888109658
12028,19046,50,50-54,M,5946,6828,12774,882,0.148335015136226
13078,84088,46,45-49,F,6110,6664,12774,554,0.090671031096563
27881,02138,28,Under 35,M,6304,6472,12776,168,0.0266497461928934
18190,03031,39,35-39,F,6090,6686,12776,596,0.0978653530377668
15266,04240,44,40-44,F,5949,6828,12777,879,0.1477559253656076
9901,37922,38,35-39,F,5915,6863,12778,948,0.1602704987320372
9069,32746,55,55-59,M,5613,7165,12778,1552,0.2765009798681632
13878,91411,29,Under 35,F,6582,6196,12778,-386,-0.0586447888179884
9540,80004,31,Under 35,F,5728,7050,12778,1322,0.2307960893854748
7928,07028,49,45-49,F,6259,6520,12779,261,0.0416999520690206
12433,98026,53,50-54,M,5998,6781,12779,783,0.1305435145048349
14598,60618,29,Under 35,F,5920,6859,12779,939,0.1586148648648648
24375,02130,37,35-39,M,6503,6276,12779,-227,-0.034906966015685
7506,85297,45,45-49,M,6343,6437,12780,94,0.0148194860476115
16701,48187,56,55-59,M,6373,6407,12780,34,0.0053350070610387
16343,02459,56,55-59,M,5798,6982,12780,1184,0.2042083477061055
19856,12901,46,45-49,F,6278,6503,12781,225,0.0358394393118827
13198,35233,31,Under 35,F,5959,6822,12781,863,0.1448229568719583
17909,90057,39,35-39,F,5998,6783,12781,785,0.1308769589863287
18569,22207,41,40-44,F,6260,6522,12782,262,0.0418530351437699
13087,73013,53,50-54,M,6216,6566,12782,350,0.0563063063063063
9454,46074,54,50-54,M,5878,6905,12783,1027,0.1747192922762844
11334,90245,32,Under 35,F,6014,6769,12783,755,0.1255404057199867
10781,94109,51,50-54,M,6391,6393,12784,2,0.0003129400719762
15226,61874,33,Under 35,F,6115,6669,12784,554,0.090596892886345
28895,94105,29,Under 35,F,6365,6419,12784,54,0.008483896307934
17424,40206,39,35-39,F,6138,6647,12785,509,0.0829260345389377
18252,68526,41,40-44,F,6091,6694,12785,603,0.0989985224101132
17138,60586,38,35-39,F,5998,6787,12785,789,0.1315438479493164
14819,80108,60,60-64,F,6058,6729,12787,671,0.1107626279300099
16802,18901,50,50-54,F,6362,6425,12787,63,0.0099025463690663
13191,03801,64,60-64,F,5878,6909,12787,1031,0.1753997958489282
12597,98115,25,Under 35,F,5919,6869,12788,950,0.1605000844737286
16418,22307,32,Under 35,F,6304,6484,12788,180,0.0285532994923857
6410,89178,39,35-39,M,5498,7291,12789,1793,0.3261185885776646
16181,92591,51,50-54,F,6188,6601,12789,413,0.0667420814479638
9409,92101,45,45-49,M,5463,7326,12789,1863,0.3410214168039538
4126,33185,44,40-44,M,5499,7290,12789,1791,0.3256955810147299
19960,85712,60,60-64,M,6180,6609,12789,429,0.0694174757281553
29709,10128,49,45-49,F,6215,6575,12790,360,0.0579243765084473
5397,10128,41,40-44,M,5595,7195,12790,1600,0.2859696157283288
11871,91702,57,55-59,M,5756,7034,12790,1278,0.2220291869353718
13705,55046,64,60-64,M,6087,6704,12791,617,0.101363561688845
15167,48823,25,Under 35,F,6065,6726,12791,661,0.1089859851607584
18653,15217,53,50-54,F,6269,6522,12791,253,0.0403573137661509
11305,98133,46,45-49,M,5902,6889,12791,987,0.1672314469671298
19508,20735,64,60-64,M,6047,6745,12792,698,0.1154291384157433
7936,37745,58,55-59,M,6288,6504,12792,216,0.0343511450381679
24965,02124,32,Under 35,F,6168,6625,12793,457,0.0740920881971465
6131,41042,51,50-54,M,5523,7270,12793,1747,0.3163135976824189
14975,28036,57,55-59,F,6054,6740,12794,686,0.1133135117277832
14196,44221,43,40-44,F,5928,6866,12794,938,0.1582321187584345
18597,01985,50,50-54,F,6574,6221,12795,-353,-0.0536963796775174
19793,06488,57,55-59,F,6155,6641,12796,486,0.0789601949634443
12453,03042,46,45-49,F,5988,6808,12796,820,0.136940547762191
8499,98115,48,45-49,F,5522,7275,12797,1753,0.3174574429554509
14157,66106,36,35-39,F,5933,6864,12797,931,0.1569189280296646
19163,03051,38,35-39,F,6143,6654,12797,511,0.0831841119973954
25095,02114,28,Under 35,M,6167,6631,12798,464,0.0752391762607426
14318,80031,28,Under 35,F,5966,6833,12799,867,0.1453234998323835
21617,02645,46,45-49,F,6434,6366,12800,-68,-0.0105688529686042
12354,77381,39,35-39,F,5913,6887,12800,974,0.1647217994249957
17458,74133,43,40-44,F,6387,6414,12801,27,0.0042273367778299
13330,03823,46,45-49,F,6160,6641,12801,481,0.0780844155844155
9856,86406,47,45-49,M,6223,6579,12802,356,0.0572071348224329
11813,80027,60,60-64,M,6016,6786,12802,770,0.1279920212765957
13328,27614,54,50-54,M,6112,6690,12802,578,0.0945680628272251
11606,94002,57,55-59,M,5940,6862,12802,922,0.1552188552188552
18357,33903,60,60-64,M,5886,6917,12803,1031,0.1751613999320421
26510,60045,20,Under 35,M,6248,6556,12804,308,0.0492957746478873
9455,04107,45,45-49,M,5701,7103,12804,1402,0.2459217681108577
4791,02048,34,Under 35,M,5040,7764,12804,2724,0.5404761904761904
16144,95126,31,Under 35,F,6178,6626,12804,448,0.072515377144707
19639,01451,63,60-64,M,6051,6753,12804,702,0.1160138820029747
15094,02141,31,Under 35,F,5894,6910,12804,1016,0.172378690193417
25444,92118,29,Under 35,M,5387,7417,12804,2030,0.3768331167625766
7695,87120,41,40-44,M,5612,7193,12805,1581,0.2817177476835353
16135,78832,54,50-54,M,6071,6734,12805,663,0.1092077087794432
18562,20882,43,40-44,F,6325,6481,12806,156,0.0246640316205533
14130,96826,46,45-49,F,6279,6527,12806,248,0.039496735148909
14749,77080,45,45-49,F,6171,6635,12806,464,0.0751904067412088
17931,28403,39,35-39,F,6228,6579,12807,351,0.0563583815028901
20167,68130,46,45-49,F,6448,6359,12807,-89,-0.0138027295285359
27033,07738,35,35-39,F,6577,6230,12807,-347,-0.0527596168465865
14308,75093,57,55-59,M,5969,6838,12807,869,0.1455855252136036
17011,29666,47,45-49,F,6282,6526,12808,244,0.0388411333970073
9754,98052,48,45-49,M,5754,7054,12808,1300,0.2259297879735836
12158,32507,53,50-54,F,5991,6817,12808,826,0.1378734768819896
16377,02465,33,Under 35,F,6028,6780,12808,752,0.1247511612475116
16965,76116,39,35-39,F,6191,6617,12808,426,0.0688095622678081
7454,91343,42,40-44,M,5405,7404,12809,1999,0.3698427382053654
15406,02481,40,40-44,F,6117,6693,12810,576,0.0941638057871505
10328,87108,51,50-54,M,5852,6958,12810,1106,0.1889952153110047
29303,02113,26,Under 35,F,5868,6944,12812,1076,0.1833674164962508
8884,06880,45,45-49,M,5696,7116,12812,1420,0.2492977528089887
8788,34655,51,50-54,M,5855,6958,12813,1103,0.1883859948761742
4868,55746,39,35-39,M,5674,7139,12813,1465,0.2581952767007402
19866,02215,63,60-64,M,6089,6724,12813,635,0.104286418131056
5625,29631,35,35-39,M,5880,6933,12813,1053,0.1790816326530612
26144,07444,23,Under 35,M,6185,6628,12813,443,0.0716248989490703
14591,03801,47,45-49,F,6131,6682,12813,551,0.0898711466318708
10009,21152,27,Under 35,F,5752,7062,12814,1310,0.2277468706536856
8724,02186,38,35-39,M,5798,7016,12814,1218,0.2100724387719903
17988,29910,56,55-59,M,6089,6725,12814,636,0.1044506487107899
12519,56288,33,Under 35,F,6082,6732,12814,650,0.1068727392305162
13176,72211,34,Under 35,F,6575,6239,12814,-336,-0.0511026615969581
10757,72120,38,35-39,F,6575,6239,12814,-336,-0.0511026615969581
7947,33449,58,55-59,F,6291,6523,12814,232,0.0368780797965347
16586,64429,20,Under 35,F,6300,6515,12815,215,0.0341269841269841
17082,10065,37,35-39,F,6290,6525,12815,235,0.0373608903020667
9377,98105,49,45-49,M,5873,6942,12815,1069,0.1820194108632726
19175,98122,47,45-49,F,6218,6597,12815,379,0.0609520746220649
13111,94707,50,50-54,M,6083,6732,12815,649,0.1066907775768535
17693,37917,45,45-49,F,6231,6584,12815,353,0.0566522227571818
12685,38501,50,50-54,M,6035,6781,12816,746,0.1236122618061309
14974,49534,27,Under 35,F,6129,6687,12816,558,0.0910425844346549
17927,43551,40,40-44,F,6292,6525,12817,233,0.0370311506675143
16522,98033,55,55-59,M,5995,6822,12817,827,0.1379482902418682
16786,02467,43,40-44,F,6278,6539,12817,261,0.041573749601784
9177,48154,50,50-54,M,5640,7178,12818,1538,0.2726950354609929
14219,84105,31,Under 35,F,5885,6934,12819,1049,0.178249787595582
12221,02474,46,45-49,F,6033,6786,12819,753,0.1248135256091496
17607,53562,39,35-39,F,6345,6474,12819,129,0.0203309692671394
14779,11787,30,Under 35,F,5913,6907,12820,994,0.1681041772365973
10643,95409,55,55-59,M,5838,6982,12820,1144,0.1959575196985269
14145,60647,30,Under 35,F,5869,6951,12820,1082,0.1843584937808826
18396,52722,42,40-44,F,6257,6565,12822,308,0.0492248681476746
11115,10538,45,45-49,M,5931,6891,12822,960,0.1618614061709661
17841,27517,63,60-64,M,6270,6553,12823,283,0.0451355661881977
17979,44124,39,35-39,F,6036,6787,12823,751,0.1244201457919151
17675,11209,58,55-59,M,6080,6744,12824,664,0.1092105263157894
12396,27518,34,Under 35,F,5749,7075,12824,1326,0.2306488084884327
17174,84106,36,35-39,F,6195,6629,12824,434,0.0700564971751412
17476,19805,47,45-49,F,6068,6756,12824,688,0.1133816743572841
15189,46383,42,40-44,F,6138,6686,12824,548,0.0892798957315086
17776,59801,36,35-39,F,6486,6339,12825,-147,-0.0226641998149861
16357,45241,35,35-39,F,6244,6582,12826,338,0.0541319666880205
16571,06417,42,40-44,F,6273,6553,12826,280,0.0446357404750518
16288,73013,47,45-49,F,6312,6514,12826,202,0.0320025348542458
14133,80516,38,35-39,F,6310,6516,12826,206,0.0326465927099841
16462,33130,34,Under 35,F,6013,6813,12826,800,0.1330450690171295
14574,80210,27,Under 35,F,5979,6847,12826,868,0.1451747783910353
18492,10024,52,50-54,F,6427,6400,12827,-27,-0.0042010269176909
17505,45208,58,55-59,M,6086,6741,12827,655,0.1076240552086756
7891,84098,62,60-64,M,6117,6710,12827,593,0.0969429458885074
18342,63461,43,40-44,F,6165,6662,12827,497,0.0806163828061638
16563,23456,39,35-39,F,6348,6480,12828,132,0.0207939508506616
14016,19335,55,55-59,M,6022,6806,12828,784,0.1301893058784457
13561,02132,40,40-44,F,5989,6840,12829,851,0.1420938387042912
15076,03431,70,70-74,M,6125,6704,12829,579,0.0945306122448979
18970,73151,49,45-49,F,6310,6520,12830,210,0.0332805071315372
14971,02128,26,Under 35,F,5837,6993,12830,1156,0.1980469419222203
18168,98115,56,55-59,M,6148,6685,12833,537,0.087345478204294
9921,02176,29,Under 35,F,5625,7208,12833,1583,0.2814222222222222
7973,33138,53,50-54,F,6048,6786,12834,738,0.1220238095238095
10520,35242,51,50-54,M,5783,7051,12834,1268,0.2192633581186235
14162,94306,29,Under 35,F,5733,7101,12834,1368,0.23861852433281
13433,02474,50,50-54,M,5963,6872,12835,909,0.1524400469562301
16176,98332,35,35-39,F,6426,6409,12835,-17,-0.0026455026455026
12498,43065,39,35-39,F,5916,6919,12835,1003,0.1695402298850574
4228,55415,33,Under 35,M,5357,7478,12835,2121,0.3959305581482172
24323,02472,31,Under 35,M,6096,6740,12836,644,0.1056430446194225
4421,48854,20,Under 35,M,5511,7325,12836,1814,0.3291598620939938
16089,68116,43,40-44,F,6191,6645,12836,454,0.0733322565013729
16443,80218,31,Under 35,F,6272,6564,12836,292,0.0465561224489795
9920,02127,34,Under 35,F,5710,7127,12837,1417,0.2481611208406304
4561,02445,25,Under 35,M,5740,7097,12837,1357,0.2364111498257839
14213,01027,25,Under 35,F,5740,7097,12837,1357,0.2364111498257839
17478,92677,43,40-44,F,6179,6658,12837,479,0.0775206344068619
1439,02445,25,Under 35,M,5739,7098,12837,1359,0.236800836382645
8146,10069,33,Under 35,F,5660,7177,12837,1517,0.2680212014134275
18161,70810,41,40-44,F,6460,6378,12838,-82,-0.0126934984520123
16099,33704,46,45-49,F,6180,6658,12838,478,0.0773462783171521
29591,02339,31,Under 35,M,6240,6599,12839,359,0.0575320512820512
12805,21015,28,Under 35,F,6062,6777,12839,715,0.1179478719894424
16763,90403,68,65-69,F,6198,6641,12839,443,0.0714746692481445
12530,77054,29,Under 35,F,5964,6876,12840,912,0.1529175050301811
20479,85262,45,45-49,F,6235,6605,12840,370,0.0593424218123496
3786,60525,39,35-39,M,5468,7372,12840,1904,0.3482077542062911
24971,02493,24,Under 35,M,5646,7194,12840,1548,0.2741764080765143
14969,27455,64,60-64,M,5925,6915,12840,990,0.1670886075949367
9970,45373,58,55-59,M,6254,6586,12840,332,0.0530860249440358
18368,60510,43,40-44,F,6172,6669,12841,497,0.0805249513933895
15384,92882,34,Under 35,F,6162,6679,12841,517,0.0839013307367737
15109,10463,34,Under 35,F,6066,6776,12842,710,0.1170458292120013
15709,32168,66,65-69,M,6266,6576,12842,310,0.0494733482285349
20234,60120,68,65-69,M,6257,6585,12842,328,0.0524212881572638
11349,84109,22,Under 35,F,6246,6596,12842,350,0.0560358629522894
26271,02125,30,Under 35,M,6197,6646,12843,449,0.0724544134258512
14249,77479,40,40-44,F,6067,6777,12844,710,0.1170265370034613
27795,01746,25,Under 35,M,6219,6625,12844,406,0.0652838076861231
14665,11720,55,55-59,M,6230,6614,12844,384,0.061637239165329
29390,01468,37,35-39,M,6259,6586,12845,327,0.0522447675347499
11799,10026,49,45-49,M,5937,6908,12845,971,0.1635506147886137
11952,71201,41,40-44,F,5676,7169,12845,1493,0.2630373502466526
11632,84041,31,Under 35,F,6147,6698,12845,551,0.0896372214088173
17021,07751,55,55-59,M,5979,6867,12846,888,0.1485198193677872
14621,11231,27,Under 35,F,5829,7017,12846,1188,0.2038085434894493
19840,99320,45,45-49,F,6265,6581,12846,316,0.050438946528332
12098,49506,36,35-39,F,6090,6758,12848,668,0.109688013136289
8423,27705,44,40-44,M,5460,7388,12848,1928,0.3531135531135531
24067,10016,27,Under 35,F,6107,6741,12848,634,0.103815293925004
13155,15825,46,45-49,F,6146,6702,12848,556,0.0904653433127237
5105,63110,31,Under 35,F,6211,6638,12849,427,0.0687489937208179
11593,94127,46,45-49,M,5799,7051,12850,1252,0.2158992929815485
17124,37064,57,55-59,F,6265,6585,12850,320,0.0510774142059058
18298,95709,55,55-59,M,6180,6670,12850,490,0.0792880258899676
14632,92024,36,35-39,F,6277,6573,12850,296,0.0471562848494503
16198,37209,32,Under 35,F,5658,7192,12850,1534,0.2711205372923294
18670,90016,43,40-44,F,6316,6534,12850,218,0.0345155161494616
14844,10014,26,Under 35,F,5738,7113,12851,1375,0.2396305332868595
16684,84310,35,35-39,F,6039,6812,12851,773,0.1280013247226362
11231,17019,51,50-54,M,5947,6904,12851,957,0.1609214730116024
14528,46075,46,45-49,F,5991,6860,12851,869,0.1450509096978801
13819,92627,31,Under 35,F,6113,6739,12852,626,0.1024047112710616
14462,46350,39,35-39,F,6078,6774,12852,696,0.1145113524185587
10736,02472,47,45-49,F,6234,6618,12852,384,0.0615976900866217
18031,75078,35,35-39,F,6231,6622,12853,391,0.062750762317445
13212,03087,41,40-44,F,5912,6941,12853,1029,0.1740527740189445
19215,28210,42,40-44,F,6286,6567,12853,281,0.0447025135221126
11609,91307,53,50-54,M,5847,7006,12853,1159,0.198221310073542
9438,06524,45,45-49,M,5870,6983,12853,1113,0.1896081771720613
13170,19053,50,50-54,M,5752,7102,12854,1350,0.2347009735744089
3445,03104,28,Under 35,F,5594,7262,12856,1668,0.2981766178047908
10864,07039,27,Under 35,F,5902,6954,12856,1052,0.1782446628261606
11178,98006,58,55-59,M,5895,6961,12856,1066,0.1808312128922816
13693,91107,37,35-39,F,6186,6670,12856,484,0.0782411897833818
11338,49442,55,55-59,M,5818,7039,12857,1221,0.2098659333104159
5353,12118,57,55-59,M,5882,6976,12858,1094,0.1859911594695681
6445,89118,36,35-39,M,6185,6673,12858,488,0.0789005658852061
10590,97408,47,45-49,M,6043,6816,12859,773,0.127916597716366
13434,10023,53,50-54,F,6247,6614,12861,367,0.058748199135585
11055,92688,33,Under 35,F,5941,6920,12861,979,0.1647870728833529
10278,02141,36,35-39,F,5724,7137,12861,1413,0.2468553459119497
7999,46032,41,40-44,F,6290,6571,12861,281,0.0446740858505564
12691,77018,43,40-44,F,6016,6846,12862,830,0.1379654255319149
13300,82301,46,45-49,F,6368,6494,12862,126,0.019786432160804
13085,10003,29,Under 35,F,5919,6943,12862,1024,0.1730021963169454
11620,84003,25,Under 35,F,5698,7164,12862,1466,0.2572832572832573
11523,28226,51,50-54,M,6031,6832,12863,801,0.1328137953904825
19101,16345,42,40-44,F,6178,6685,12863,507,0.0820653933311751
16884,09009,51,50-54,F,6093,6771,12864,678,0.1112752338749384
21525,78747,46,45-49,F,6221,6643,12864,422,0.0678347532551036
14743,10069,28,Under 35,F,5952,6912,12864,960,0.1612903225806451
14174,57702,36,35-39,F,6621,6244,12865,-377,-0.0569400392689926
12746,80304,53,50-54,M,5788,7077,12865,1289,0.2227021423635107
18469,15136,43,40-44,F,5952,6913,12865,961,0.1614583333333333
17032,55408,56,55-59,M,6303,6563,12866,260,0.0412501983182611
13494,80403,35,35-39,F,6059,6807,12866,748,0.1234527149694669
24158,02129,31,Under 35,F,6145,6721,12866,576,0.0937347436940602
13741,49341,43,40-44,F,5991,6876,12867,885,0.1477215823735603
8516,10024,50,50-54,M,5672,7195,12867,1523,0.2685119887165021
17575,10022,36,35-39,F,6337,6530,12867,193,0.0304560517595076
16012,95125,28,Under 35,F,5975,6892,12867,917,0.1534728033472803
27054,98026,41,40-44,M,5150,7717,12867,2567,0.4984466019417475
2336,94122,27,Under 35,M,5574,7294,12868,1720,0.3085755292429135
18462,19460,45,45-49,F,6216,6652,12868,436,0.0701415701415701
12848,30904,23,Under 35,F,5878,6990,12868,1112,0.1891799931949642
13871,63367,57,55-59,M,6353,6515,12868,162,0.025499763891075
12630,97224,33,Under 35,F,5757,7111,12868,1354,0.2351919402466562
11867,95405,46,45-49,M,6126,6743,12869,617,0.1007182500816193
11701,01890,54,50-54,M,6017,6853,12870,836,0.1389396709323583
18124,14450,46,45-49,F,6108,6763,12871,655,0.1072364112639161
18170,02332,32,Under 35,F,6404,6467,12871,63,0.009837601499063
12251,22307,39,35-39,F,5758,7114,12872,1356,0.2354984369572768
12129,84780,60,60-64,F,5756,7116,12872,1360,0.2362751911049339
5784,23229,41,40-44,M,5899,6973,12872,1074,0.1820647567384302
12351,99224,53,50-54,M,5900,6972,12872,1072,0.1816949152542372
18028,11201,38,35-39,F,6135,6737,12872,602,0.0981255093724531
14397,73122,35,35-39,F,6073,6800,12873,727,0.1197101926560184
14764,37069,51,50-54,F,6257,6616,12873,359,0.0573757391721272
26665,01890,26,Under 35,M,6370,6504,12874,134,0.0210361067503924
8962,55902,65,65-69,F,6004,6870,12874,866,0.1442371752165223
13381,19805,41,40-44,F,6111,6764,12875,653,0.1068564882997872
16603,49684,40,40-44,F,6254,6621,12875,367,0.0586824432363287
18335,80212,39,35-39,F,6273,6602,12875,329,0.0524469950581858
13137,48168,36,35-39,F,6094,6781,12875,687,0.1127338365605513
15095,10023,34,Under 35,F,6052,6823,12875,771,0.1273959021810971
11104,02135,25,Under 35,F,5725,7150,12875,1425,0.2489082969432314
19600,66214,66,65-69,M,6207,6669,12876,462,0.0744320927984533
16617,18505,56,55-59,M,6272,6605,12877,333,0.0530931122448979
15838,37205,56,55-59,F,6155,6723,12878,568,0.0922826969943135
18382,02155,41,40-44,F,6175,6703,12878,528,0.0855060728744939
4781,78613,20,Under 35,M,5565,7314,12879,1749,0.3142857142857143
9566,98116,26,Under 35,F,6211,6668,12879,457,0.07357913379488
16000,75033,46,45-49,F,5956,6923,12879,967,0.162357286769644
13660,44236,61,60-64,M,6116,6763,12879,647,0.105788096795291
20244,02138,46,45-49,F,6482,6398,12880,-84,-0.0129589632829373
13862,12433,50,50-54,M,6387,6493,12880,106,0.0165962110537028
8352,46236,52,50-54,M,6007,6874,12881,867,0.1443316131180289
12565,61764,50,50-54,M,5825,7057,12882,1232,0.2115021459227467
14568,96797,29,Under 35,F,6143,6739,12882,596,0.0970209995116392
17621,77019,49,45-49,F,6108,6774,12882,666,0.1090373280943025
18600,45040,44,40-44,F,6263,6619,12882,356,0.0568417691202299
9832,80304,50,50-54,M,5739,7144,12883,1405,0.2448161700644711
19126,27608,40,40-44,F,6074,6809,12883,735,0.1210075732630885
10352,83823,52,50-54,M,6295,6588,12883,293,0.0465448768864177
19871,11231,48,45-49,F,6328,6556,12884,228,0.0360303413400758
20364,84009,46,45-49,F,6225,6659,12884,434,0.069718875502008
11234,84020,46,45-49,M,6424,6460,12884,36,0.0056039850560398
16813,72756,39,35-39,F,6428,6456,12884,28,0.0043559427504667
7663,55330,44,40-44,M,6077,6807,12884,730,0.1201250617080796
6369,02215,25,Under 35,M,5224,7660,12884,2436,0.4663093415007657
14954,44685,47,45-49,F,6276,6609,12885,333,0.0530592734225621
20160,02481,64,60-64,M,6287,6598,12885,311,0.0494671544456815
29115,59718,35,35-39,M,6154,6731,12885,577,0.0937601559961001
3241,28278,32,Under 35,M,5485,7401,12886,1916,0.3493163172288058
13718,60201,28,Under 35,F,5803,7083,12886,1280,0.2205755643632604
10275,49546,49,45-49,M,5787,7099,12886,1312,0.2267150509763262
4529,94040,29,Under 35,M,5279,7608,12887,2329,0.4411820420534192
11829,11355,48,45-49,M,5788,7100,12888,1312,0.2266758811333794
15232,02025,33,Under 35,F,6172,6716,12888,544,0.0881399870382372
3836,06511,21,Under 35,M,4960,7929,12889,2969,0.5985887096774194
11345,60181,45,45-49,M,5492,7397,12889,1905,0.3468681718863802
14888,60657,30,Under 35,F,6237,6653,12890,416,0.0666987333654
18519,45429,45,45-49,F,6117,6773,12890,656,0.107242112146477
14597,92123,55,55-59,M,5933,6957,12890,1024,0.1725939659531434
8742,97333,43,40-44,M,5717,7173,12890,1456,0.2546790274619556
10404,84041,41,40-44,F,6260,6631,12891,371,0.0592651757188498
17184,60137,35,35-39,F,5814,7077,12891,1263,0.217234262125903
16520,49546,58,55-59,M,6142,6749,12891,607,0.0988277434060566
16298,89511,65,65-69,M,6025,6866,12891,841,0.1395850622406639
15301,19146,25,Under 35,F,6077,6815,12892,738,0.1214415007404969
16466,44145,36,35-39,F,6197,6695,12892,498,0.0803614652251089
17265,34110,38,35-39,F,6173,6719,12892,546,0.0884497003077919
10019,94555,57,55-59,M,6170,6723,12893,553,0.0896272285251215
9831,21220,47,45-49,M,5698,7195,12893,1497,0.2627237627237627
12570,48382,58,55-59,M,6184,6710,12894,526,0.085058214747736
16599,60045,48,45-49,F,6423,6471,12894,48,0.0074731433909388
29159,02124,42,40-44,M,6280,6614,12894,334,0.0531847133757961
14766,53590,35,35-39,F,5945,6950,12895,1005,0.169049621530698
19698,80525,48,45-49,F,6211,6684,12895,473,0.0761552085010465
3331,32225,55,55-59,M,6026,6869,12895,843,0.1398937935612346
16421,18641,64,60-64,M,5982,6913,12895,931,0.1556335673687729
18038,70806,43,40-44,F,6223,6673,12896,450,0.0723123895227382
15344,74037,60,60-64,M,6036,6860,12896,824,0.1365142478462558
12607,32223,45,45-49,F,6026,6870,12896,844,0.1400597411218055
15404,30312,32,Under 35,F,6016,6881,12897,865,0.143783244680851
15317,60613,34,Under 35,F,6320,6577,12897,257,0.0406645569620253
13613,55441,58,55-59,M,6601,6297,12898,-304,-0.0460536282381457
27858,01810,39,35-39,F,6222,6676,12898,454,0.0729668916747026
7922,78701,40,40-44,F,6271,6627,12898,356,0.0567692553021846
14972,05301,28,Under 35,F,6175,6723,12898,548,0.088744939271255
9458,21128,60,60-64,M,6061,6837,12898,776,0.1280316779409338
13754,06461,38,35-39,M,5538,7360,12898,1822,0.3289996388587938
18749,15228,40,40-44,F,6178,6721,12899,543,0.0878925218517319
13277,05495,50,50-54,M,5900,6999,12899,1099,0.1862711864406779
9462,60622,27,Under 35,F,5920,6980,12900,1060,0.179054054054054
14950,24450,39,35-39,F,6307,6593,12900,286,0.0453464404629776
27555,01835,46,45-49,M,6168,6733,12901,565,0.0916018158236057
17736,77478,37,35-39,F,6263,6638,12901,375,0.059875459045186
11404,14075,47,45-49,M,6344,6557,12901,213,0.0335750315258512
7004,60089,36,35-39,M,6102,6799,12901,697,0.1142248443133398
12890,34957,36,35-39,F,6129,6772,12901,643,0.1049110784793604
27275,07438,22,Under 35,M,6435,6467,12902,32,0.0049728049728049
5031,93720,38,35-39,M,5476,7427,12903,1951,0.356281957633309
14833,28457,64,60-64,M,6229,6674,12903,445,0.0714400385294589
15111,77479,21,Under 35,F,5922,6981,12903,1059,0.1788247213779128
18442,80126,41,40-44,F,6270,6633,12903,363,0.0578947368421052
10530,45212,27,Under 35,F,5602,7302,12904,1700,0.3034630489111031
16767,27278,39,35-39,F,6069,6836,12905,767,0.1263799637502059
18188,14564,37,35-39,F,6215,6692,12907,477,0.0767497988736926
7388,07928,50,50-54,M,5574,7333,12907,1759,0.3155722999641191
20142,90280,51,50-54,F,6142,6765,12907,623,0.101432758059264
2212,28412,47,45-49,M,5253,7654,12907,2401,0.4570721492480487
4324,01960,28,Under 35,F,5542,7366,12908,1824,0.3291230602670516
9407,03875,30,Under 35,F,5748,7160,12908,1412,0.2456506610995128
26424,02113,27,Under 35,M,6282,6626,12908,344,0.0547596306908627
14626,08106,55,55-59,M,6022,6887,12909,865,0.1436399867153769
15395,30134,52,50-54,M,5938,6972,12910,1034,0.1741327046143482
18620,92130,51,50-54,F,6284,6626,12910,342,0.0544239338001273
22213,06498,53,50-54,F,6343,6568,12911,225,0.035472174050134
15032,92129,57,55-59,F,6233,6678,12911,445,0.0713941922027916
18391,81632,43,40-44,F,6062,6851,12913,789,0.1301550643352029
12845,98027,56,55-59,M,6012,6901,12913,889,0.1478709248170326
7133,11105,35,35-39,M,5529,7384,12913,1855,0.3355037077229155
17270,19067,59,55-59,F,6210,6704,12914,494,0.079549114331723
18006,07417,42,40-44,F,6093,6822,12915,729,0.1196454948301329
19743,92127,61,60-64,F,6441,6474,12915,33,0.0051234280391243
10680,21030,45,45-49,M,5815,7101,12916,1286,0.221152192605331
16224,22308,39,35-39,F,6153,6763,12916,610,0.0991386315618397
18677,76226,62,60-64,M,5999,6917,12916,918,0.1530255042507084
13952,75165,28,Under 35,F,6135,6781,12916,646,0.1052974735126324
13510,95124,52,50-54,M,5856,7061,12917,1205,0.2057718579234972
17795,90241,40,40-44,F,6277,6640,12917,363,0.0578301736498327
10379,16046,31,Under 35,F,5567,7350,12917,1783,0.3202802227411532
6013,10023,36,35-39,M,5752,7165,12917,1413,0.2456536856745479
15017,35117,40,40-44,F,6067,6850,12917,783,0.1290588429207186
28720,02116,28,Under 35,M,6041,6877,12918,836,0.1383876841582519
17139,20002,26,Under 35,F,6204,6714,12918,510,0.0822050290135396
12840,04605,23,Under 35,F,6139,6779,12918,640,0.1042515067600586
18378,43023,52,50-54,F,6287,6631,12918,344,0.0547160808016542
6591,84310,40,40-44,M,6320,6599,12919,279,0.0441455696202531
15485,18954,43,40-44,F,5949,6970,12919,1021,0.1716254832744999
13783,60516,50,50-54,M,5948,6971,12919,1023,0.1719905850706119
8869,19083,44,40-44,M,6141,6779,12920,638,0.1038918742875753
18147,60657,36,35-39,F,6270,6651,12921,381,0.0607655502392344
18839,94123,47,45-49,F,6370,6551,12921,181,0.0284144427001569
13687,03905,25,Under 35,F,5868,7053,12921,1185,0.2019427402862985
13706,28412,44,40-44,F,6111,6810,12921,699,0.1143838978890525
13408,02140,24,Under 35,F,6053,6868,12921,815,0.1346439781926317
15275,60083,43,40-44,F,6279,6642,12921,363,0.0578117534639273
13374,10011,28,Under 35,F,6069,6853,12922,784,0.1291810841983852
13259,60542,43,40-44,F,6246,6676,12922,430,0.068844060198527
28143,97408,35,35-39,M,6133,6789,12922,656,0.1069623349095059
13419,72227,56,55-59,M,6082,6841,12923,759,0.1247944755014797
16217,40509,26,Under 35,F,5940,6983,12923,1043,0.1755892255892256
3761,06002,36,35-39,M,5392,7531,12923,2139,0.3966988130563798
8712,95129,51,50-54,M,5860,7063,12923,1203,0.2052901023890785
5966,19128,51,50-54,M,5689,7235,12924,1546,0.2717525048338899
17251,64086,41,40-44,F,6189,6737,12926,548,0.0885441913071578
15701,34119,63,60-64,M,5981,6946,12927,965,0.1613442568132419
18114,19066,50,50-54,F,6214,6714,12928,500,0.0804634695848085
16728,75093,38,35-39,F,5776,7152,12928,1376,0.2382271468144044
11073,11104,46,45-49,M,5625,7304,12929,1679,0.2984888888888889
6874,14456,35,35-39,M,5699,7230,12929,1531,0.2686436216880154
29093,02446,38,35-39,M,6063,6866,12929,803,0.1324426851393699
12879,70808,24,Under 35,F,6004,6926,12930,922,0.1535642904730179
17436,39204,57,55-59,M,6361,6569,12930,208,0.032699261122465
11159,02459,51,50-54,M,6389,6541,12930,152,0.023790890593207
12588,53217,32,Under 35,F,6172,6758,12930,586,0.0949449125081011
4556,91342,38,35-39,M,5500,7430,12930,1930,0.3509090909090909
29063,02021,30,Under 35,M,5627,7303,12930,1676,0.2978496534565488
25463,02481,26,Under 35,M,6009,6922,12931,913,0.1519387585288733
2502,20910,27,Under 35,M,5344,7588,12932,2244,0.4199101796407186
4399,95123,46,45-49,M,6052,6880,12932,828,0.1368142762723066
16578,84037,40,40-44,F,6121,6811,12932,690,0.1127266786472798
19005,79602,63,60-64,M,6313,6620,12933,307,0.0486298115000792
11217,19446,47,45-49,M,5629,7304,12933,1675,0.2975661751643276
13767,06484,50,50-54,M,5952,6981,12933,1029,0.172883064516129
17168,91030,46,45-49,F,6113,6820,12933,707,0.1156551611320137
13513,86001,40,40-44,F,6122,6812,12934,690,0.1127082652727866
8221,60563,51,50-54,M,5860,7074,12934,1214,0.2071672354948805
12773,07630,45,45-49,M,6012,6923,12935,911,0.1515302727877578
16238,55424,22,Under 35,F,6089,6847,12936,758,0.1244867794383314
9510,11231,47,45-49,M,5819,7118,12937,1299,0.2232342326860285
19874,33131,46,45-49,F,6253,6685,12938,432,0.0690868383176075
7909,60521,41,40-44,F,6028,6910,12938,882,0.1463171864631718
4721,55446,32,Under 35,F,6219,6719,12938,500,0.0803987779385753
15455,63119,34,Under 35,F,6592,6346,12938,-246,-0.0373179611650485
17936,02155,36,35-39,F,6127,6812,12939,685,0.1118002284968173
16379,97201,28,Under 35,F,6075,6864,12939,789,0.1298765432098765
13027,53024,36,35-39,F,5962,6977,12939,1015,0.1702448842670245
3926,98102,35,35-39,M,5454,7486,12940,2032,0.3725705903923725
17759,02130,37,35-39,F,6210,6730,12940,520,0.0837359098228663
16337,32817,33,Under 35,F,6121,6819,12940,698,0.1140336546315961
26228,02155,35,35-39,M,5718,7222,12940,1504,0.2630290311297656
18524,23435,41,40-44,F,6196,6744,12940,548,0.0884441575209812
12512,60514,61,60-64,M,6029,6912,12941,883,0.1464587825510034
30290,10010,34,Under 35,M,5984,6957,12941,973,0.1626002673796791
5564,11201,39,35-39,M,5953,6989,12942,1036,0.1740299008903074
17000,48864,50,50-54,F,6433,6509,12942,76,0.0118140836312762
8602,10029,40,40-44,M,5420,7522,12942,2102,0.3878228782287823
9001,30004,44,40-44,F,5925,7017,12942,1092,0.1843037974683544
15366,43560,26,Under 35,F,5869,7073,12942,1204,0.205145680695178
14873,91006,57,55-59,M,6187,6756,12943,569,0.091967027638597
11837,53202,22,Under 35,F,6124,6820,12944,696,0.1136512083605486
528,20016,28,Under 35,M,5638,7306,12944,1668,0.2958495920539198
9419,60062,61,60-64,M,5700,7244,12944,1544,0.2708771929824561
17879,20175,42,40-44,F,6217,6727,12944,510,0.0820331349525494
15177,60614,29,Under 35,F,6293,6651,12944,358,0.0568886063880502
8405,60074,47,45-49,M,5493,7451,12944,1958,0.3564536683051156
11531,46307,48,45-49,M,6206,6739,12945,533,0.0858846277795681
17113,11218,50,50-54,F,6177,6768,12945,591,0.095677513355998
17609,14042,64,60-64,M,6295,6650,12945,355,0.0563939634630659
14303,13328,48,45-49,F,6228,6717,12945,489,0.0785163776493256
19527,27104,45,45-49,F,6507,6439,12946,-68,-0.0104502843092054
19315,95630,42,40-44,F,6411,6535,12946,124,0.0193417563562626
17387,76109,61,60-64,M,6256,6690,12946,434,0.0693734015345268
19483,49855,62,60-64,M,6393,6554,12947,161,0.0251837947755357
18102,01852,50,50-54,F,6324,6624,12948,300,0.0474383301707779
14948,13073,44,40-44,F,6063,6886,12949,823,0.1357413821540491
7826,17402,51,50-54,M,5765,7184,12949,1419,0.2461405030355594
12259,19148,30,Under 35,F,5932,7018,12950,1086,0.1830748482805125
18785,78728,42,40-44,F,6337,6615,12952,278,0.0438693388038504
5566,37207,29,Under 35,F,5614,7338,12952,1724,0.3070894193088707
20832,43560,45,45-49,F,6262,6690,12952,428,0.068348770360907
8945,84037,43,40-44,M,6012,6940,12952,928,0.1543579507651364
25837,90254,28,Under 35,F,6230,6723,12953,493,0.0791332263242375
16969,68118,61,60-64,M,6321,6632,12953,311,0.0492010757791488
14378,22714,32,Under 35,F,5957,6996,12953,1039,0.1744166526775222
10363,04105,50,50-54,M,6033,6920,12953,887,0.1470246974970993
10733,02760,47,45-49,M,5776,7178,12954,1402,0.2427285318559556
6436,16046,52,50-54,M,5474,7480,12954,2006,0.3664596273291925
10347,33408,50,50-54,M,5691,7264,12955,1573,0.2764013354419258
17039,15237,39,35-39,F,6280,6675,12955,395,0.0628980891719745
17746,80230,42,40-44,F,6193,6762,12955,569,0.0918779266914258
11616,83617,54,50-54,M,6147,6808,12955,661,0.1075321294940621
14592,45373,34,Under 35,F,6253,6703,12956,450,0.0719654565808411
26128,19380,49,45-49,M,6264,6692,12956,428,0.0683269476372924
14366,53045,55,55-59,M,6023,6933,12956,910,0.1510874979246222
14394,84106,26,Under 35,F,6529,6428,12957,-101,-0.0154694440189921
8475,84606,43,40-44,M,6426,6531,12957,105,0.0163398692810457
13511,94960,50,50-54,F,5831,7126,12957,1295,0.2220888355342136
11333,66205,26,Under 35,F,5925,7032,12957,1107,0.1868354430379747
24553,02180,19,Under 35,M,5275,7682,12957,2407,0.456303317535545
21623,19438,71,70-74,M,6256,6701,12957,445,0.0711317135549872
15375,23139,38,35-39,F,6286,6672,12958,386,0.0614062997136493
21349,50111,61,60-64,M,6439,6521,12960,82,0.0127348967230936
16197,02128,35,35-39,F,5921,7039,12960,1118,0.1888194561729437
14526,13152,36,35-39,F,6423,6537,12960,114,0.0177487155534796
19712,92108,60,60-64,M,6132,6828,12960,696,0.1135029354207436
12440,72903,55,55-59,M,6297,6664,12961,367,0.0582817214546609
12679,90272,53,50-54,F,5953,7008,12961,1055,0.1772215689568285
12217,38119,46,45-49,F,6145,6816,12961,671,0.1091944670463791
10805,01982,33,Under 35,F,5898,7063,12961,1165,0.1975245846049508
15411,01982,25,Under 35,F,5903,7060,12963,1157,0.1960020328646451
18567,94610,60,60-64,M,6459,6504,12963,45,0.006967022758941
19720,19038,45,45-49,F,6272,6691,12963,419,0.0668048469387755
18257,20176,55,55-59,M,6084,6880,12964,796,0.1308349769888231
9237,10014,22,Under 35,F,5491,7474,12965,1983,0.3611364050264068
17601,85050,43,40-44,F,6307,6658,12965,351,0.0556524496591089
15191,55104,28,Under 35,F,6095,6870,12965,775,0.1271534044298605
19010,29631,47,45-49,F,6320,6646,12966,326,0.0515822784810126
21808,93101,62,60-64,M,6354,6612,12966,258,0.040604343720491
9097,32968,51,50-54,M,5995,6971,12966,976,0.1628023352793995
8491,12106,44,40-44,M,5771,7196,12967,1425,0.2469242765551897
17319,78681,46,45-49,F,6235,6732,12967,497,0.0797113071371291
18126,59718,43,40-44,F,6180,6788,12968,608,0.0983818770226537
19112,32832,48,45-49,F,6259,6709,12968,450,0.0718964690845183
16503,19083,60,60-64,M,6056,6912,12968,856,0.1413474240422721
11194,84660,35,35-39,F,5812,7156,12968,1344,0.2312456985547143
18207,02114,39,35-39,F,6062,6906,12968,844,0.13922797756516
3828,49090,30,Under 35,M,6071,6897,12968,826,0.1360566628232581
12350,02129,28,Under 35,F,6012,6956,12968,944,0.1570192947438456
18802,95120,55,55-59,F,6265,6704,12969,439,0.070071827613727
25927,07006,53,50-54,M,6415,6555,12970,140,0.0218238503507404
20236,83301,67,65-69,M,6286,6684,12970,398,0.063315303849825
21275,40217,48,45-49,F,6369,6602,12971,233,0.0365834510912231
17535,95247,74,70-74,M,6156,6815,12971,659,0.1070500324886289
16032,35226,45,45-49,F,6026,6945,12971,919,0.1525058081646199
9653,05353,55,55-59,M,5620,7351,12971,1731,0.3080071174377224
21664,34231,51,50-54,F,6298,6675,12973,377,0.0598602731025722
13375,38122,34,Under 35,F,6011,6962,12973,951,0.1582099484278822
7707,01810,32,Under 35,M,6295,6678,12973,383,0.0608419380460683
18297,85213,42,40-44,F,6202,6772,12974,570,0.09190583682683
18631,97140,40,40-44,F,6253,6721,12974,468,0.0748440748440748
15401,54814,42,40-44,F,6184,6790,12974,606,0.0979948253557567
10099,22042,48,45-49,M,5886,7089,12975,1203,0.2043832823649337
19314,80550,43,40-44,F,6264,6711,12975,447,0.0713601532567049
19697,77494,53,50-54,F,6336,6639,12975,303,0.0478219696969696
16399,28203,31,Under 35,F,6275,6700,12975,425,0.0677290836653386
15306,55105,25,Under 35,F,6012,6963,12975,951,0.1581836327345309
14565,44202,55,55-59,M,6265,6710,12975,445,0.0710295291300878
13032,48642,40,40-44,F,6026,6949,12975,923,0.1531695984069034
16189,94595,37,35-39,F,6156,6820,12976,664,0.1078622482131254
17677,11105,35,35-39,F,6471,6506,12977,35,0.005408746716118
8944,22101,49,45-49,M,5890,7087,12977,1197,0.2032258064516129
16737,02115,61,60-64,M,5910,7068,12978,1158,0.1959390862944162
18558,48813,42,40-44,F,6184,6794,12978,610,0.0986416558861578
5255,71105,35,35-39,M,5287,7691,12978,2404,0.4547002080574995
13380,10033,43,40-44,F,6212,6767,12979,555,0.089343206696716
9610,07030,31,Under 35,F,5944,7035,12979,1091,0.1835464333781965
18794,14845,47,45-49,F,6443,6536,12979,93,0.0144342697501164
11235,48080,48,45-49,F,6106,6874,12980,768,0.1257779233540779
14081,91354,22,Under 35,F,6413,6568,12981,155,0.0241696553874941
6513,44141,35,35-39,M,5632,7350,12982,1718,0.3050426136363636
30560,37206,43,40-44,M,5999,6983,12982,984,0.1640273378896482
4612,43206,30,Under 35,M,5565,7417,12982,1852,0.3327942497753818
14280,99502,34,Under 35,F,5965,7017,12982,1052,0.1763621123218776
12193,43606,51,50-54,M,5969,7014,12983,1045,0.1750712012062322
13041,44107,51,50-54,M,6280,6704,12984,424,0.0675159235668789
18311,43021,35,35-39,F,6337,6647,12984,310,0.0489190468676029
16714,91364,31,Under 35,F,6391,6594,12985,203,0.0317634173055859
15274,92311,62,60-64,M,6332,6653,12985,321,0.0506948831332912
9309,10031,46,45-49,M,5991,6994,12985,1003,0.1674177933567017
27361,01742,18,Under 35,M,6177,6809,12986,632,0.1023150396632669
17180,42301,35,35-39,F,6069,6917,12986,848,0.1397264788268248
16833,60067,59,55-59,M,6173,6813,12986,640,0.1036773043900858
10745,55901,37,35-39,F,6048,6938,12986,890,0.1471560846560846
19865,47250,45,45-49,F,6364,6623,12987,259,0.0406976744186046
17060,48067,45,45-49,F,6493,6494,12987,1,0.000154012012937
19507,02852,46,45-49,F,6393,6595,12988,202,0.0315970592835914
7949,77024,47,45-49,F,6135,6853,12988,718,0.1170334148329258
14153,43054,46,45-49,F,6027,6961,12988,934,0.1549693047950887
11894,06854,28,Under 35,F,5854,7134,12988,1280,0.2186539118551418
11005,02118,29,Under 35,F,5755,7234,12989,1479,0.2569939183318853
3728,78251,35,35-39,M,4781,8208,12989,3427,0.7167956494457226
14200,77007,29,Under 35,F,6109,6880,12989,771,0.1262072352267146
20130,58504,52,50-54,F,6368,6622,12990,254,0.0398869346733668
9441,30309,48,45-49,M,5505,7485,12990,1980,0.3596730245231607
18739,40391,63,60-64,M,6139,6851,12990,712,0.1159798012705652
13450,98110,53,50-54,M,5979,7011,12990,1032,0.1726041144004014
16659,63368,49,45-49,F,6507,6484,12991,-23,-0.0035346549869371
17671,98126,47,45-49,F,6232,6760,12992,528,0.0847240051347881
28317,90029,30,Under 35,M,6230,6762,12992,532,0.0853932584269663
5471,84790,55,55-59,M,6063,6929,12992,866,0.1428335807356094
15574,02021,38,35-39,M,6130,6863,12993,733,0.1195758564437194
14717,63021,30,Under 35,F,5921,7072,12993,1151,0.1943928390474582
13092,11215,26,Under 35,F,5956,7038,12994,1082,0.1816655473472129
18395,33064,49,45-49,F,6232,6762,12994,530,0.0850449293966623
17256,27101,42,40-44,F,6273,6722,12995,449,0.0715765981189223
12574,84604,50,50-54,M,5989,7006,12995,1017,0.1698113207547169
18589,92009,61,60-64,M,6343,6652,12995,309,0.0487151190288507
4103,42020,22,Under 35,M,5350,7645,12995,2295,0.4289719626168224
19658,06897,46,45-49,F,6299,6696,12995,397,0.0630258771233529
14658,06840,34,Under 35,F,5954,7041,12995,1087,0.1825663419549882
8363,84604,47,45-49,F,6274,6722,12996,448,0.0714058017213898
16934,95129,52,50-54,F,6451,6545,12996,94,0.0145713842815067
17247,11373,57,55-59,M,6368,6628,12996,260,0.0408291457286432
6945,43081,51,50-54,M,5526,7470,12996,1944,0.3517915309446254
22508,81303,57,55-59,F,6321,6675,12996,354,0.0560037968675842
21636,80919,50,50-54,F,6501,6496,12997,-5,-0.0007691124442393
17429,95610,35,35-39,F,5951,7046,12997,1095,0.1840026886237607
11747,02459,56,55-59,M,5920,7077,12997,1157,0.1954391891891891
19923,19115,61,60-64,M,6351,6647,12998,296,0.0466068335695166
13590,10801,25,Under 35,F,5939,7059,12998,1120,0.1885839366896784
27232,01085,33,Under 35,M,5740,7259,12999,1519,0.2646341463414634
4886,85213,46,45-49,M,6121,6878,12999,757,0.1236726025159287
16327,20191,41,40-44,F,6027,6972,12999,945,0.156794425087108
18691,95616,40,40-44,F,6251,6748,12999,497,0.0795072788353863
14209,23238,61,60-64,M,6059,6941,13000,882,0.1455685756725532
17048,19004,48,45-49,F,6307,6693,13000,386,0.0612018392262565
30054,03908,34,Under 35,M,5795,7206,13001,1411,0.2434857635893011
18481,19901,44,40-44,F,6213,6788,13001,575,0.0925478834701432
4950,84310,57,55-59,M,6040,6961,13001,921,0.1524834437086092
14179,08034,38,35-39,F,5888,7113,13001,1225,0.2080502717391304
16540,02139,67,65-69,M,6214,6788,13002,574,0.0923720630833601
8150,94559,44,40-44,M,5656,7346,13002,1690,0.2987977369165488
18209,30342,45,45-49,F,6411,6591,13002,180,0.0280767430978006
10901,60614,47,45-49,M,5681,7321,13002,1640,0.288681570146101
16346,55409,33,Under 35,F,6279,6723,13002,444,0.0707118967988533
16764,84043,42,40-44,F,6550,6452,13002,-98,-0.0149618320610687
7444,12534,31,Under 35,F,5622,7382,13004,1760,0.3130558520099609
18363,02493,48,45-49,F,6269,6735,13004,466,0.0743340245653214
3805,44028,36,35-39,M,5929,7075,13004,1146,0.1932872322482712
18512,92011,40,40-44,F,6193,6812,13005,619,0.0999515582108832
16391,90802,56,55-59,F,6115,6890,13005,775,0.1267375306623058
12195,11204,54,50-54,M,5805,7201,13006,1396,0.2404823428079242
19657,55129,52,50-54,F,6305,6701,13006,396,0.0628072957969865
16497,49660,26,Under 35,F,6035,6971,13006,936,0.1550952775476387
13569,48162,37,35-39,F,6117,6890,13007,773,0.126369135196992
1723,22153,37,35-39,F,6118,6889,13007,771,0.1260215756783262
16922,22046,57,55-59,M,6208,6800,13008,592,0.095360824742268
10411,02127,26,Under 35,F,6038,6970,13008,932,0.1543557469360715
14744,29466,31,Under 35,F,6063,6945,13008,882,0.1454725383473528
12116,84003,21,Under 35,F,6072,6936,13008,864,0.1422924901185771
17612,02132,35,35-39,F,6382,6627,13009,245,0.0383892196803509
7364,96913,47,45-49,M,5744,7265,13009,1521,0.2647980501392757
17975,52807,40,40-44,F,6291,6719,13010,428,0.0680336989349865
10503,60076,55,55-59,M,5924,7087,13011,1163,0.1963200540175557
12764,15220,42,40-44,F,6026,6988,13014,962,0.1596415532691669
15711,20190,53,50-54,M,5996,7019,13015,1023,0.1706137424949966
20680,06069,64,60-64,M,6518,6497,13015,-21,-0.0032218471923903
10731,05478,28,Under 35,F,6344,6672,13016,328,0.051702395964691
11213,98117,58,55-59,M,5932,7084,13016,1152,0.1942009440323668
16662,60491,44,40-44,F,6287,6729,13016,442,0.0703038014951487
16170,33703,38,35-39,F,5734,7282,13016,1548,0.2699686083013603
17165,52245,42,40-44,F,6239,6779,13018,540,0.0865523321045039
17875,14850,58,55-59,F,6343,6676,13019,333,0.0524988175941983
12912,63701,51,50-54,M,5955,7065,13020,1110,0.1863979848866498
14607,11238,33,Under 35,F,5988,7033,13021,1045,0.1745156980627922
20959,19067,45,45-49,F,6501,6520,13021,19,0.0029226272881095
12651,02130,34,Under 35,F,6161,6860,13021,699,0.1134556078558675
28641,02148,29,Under 35,M,6155,6867,13022,712,0.1156783103168156
16211,15206,28,Under 35,F,6336,6686,13022,350,0.0552398989898989
16810,39560,59,55-59,M,6255,6767,13022,512,0.0818545163868905
5512,77388,55,55-59,M,6241,6782,13023,541,0.0866848261496555
12149,94608,52,50-54,M,6175,6848,13023,673,0.1089878542510121
18832,10029,45,45-49,F,6276,6748,13024,472,0.0752071383046526
22089,32765,50,50-54,F,6518,6506,13024,-12,-0.0018410555385087
13882,84043,51,50-54,M,6168,6857,13025,689,0.1117055771725032
13698,06089,48,45-49,M,6033,6992,13025,959,0.1589590585115199
12068,78748,25,Under 35,F,6132,6893,13025,761,0.1241030658838878
17728,02476,45,45-49,F,6234,6792,13026,558,0.0895091434071222
7865,02184,54,50-54,M,5707,7319,13026,1612,0.2824601366742597
7255,06878,25,Under 35,F,5811,7215,13026,1404,0.2416107382550335
14806,60657,24,Under 35,F,6476,6550,13026,74,0.0114268066707844
25562,02129,31,Under 35,M,6037,6989,13026,952,0.1576942189829385
18536,48842,60,60-64,M,6228,6798,13026,570,0.0915221579961464
14256,98038,48,45-49,F,6322,6705,13027,383,0.0605820942739639
14828,84003,37,35-39,F,6400,6627,13027,227,0.03546875
13219,94087,50,50-54,M,5864,7163,13027,1299,0.2215211459754434
16098,10065,28,Under 35,F,6066,6962,13028,896,0.147708539399934
30662,02140,24,Under 35,F,6248,6780,13028,532,0.0851472471190781
3250,52205,26,Under 35,M,5140,7888,13028,2748,0.5346303501945525
16972,33418,39,35-39,F,6115,6913,13028,798,0.1304987735077677
14874,02113,26,Under 35,F,5921,7108,13029,1187,0.200472893092383
15381,10514,59,55-59,M,6237,6793,13030,556,0.0891454224787558
11161,75035,49,45-49,M,6143,6887,13030,744,0.1211134624776168
11953,21224,27,Under 35,F,5757,7273,13030,1516,0.2633315963175265
19401,14534,48,45-49,F,6286,6744,13030,458,0.0728603245307031
16458,97035,44,40-44,F,6376,6654,13030,278,0.0436010037641154
2185,17602,30,Under 35,M,5502,7529,13031,2027,0.3684114867320974
20062,22031,53,50-54,F,6268,6763,13031,495,0.0789725590299936
2464,55902,24,Under 35,M,5394,7637,13031,2243,0.4158324063774564
858,32570,44,40-44,M,5836,7195,13031,1359,0.2328649760109664
7224,84043,42,40-44,M,5953,7079,13032,1126,0.1891483285738283
17141,45208,40,40-44,F,6435,6597,13032,162,0.0251748251748251
11774,49506,44,40-44,F,6126,6906,13032,780,0.1273261508325171
4666,08876,33,Under 35,M,5687,7346,13033,1659,0.2917179532266573
18679,37027,56,55-59,F,6025,7008,13033,983,0.1631535269709543
18648,75019,48,45-49,F,6233,6801,13034,568,0.0911278678004171
19852,60106,68,65-69,M,6430,6605,13035,175,0.0272161741835147
8669,02478,46,45-49,M,6547,6488,13035,-59,-0.0090117611119596
14069,28269,57,55-59,M,6166,6869,13035,703,0.1140123256568277
1130,45140,22,Under 35,M,5351,7684,13035,2333,0.4359932722855541
18385,91354,61,60-64,M,6336,6699,13035,363,0.0572916666666666
13533,06902,56,55-59,M,6231,6804,13035,573,0.0919595570534424
16573,94087,55,55-59,M,6355,6680,13035,325,0.051140833988985
17768,90068,58,55-59,M,6221,6815,13036,594,0.0954830413116862
16003,98908,55,55-59,M,6245,6791,13036,546,0.0874299439551641
25009,33432,38,35-39,M,6168,6869,13037,701,0.113651102464332
16434,92627,58,55-59,F,6352,6685,13037,333,0.0524244332493702
13917,60622,33,Under 35,F,6246,6791,13037,545,0.0872558437399936
9966,94010,50,50-54,M,5872,7165,13037,1293,0.2201975476839237
10334,63129,50,50-54,M,5954,7085,13039,1131,0.1899563318777292
16406,14534,43,40-44,F,6439,6600,13039,161,0.0250038825904643
14869,77008,32,Under 35,F,5987,7052,13039,1065,0.1778854184065475
2462,90713,39,35-39,M,5389,7651,13040,2262,0.4197439228057153
16435,55115,46,45-49,F,6062,6979,13041,917,0.151270207852194
13072,94133,42,40-44,F,6436,6605,13041,169,0.0262585456805469
15504,98102,28,Under 35,F,6041,7001,13042,960,0.1589140870716768
13249,35226,27,Under 35,F,6019,7024,13043,1005,0.1669712576840006
15057,07059,28,Under 35,F,6001,7042,13043,1041,0.1734710881519746
9985,91773,46,45-49,M,5929,7114,13043,1185,0.1998650699949401
10826,97405,48,45-49,F,6204,6840,13044,636,0.1025145067698259
10767,44111,31,Under 35,F,5659,7385,13044,1726,0.3050008835483301
16071,80526,36,35-39,F,6131,6914,13045,783,0.1277116294242374
20103,28613,47,45-49,F,6636,6409,13045,-227,-0.0342073538276069
13712,48640,35,35-39,F,6021,7024,13045,1003,0.1665836239827271
17914,60462,52,50-54,F,6234,6812,13046,578,0.0927173564324671
11406,60610,58,55-59,M,6017,7029,13046,1012,0.1681901279707495
20192,98004,55,55-59,F,6462,6584,13046,122,0.0188796038378211
15074,53081,23,Under 35,F,6216,6830,13046,614,0.0987773487773487
10391,92354,53,50-54,M,5948,7098,13046,1150,0.1933422999327505
13785,91214,50,50-54,M,5801,7245,13046,1444,0.2489225995518014
12633,77007,50,50-54,M,5797,7250,13047,1453,0.2506468863205106
10307,32224,30,Under 35,F,5633,7414,13047,1781,0.3161725545890289
8960,60133,51,50-54,M,5626,7422,13048,1796,0.319232136509065
17551,75082,48,45-49,F,6236,6812,13048,576,0.0923669018601667
18237,50023,62,60-64,M,6507,6541,13048,34,0.0052251421546027
17311,08610,46,45-49,F,6174,6874,13048,700,0.1133786848072562
1911,45040,52,50-54,M,6203,6845,13048,642,0.1034983072706754
17695,10312,57,55-59,M,6134,6914,13048,780,0.1271600912944245
12870,23832,22,Under 35,F,6087,6961,13048,874,0.1435846886807951
24668,07869,39,35-39,M,6275,6774,13049,499,0.0795219123505976
19312,94960,48,45-49,F,6187,6862,13049,675,0.1090997252303216
10378,10009,26,Under 35,F,5968,7081,13049,1113,0.1864946380697051
18729,07675,42,40-44,F,6269,6780,13049,511,0.0815122029031743
8638,02492,37,35-39,M,5963,7087,13050,1124,0.1884957236290458
15249,92649,47,45-49,F,6276,6774,13050,498,0.0793499043977055
18251,92109,60,60-64,M,6129,6921,13050,792,0.1292217327459618
19041,49306,47,45-49,F,6139,6912,13051,773,0.1259162730086333
7045,77007,40,40-44,M,5358,7694,13052,2336,0.4359835759611795
15064,08846,25,Under 35,F,6054,6998,13052,944,0.1559299636603898
13232,97703,37,35-39,F,6126,6926,13052,800,0.1305909239307868
14690,11208,57,55-59,M,5870,7182,13052,1312,0.2235093696763202
11326,98045,35,35-39,F,6049,7004,13053,955,0.1578773350967102
19835,20002,53,50-54,F,6313,6740,13053,427,0.067638206874703
16499,94121,27,Under 35,F,6016,7037,13053,1021,0.1697140957446808
14070,55408,31,Under 35,F,5873,7180,13053,1307,0.2225438447130938
13894,02465,45,45-49,F,6248,6805,13053,557,0.0891485275288092
13410,64111,34,Under 35,F,6298,6755,13053,457,0.0725627183232772
20886,11222,50,50-54,F,6424,6630,13054,206,0.0320672478206724
4699,45209,28,Under 35,M,5558,7496,13054,1938,0.3486865779057215
14030,20009,26,Under 35,F,6139,6915,13054,776,0.1264049519465711
7702,27006,42,40-44,M,6045,7009,13054,964,0.1594706368899917
12062,28031,52,50-54,M,5681,7374,13055,1693,0.2980109135715543
26286,01960,35,35-39,M,6014,7042,13056,1028,0.1709344861988693
4772,23113,51,50-54,M,5062,7994,13056,2932,0.579217700513631
16962,07871,20,Under 35,F,6171,6885,13056,714,0.1157024793388429
14478,44236,27,Under 35,F,6087,6970,13057,883,0.1450632495482175
16840,80211,45,45-49,F,6342,6716,13058,374,0.0589719331441185
14891,73013,69,65-69,M,6229,6829,13058,600,0.0963236474554503
14361,48116,49,45-49,F,6319,6739,13058,420,0.0664662130083874
2626,36830,41,40-44,M,5907,7151,13058,1244,0.2105975960724564
21037,60046,45,45-49,F,6373,6685,13058,312,0.0489565353836497
10030,12526,46,45-49,M,5754,7305,13059,1551,0.2695516162669447
19116,95126,47,45-49,F,6395,6666,13061,271,0.0423768569194683
5557,93446,37,35-39,M,5323,7738,13061,2415,0.45369152733421
12575,95831,50,50-54,M,6239,6822,13061,583,0.0934444622535662
7590,10964,47,45-49,M,5579,7482,13061,1903,0.3411005556551353
9499,30316,50,50-54,M,6009,7052,13061,1043,0.1735729738725245
11831,77007,49,45-49,M,6115,6947,13062,832,0.1360588716271463
12266,32258,30,Under 35,F,6194,6869,13063,675,0.1089764288020665
14993,02155,35,35-39,F,6040,7023,13063,983,0.1627483443708609
17769,62221,37,35-39,F,6194,6870,13064,676,0.1091378753632547
10843,92116,26,Under 35,F,6045,7019,13064,974,0.1611248966087675
18372,98075,49,45-49,F,6404,6660,13064,256,0.0399750156152404
11599,53191,53,50-54,M,5972,7092,13064,1120,0.1875418620227729
14348,84096,26,Under 35,F,5847,7217,13064,1370,0.2343081922353343
8085,37212,50,50-54,M,5556,7509,13065,1953,0.351511879049676
16460,49506,36,35-39,F,5891,7174,13065,1283,0.2177898489220845
19248,45209,40,40-44,F,6324,6741,13065,417,0.0659392789373814
25238,02364,25,Under 35,F,6383,6682,13065,299,0.0468431771894093
26038,10075,42,40-44,M,6036,7029,13065,993,0.1645129224652087
6648,11218,46,45-49,M,6019,7047,13066,1028,0.1707924904469181
19673,21093,47,45-49,F,6415,6652,13067,237,0.0369446609508963
18605,20002,35,35-39,F,6241,6826,13067,585,0.0937349783688511
11378,22207,45,45-49,M,5803,7264,13067,1461,0.2517663277615026
19022,02492,45,45-49,F,6347,6720,13067,373,0.0587679218528438
12075,93514,33,Under 35,F,5897,7170,13067,1273,0.2158724775309479
3641,84121,42,40-44,M,6215,6852,13067,637,0.1024939662107803
19513,11373,64,60-64,M,6336,6732,13068,396,0.0625
12083,76063,46,45-49,M,5623,7446,13069,1823,0.3242041614796372
25590,02125,26,Under 35,F,6508,6561,13069,53,0.0081438229870928
9661,48642,46,45-49,M,5922,7147,13069,1225,0.2068557919621749
15164,44312,29,Under 35,F,6103,6966,13069,863,0.1414058659675569
16436,60540,59,55-59,M,6022,7048,13070,1026,0.1703752906011292
9341,02124,41,40-44,M,5683,7387,13070,1704,0.2998416329403484
11730,77070,52,50-54,M,5916,7154,13070,1238,0.209263015551048
12944,02127,26,Under 35,F,5762,7308,13070,1546,0.2683096147171121
14043,01450,55,55-59,M,6068,7003,13071,935,0.1540870138431114
7175,98051,40,40-44,M,5298,7773,13071,2475,0.4671574178935447
13403,30269,38,35-39,F,5989,7082,13071,1093,0.1825012522958757
24948,03037,41,40-44,M,5906,7167,13073,1261,0.2135116830342025
18827,03249,45,45-49,F,6348,6725,13073,377,0.0593887838689351
18326,01830,49,45-49,F,6209,6864,13073,655,0.1054920277017233
17294,08721,36,35-39,F,6141,6932,13073,791,0.1288063833251913
19929,07945,66,65-69,M,6252,6821,13073,569,0.0910108765195137
7956,55901,48,45-49,F,6273,6801,13074,528,0.0841702534672405
9848,19130,45,45-49,M,5971,7104,13075,1133,0.1897504605593702
12618,03833,42,40-44,F,6379,6696,13075,317,0.0496943094528923
18468,77401,48,45-49,F,6170,6905,13075,735,0.1191247974068071
5398,54467,37,35-39,M,5242,7834,13076,2592,0.4944677603967951
16915,30327,42,40-44,F,6125,6951,13076,826,0.1348571428571428
4655,15232,26,Under 35,M,5271,7805,13076,2534,0.4807436918990704
14735,42748,22,Under 35,F,6305,6771,13076,466,0.0739095955590801
12337,37203,24,Under 35,F,6107,6970,13077,863,0.1413132470934992
17562,93405,38,35-39,F,6236,6841,13077,605,0.0970173187940987
12796,94070,51,50-54,M,6141,6937,13078,796,0.1296205829669434
24110,02144,32,Under 35,M,6010,7068,13078,1058,0.1760399334442595
18399,78732,44,40-44,F,6162,6916,13078,754,0.1223628691983122
13578,08822,52,50-54,M,6141,6937,13078,796,0.1296205829669434
12711,27609,36,35-39,F,5765,7314,13079,1549,0.2686903729401561
12008,11753,48,45-49,M,6213,6867,13080,654,0.1052631578947368
6765,35757,40,40-44,M,6069,7012,13081,943,0.1553797989784149
7682,11590,37,35-39,M,5891,7190,13081,1299,0.220505856391105
10388,97068,46,45-49,M,6061,7020,13081,959,0.1582247153934994
19300,10926,54,50-54,F,6233,6848,13081,615,0.0986683779881277
14163,53711,47,45-49,F,6357,6725,13082,368,0.0578889413245241
21303,58503,58,55-59,F,6592,6490,13082,-102,-0.0154733009708737
17064,07078,57,55-59,M,5969,7115,13084,1146,0.191991958452002
17631,14075,45,45-49,F,6431,6653,13084,222,0.0345202923340071
21182,28146,50,50-54,F,6265,6819,13084,554,0.0884277733439744
17666,73120,37,35-39,F,6227,6857,13084,630,0.1011723141159466
15025,80534,56,55-59,M,6223,6862,13085,639,0.1026835931222882
16146,97213,34,Under 35,F,6182,6904,13086,722,0.1167906826269815
9687,10924,51,50-54,M,5988,7098,13086,1110,0.1853707414829659
25821,02124,19,Under 35,M,6538,6548,13086,10,0.0015295197308045
16807,80125,55,55-59,M,6313,6773,13086,460,0.0728655156027245
11525,49686,47,45-49,M,6207,6880,13087,673,0.1084259706782664
11736,53558,57,55-59,M,6288,6800,13088,512,0.0814249363867684
15431,60647,32,Under 35,F,6246,6842,13088,596,0.09542106948447
14497,48103,23,Under 35,F,5852,7237,13089,1385,0.2366712235133287
28272,02132,43,40-44,M,5715,7374,13089,1659,0.2902887139107611
17553,94133,36,35-39,F,6289,6800,13089,511,0.0812529813960884
8887,19311,42,40-44,M,5789,7300,13089,1511,0.2610122646398342
9131,37919,37,35-39,F,5951,7139,13090,1188,0.199630314232902
7846,23451,48,45-49,M,5857,7233,13090,1376,0.2349325593307153
17134,06877,45,45-49,F,6334,6757,13091,423,0.066782443953268
17674,17602,43,40-44,F,6457,6634,13091,177,0.027412110887409
18840,17602,44,40-44,F,6457,6634,13091,177,0.027412110887409
18490,02043,41,40-44,F,6248,6843,13091,595,0.0952304737516005
10903,90630,28,Under 35,F,6155,6937,13092,782,0.1270511779041429
12557,81328,33,Under 35,F,5844,7248,13092,1404,0.2402464065708419
11600,46143,53,50-54,M,5979,7115,13094,1136,0.1899983274795116
13881,94945,50,50-54,M,5915,7179,13094,1264,0.2136939983093829
20263,97068,49,45-49,F,6345,6750,13095,405,0.0638297872340425
12975,02132,35,35-39,F,6210,6886,13096,676,0.1088566827697262
7967,10506,44,40-44,F,6148,6948,13096,800,0.1301236174365647
17043,46385,42,40-44,F,6220,6876,13096,656,0.1054662379421221
12366,07871,50,50-54,M,5856,7240,13096,1384,0.2363387978142076
16978,46112,43,40-44,F,6258,6839,13097,581,0.0928411633109619
13711,85022,41,40-44,F,6388,6709,13097,321,0.0502504696305572
11714,80525,45,45-49,M,5790,7307,13097,1517,0.2620034542314335
18193,11101,50,50-54,F,6327,6771,13098,444,0.0701754385964912
18474,13355,45,45-49,F,6353,6745,13098,392,0.0617031323784039
20585,80023,49,45-49,F,6335,6763,13098,428,0.0675611681136543
14141,10023,24,Under 35,F,6015,7083,13098,1068,0.1775561097256857
12391,55331,54,50-54,M,5818,7281,13099,1463,0.2514609831557236
15119,55125,46,45-49,F,6167,6932,13099,765,0.1240473487919572
13955,35226,28,Under 35,F,5945,7154,13099,1209,0.2033641715727502
16504,43614,38,35-39,F,6257,6842,13099,585,0.0934952852804858
10517,92120,36,35-39,F,5794,7305,13099,1511,0.2607870210562651
16668,22153,39,35-39,F,6073,7027,13100,954,0.1570887534990943
26635,02113,27,Under 35,M,5875,7226,13101,1351,0.2299574468085106
7821,23188,52,50-54,M,5714,7387,13101,1673,0.2927896394819741
9983,60647,40,40-44,F,6081,7020,13101,939,0.1544153922052294
14298,75218,62,60-64,M,6143,6959,13102,816,0.132834120136741
26662,85253,36,35-39,M,6338,6764,13102,426,0.0672136320605869
11920,02446,24,Under 35,F,5793,7309,13102,1516,0.2616951493181426
15218,60202,28,Under 35,F,6279,6823,13102,544,0.0866379996814779
14010,02210,28,Under 35,F,5601,7501,13102,1900,0.3392251383681485
18088,78628,45,45-49,F,5826,7276,13102,1450,0.2488843117061448
8841,10025,48,45-49,M,6353,6750,13103,397,0.0624901621281284
8844,98072,48,45-49,M,6352,6751,13103,399,0.0628148614609571
18903,21093,46,45-49,F,6370,6734,13104,364,0.0571428571428571
8748,08723,46,45-49,M,5343,7761,13104,2418,0.4525547445255474
8967,36054,46,45-49,M,5849,7256,13105,1407,0.2405539408445888
7981,18055,45,45-49,F,6288,6818,13106,530,0.0842875318066157
4703,17754,47,45-49,M,5544,7564,13108,2020,0.3643578643578644
19531,02143,46,45-49,F,6482,6626,13108,144,0.0222153656278926
11270,10002,53,50-54,M,6186,6923,13109,737,0.1191399935337859
11824,19403,48,45-49,M,5981,7128,13109,1147,0.1917739508443404
28665,02492,27,Under 35,F,6139,6970,13109,831,0.1353640658087636
18216,60194,40,40-44,F,6269,6840,13109,571,0.0910831073536449
16498,84047,28,Under 35,F,6600,6510,13110,-90,-0.0136363636363636
16328,60010,42,40-44,F,6351,6759,13110,408,0.0642418516769012
20205,98102,45,45-49,F,6492,6618,13110,126,0.0194085027726432
16892,48009,41,40-44,F,6719,6393,13112,-326,-0.0485191248697722
14678,20164,33,Under 35,F,5983,7129,13112,1146,0.1915427043289319
19755,85641,46,45-49,F,6343,6770,13113,427,0.0673183036418098
26816,02144,21,Under 35,F,5900,7213,13113,1313,0.2225423728813559
7166,90013,34,Under 35,M,6297,6817,13114,520,0.0825790058758138
30559,33133,48,45-49,M,6689,6425,13114,-264,-0.0394677829271939
18214,60647,35,35-39,F,6365,6749,13114,384,0.0603299293008641
7550,68123,40,40-44,M,6058,7057,13115,999,0.1649059095411026
16867,07094,56,55-59,M,6351,6764,13115,413,0.0650291292709809
9935,19004,45,45-49,M,5829,7286,13115,1457,0.2499571109967404
12481,02176,55,55-59,M,6135,6981,13116,846,0.1378973105134474
8682,97209,31,Under 35,F,6020,7096,13116,1076,0.1787375415282392
13683,90405,53,50-54,M,6012,7105,13117,1093,0.1818030605455755
17778,87110,61,60-64,M,5732,7385,13117,1653,0.288381018841591
13548,02446,31,Under 35,F,5983,7134,13117,1151,0.1923784054821995
14019,46617,23,Under 35,F,6152,6965,13117,813,0.1321521456436931
4875,80026,44,40-44,M,5601,7516,13117,1915,0.3419032315657918
15703,16127,68,65-69,M,6151,6966,13117,815,0.1324987806860673
13290,67846,52,50-54,M,6001,7117,13118,1116,0.1859690051658057
30534,10901,47,45-49,M,6367,6752,13119,385,0.0604680383226009
20533,02478,47,45-49,F,6425,6694,13119,269,0.0418677042801556
12637,01420,53,50-54,M,6030,7090,13120,1060,0.175787728026534
19593,14618,50,50-54,F,6426,6694,13120,268,0.0417055711173358
16383,33701,29,Under 35,F,6156,6964,13120,808,0.1312540610786224
28557,03258,25,Under 35,F,6330,6790,13120,460,0.0726698262243285
19042,20763,41,40-44,F,6442,6678,13120,236,0.0366345855324433
16754,90230,42,40-44,F,6113,7007,13120,894,0.1462457058727302
19841,16428,49,45-49,F,6458,6662,13120,204,0.0315887271601114
17731,63011,43,40-44,F,6259,6862,13121,603,0.0963412685732545
12638,61853,68,65-69,M,6260,6861,13121,601,0.0960063897763578
18484,01890,56,55-59,F,6217,6904,13121,687,0.1105034582596107
15104,80301,32,Under 35,F,6397,6724,13121,327,0.0511177114272315
19157,77077,40,40-44,F,6541,6582,13123,41,0.0062681547164042
19636,77573,47,45-49,F,6690,6433,13123,-257,-0.0384155455904334
17889,48706,63,60-64,M,6296,6827,13123,531,0.0843392630241423
13019,48302,51,50-54,M,6010,7113,13123,1103,0.1835274542429284
25581,02120,23,Under 35,M,5945,7178,13123,1233,0.2074011774600504
19288,19803,43,40-44,F,6218,6906,13124,688,0.1106465101318752
18736,77494,51,50-54,F,6367,6757,13124,390,0.0612533375215957
16188,08021,47,45-49,F,6051,7074,13125,1023,0.1690629647992067
14079,94709,32,Under 35,F,6258,6867,13125,609,0.0973154362416107
18892,53704,42,40-44,F,6383,6742,13125,359,0.0562431458561804
18773,80002,43,40-44,F,6276,6849,13125,573,0.0913001912045889
16835,02474,32,Under 35,F,6174,6951,13125,777,0.1258503401360544
9945,78717,50,50-54,M,5871,7255,13126,1384,0.2357349684891841
26509,02115,22,Under 35,F,6220,6906,13126,686,0.1102893890675241
7995,10036,40,40-44,F,6577,6550,13127,-27,-0.0041052151436825
18380,44321,46,45-49,F,6345,6783,13128,438,0.0690307328605201
18611,60605,47,45-49,F,6502,6626,13128,124,0.0190710550599815
8439,91307,41,40-44,M,6013,7115,13128,1102,0.1832695825710959
7643,07030,27,Under 35,F,6605,6524,13129,-81,-0.0122634367903103
15201,45040,55,55-59,M,6008,7121,13129,1113,0.1852529960053262
25951,03256,27,Under 35,F,6148,6981,13129,833,0.135491216655823
20790,48165,46,45-49,F,6456,6673,13129,217,0.0336121437422552
18154,33195,46,45-49,F,6292,6837,13129,545,0.0866179275270184
6770,76712,38,35-39,M,5709,7420,13129,1711,0.2997022245577159
13040,19125,33,Under 35,F,6038,7092,13130,1054,0.1745611129513083
16249,84062,48,45-49,F,6388,6742,13130,354,0.0554164057608015
10231,10461,47,45-49,M,5857,7273,13130,1416,0.2417619941949803
15284,28205,33,Under 35,F,6620,6510,13130,-110,-0.0166163141993957
14575,80304,28,Under 35,F,6318,6812,13130,494,0.0781893004115226
12205,48103,55,55-59,M,5856,7274,13130,1418,0.2421448087431694
17640,63025,61,60-64,M,6282,6849,13131,567,0.0902578796561604
13222,75043,61,60-64,M,5949,7183,13132,1234,0.2074298201378382
8740,37919,52,50-54,M,5996,7137,13133,1141,0.1902935290193462
17105,19119,49,45-49,F,6405,6728,13133,323,0.0504293520686963
14035,11102,55,55-59,M,6150,6984,13134,834,0.1356097560975609
16721,46077,41,40-44,F,5891,7243,13134,1352,0.2295026311322356
4783,49424,29,Under 35,M,6104,7030,13134,926,0.1517038007863695
9417,92130,49,45-49,M,5837,7298,13135,1461,0.2502998115470276
11426,49507,27,Under 35,F,6104,7031,13135,927,0.1518676277850589
15148,44136,36,35-39,F,5893,7242,13135,1349,0.2289156626506024
12460,90631,50,50-54,M,6360,6777,13137,417,0.065566037735849
13690,10128,52,50-54,M,6016,7121,13137,1105,0.1836768617021276
12111,94920,59,55-59,M,6063,7075,13138,1012,0.1669140689427676
17873,04102,59,55-59,M,6271,6867,13138,596,0.0950406633710732
12702,75010,56,55-59,M,5829,7309,13138,1480,0.2539028992966203
11252,01778,39,35-39,F,6127,7012,13139,885,0.1444426309776399
26838,29466,39,35-39,M,6248,6891,13139,643,0.1029129321382842
17838,03885,36,35-39,F,6127,7012,13139,885,0.1444426309776399
17619,45208,44,40-44,F,6435,6704,13139,269,0.0418026418026418
12393,10027,53,50-54,M,6080,7060,13140,980,0.1611842105263158
8562,02324,52,50-54,M,5669,7471,13140,1802,0.3178691127182925
17844,90230,36,35-39,F,6398,6742,13140,344,0.0537668021256642
14920,38139,38,35-39,F,6336,6805,13141,469,0.0740214646464646
27061,02170,32,Under 35,M,6357,6785,13142,428,0.0673273556709139
4836,29407,32,Under 35,F,6582,6560,13142,-22,-0.0033424491036159
15706,08033,50,50-54,F,6249,6893,13142,644,0.1030564890382461
17701,07083,44,40-44,F,6300,6843,13143,543,0.0861904761904761
12834,92103,63,60-64,M,5981,7163,13144,1182,0.1976258150810901
19159,02482,56,55-59,M,6528,6616,13144,88,0.0134803921568627
17804,40206,41,40-44,F,6166,6979,13145,813,0.1318520921180668
18405,32003,41,40-44,F,6116,7029,13145,913,0.1492805755395683
18202,94705,49,45-49,F,6251,6895,13146,644,0.103023516237402
18205,37066,42,40-44,F,6259,6888,13147,629,0.1004952867870266
8693,84105,41,40-44,M,5854,7293,13147,1439,0.2458148274683976
18189,94131,35,35-39,F,6326,6822,13148,496,0.0784065760354094
17954,10023,42,40-44,F,6086,7062,13148,976,0.1603680578376602
8192,63105,49,45-49,M,5371,7777,13148,2406,0.4479612735058648
2063,89131,18,Under 35,M,5613,7536,13149,1923,0.3425975414216996
14857,60189,33,Under 35,F,6078,7071,13149,993,0.163376110562685
11870,84043,46,45-49,M,6070,7079,13149,1009,0.1662273476112026
14573,16823,26,Under 35,F,6167,6982,13149,815,0.1321550186476406
16365,75238,32,Under 35,F,6186,6963,13149,777,0.1256062075654704
11682,60622,29,Under 35,F,5896,7254,13150,1358,0.230325644504749
17523,94002,46,45-49,F,6379,6771,13150,392,0.0614516381878037
11773,28205,45,45-49,M,6099,7051,13150,952,0.1560911624856533
20251,22101,55,55-59,F,6330,6821,13151,491,0.0775671406003159
17729,13104,43,40-44,F,6166,6985,13151,819,0.1328251702886798
28617,02141,36,35-39,M,6024,7127,13151,1103,0.1831009296148738
16871,10025,45,45-49,F,6248,6903,13151,655,0.1048335467349551
16187,56537,18,Under 35,F,6354,6798,13152,444,0.0698772426817752
14984,93065,57,55-59,M,6006,7146,13152,1140,0.1898101898101898
10766,02139,23,Under 35,F,6047,7105,13152,1058,0.174962791466843
24817,48154,27,Under 35,F,6246,6906,13152,660,0.1056676272814601
17291,11375,58,55-59,M,6420,6733,13153,313,0.0487538940809968
5808,19128,49,45-49,M,6057,7096,13153,1039,0.1715370645534092
15363,60527,59,55-59,M,6019,7134,13153,1115,0.1852467187240405
12464,02648,49,45-49,M,6110,7044,13154,934,0.1528641571194762
14296,23224,27,Under 35,F,6080,7075,13155,995,0.1636513157894736
19462,27587,47,45-49,F,6312,6844,13156,532,0.0842839036755386
10640,61834,48,45-49,M,5810,7346,13156,1536,0.2643717728055077
17647,01760,56,55-59,M,6223,6933,13156,710,0.1140928812469869
10241,95002,49,45-49,M,6218,6939,13157,721,0.1159536828562238
17814,05462,42,40-44,F,6217,6940,13157,723,0.1162940324915554
12531,49418,27,Under 35,F,6008,7150,13158,1142,0.1900798934753662
17171,07450,57,55-59,F,6373,6785,13158,412,0.064647732621999
15451,77406,46,45-49,F,6549,6609,13158,60,0.0091617040769583
15830,54155,50,50-54,F,6495,6664,13159,169,0.0260200153964588
25696,02186,35,35-39,M,5699,7460,13159,1761,0.3090015792244253
17843,78620,36,35-39,F,6296,6864,13160,568,0.0902160101651842
24434,20833,25,Under 35,F,6532,6628,13160,96,0.0146968769136558
12297,10022,25,Under 35,F,6267,6894,13161,627,0.1000478697941598
30346,46037,37,35-39,M,6131,7030,13161,899,0.1466318708204208
9900,15904,41,40-44,F,5825,7336,13161,1511,0.2593991416309013
18359,80206,43,40-44,F,6383,6779,13162,396,0.0620397932006893
16148,07302,28,Under 35,F,6083,7079,13162,996,0.1637349991780371
23168,19518,73,70-74,M,6553,6609,13162,56,0.0085457042575919
19279,92058,43,40-44,F,6347,6815,13162,468,0.0737356231290373
30566,03445,59,55-59,M,6436,6726,13162,290,0.0450590428837787
7188,19127,35,35-39,M,5804,7358,13162,1554,0.2677463818056513
10661,54304,59,55-59,M,5533,7629,13162,2096,0.3788180010844026
18402,15241,60,60-64,M,6324,6839,13163,515,0.0814358001265022
16683,75093,39,35-39,F,6309,6854,13163,545,0.0863845300364558
17358,92584,36,35-39,F,6398,6765,13163,367,0.0573616755236011
17868,16441,53,50-54,F,6243,6921,13164,678,0.1086016338298894
7864,28120,51,50-54,M,6343,6821,13164,478,0.0753586630931735
11032,44256,41,40-44,F,6048,7116,13164,1068,0.1765873015873016
13121,10065,39,35-39,F,6141,7023,13164,882,0.1436248168050806
14175,84106,30,Under 35,F,6383,6782,13165,399,0.0625097916340278
16544,60062,63,60-64,M,6384,6781,13165,397,0.0621867167919799
17110,07058,57,55-59,F,6440,6725,13165,285,0.0442546583850931
8136,80305,51,50-54,M,6169,6997,13166,828,0.134219484519371
28365,02127,28,Under 35,M,6161,7005,13166,844,0.1369907482551534
22171,78209,54,50-54,F,6659,6507,13166,-152,-0.0228262501877158
12468,11788,52,50-54,M,6117,7049,13166,932,0.1523622690861533
18386,85395,46,45-49,F,6431,6736,13167,305,0.0474265277561809
6353,06111,35,35-39,M,5942,7225,13167,1283,0.215920565466173
20194,76002,46,45-49,F,6524,6643,13167,119,0.0182403433476394
10779,84032,35,35-39,F,6214,6953,13167,739,0.1189250080463469
9617,37934,50,50-54,M,5749,7419,13168,1670,0.2904853017916159
11197,77005,46,45-49,M,5922,7246,13168,1324,0.2235731171901384
21298,49464,61,60-64,F,6425,6743,13168,318,0.0494941634241245
19772,10023,46,45-49,F,6473,6696,13169,223,0.0344507956125444
13846,60527,28,Under 35,F,5931,7238,13169,1307,0.2203675602765132
26043,01890,27,Under 35,M,6072,7098,13170,1026,0.1689723320158102
18111,33137,61,60-64,F,6104,7067,13171,963,0.1577653997378768
26884,94530,47,45-49,M,6449,6723,13172,274,0.0424872073189641
15140,80516,35,35-39,F,6077,7096,13173,1019,0.167681421754155
7877,02451,50,50-54,M,6130,7044,13174,914,0.1491027732463295
26716,02169,37,35-39,M,5753,7421,13174,1668,0.2899356857291847
6897,27703,36,35-39,M,5813,7362,13175,1549,0.2664717013590229
21504,15209,45,45-49,F,6392,6783,13175,391,0.0611702127659574
20922,32765,53,50-54,F,6432,6743,13175,311,0.0483519900497512
19701,04849,62,60-64,M,6469,6707,13176,238,0.0367908486628536
6047,02155,39,35-39,M,5496,7680,13176,2184,0.3973799126637554
5926,64034,52,50-54,M,5729,7447,13176,1718,0.2998778146273346
19832,45840,45,45-49,F,6222,6954,13176,732,0.1176470588235294
17460,94024,54,50-54,F,6392,6785,13177,393,0.0614831038798498
13159,86005,27,Under 35,F,5965,7212,13177,1247,0.2090528080469404
15293,90292,30,Under 35,F,6295,6883,13178,588,0.09340746624305
20541,92117,45,45-49,F,6302,6876,13178,574,0.0910821961282132
13762,98118,29,Under 35,F,6058,7121,13179,1063,0.1754704522944866
15412,60640,34,Under 35,F,6089,7091,13180,1002,0.1645590408934143
18636,22182,42,40-44,F,6282,6898,13180,616,0.0980579433301496
18858,21043,55,55-59,F,6121,7059,13180,938,0.1532429341610847
27068,10701,31,Under 35,M,6164,7016,13180,852,0.1382219338092148
11993,36330,24,Under 35,F,5963,7218,13181,1255,0.2104645312762032
18789,84720,41,40-44,F,6313,6868,13181,555,0.087913828607635
25973,02184,23,Under 35,M,6181,7000,13181,819,0.1325028312570781
3576,02130,29,Under 35,M,5298,7883,13181,2585,0.4879199697999245
17181,02421,57,55-59,M,6414,6768,13182,354,0.0551917680074836
28314,02129,32,Under 35,M,6199,6983,13182,784,0.1264720116147765
13095,97306,50,50-54,M,6038,7144,13182,1106,0.1831732361709175
19944,90041,47,45-49,F,6354,6828,13182,474,0.0745986779981114
16591,01267,56,55-59,M,6136,7047,13183,911,0.1484680573663624
14038,70119,34,Under 35,F,6230,6953,13183,723,0.1160513643659711
7943,94920,55,55-59,F,6336,6847,13183,511,0.0806502525252525
17065,46259,55,55-59,M,5848,7335,13183,1487,0.2542749658002736
24020,60660,46,45-49,M,5919,7264,13183,1345,0.2272343301233316
9676,19468,46,45-49,M,5971,7213,13184,1242,0.2080053592363088
13128,07722,26,Under 35,F,5899,7285,13184,1386,0.2349550771317172
11607,60643,31,Under 35,F,6025,7160,13185,1135,0.1883817427385892
4700,41051,21,Under 35,M,5341,7844,13185,2503,0.4686388316794608
18242,91911,41,40-44,F,6498,6687,13185,189,0.0290858725761772
11733,10025,45,45-49,M,6106,7080,13186,974,0.1595152309204061
14262,97330,23,Under 35,F,6058,7128,13186,1070,0.176625949158138
13018,92003,54,50-54,M,6131,7056,13187,925,0.1508726145816343
13017,92003,23,Under 35,F,6132,7055,13187,923,0.1505218525766471
10782,48170,48,45-49,M,5939,7248,13187,1309,0.2204074760060616
30270,02129,25,Under 35,M,6293,6894,13187,601,0.0955029397743524
14309,01940,27,Under 35,F,6019,7168,13187,1149,0.1908954975909619
12127,53719,51,50-54,M,6499,6689,13188,190,0.0292352669641483
9644,03909,40,40-44,F,6147,7041,13188,894,0.1454367984382625
7059,90277,44,40-44,M,5866,7322,13188,1456,0.2482100238663484
17653,06109,35,35-39,F,6237,6951,13188,714,0.1144781144781144
12353,53593,41,40-44,F,6500,6688,13188,188,0.0289230769230769
20608,55803,63,60-64,M,6297,6891,13188,594,0.0943306336350643
16277,48423,42,40-44,F,6660,6529,13189,-131,-0.0196696696696696
18348,02130,33,Under 35,F,6632,6557,13189,-75,-0.0113088057901085
8448,01760,45,45-49,M,5613,7577,13190,1964,0.3499020131836807
6603,23185,43,40-44,M,5853,7337,13190,1484,0.253545190500598
16193,02110,30,Under 35,F,6199,6991,13190,792,0.1277625423455396
28692,02110,33,Under 35,M,6199,6992,13191,793,0.127923858686885
9884,81524,49,45-49,M,5841,7350,13191,1509,0.2583461736004109
21059,07456,46,45-49,F,6536,6655,13191,119,0.0182068543451652
18466,48131,40,40-44,F,6333,6858,13191,525,0.082899099952629
4904,94598,25,Under 35,M,5637,7554,13191,1917,0.3400745077168707
21339,02747,45,45-49,F,6461,6730,13191,269,0.041634421916112
17005,98103,43,40-44,F,6519,6673,13192,154,0.0236232551004755
13703,94402,27,Under 35,F,5921,7271,13192,1350,0.2280020266846816
17104,23320,62,60-64,M,6278,6914,13192,636,0.1013061484549219
17160,43615,43,40-44,F,5937,7258,13195,1321,0.2225029476166414
16859,02129,38,35-39,F,6038,7157,13195,1119,0.1853262669758198
18351,75056,44,40-44,F,6136,7059,13195,923,0.1504237288135593
18638,22309,43,40-44,F,5970,7226,13196,1256,0.2103852596314908
10907,10471,47,45-49,M,5670,7526,13196,1856,0.327336860670194
18308,48104,43,40-44,F,6256,6941,13197,685,0.1094948849104859
19168,15666,45,45-49,F,6424,6773,13197,349,0.0543275217932752
20770,48849,49,45-49,F,6090,7107,13197,1017,0.1669950738916256
16552,02144,36,35-39,F,6209,6990,13199,781,0.1257851505878563
14527,61354,27,Under 35,F,5903,7296,13199,1393,0.2359817042181941
19470,38632,62,60-64,M,6327,6872,13199,545,0.0861387703492966
15450,01801,50,50-54,F,6330,6870,13200,540,0.0853080568720379
21684,75028,52,50-54,F,6542,6658,13200,116,0.0177315805564047
2403,11222,28,Under 35,M,5015,8185,13200,3170,0.6321036889332003
14512,89149,40,40-44,F,6410,6790,13200,380,0.0592823712948517
15040,01890,52,50-54,M,6281,6921,13202,640,0.1018946027702595
10838,48301,49,45-49,M,5824,7378,13202,1554,0.2668269230769231
20392,02864,61,60-64,M,6644,6558,13202,-86,-0.0129440096327513
16285,68355,49,45-49,F,6401,6802,13203,401,0.0626464614903921
13773,77380,51,50-54,M,6289,6914,13203,625,0.099379869613611
9695,43017,56,55-59,M,6165,7039,13204,874,0.1417680454176804
21496,65203,51,50-54,F,6575,6629,13204,54,0.0082129277566539
18862,73169,40,40-44,F,6314,6891,13205,577,0.0913842255305669
14924,84604,22,Under 35,F,6268,6937,13205,669,0.106732610082961
17574,98065,44,40-44,F,6466,6740,13206,274,0.042375502629137
14223,98103,30,Under 35,F,5931,7276,13207,1345,0.2267745742707806
13484,48221,31,Under 35,F,6403,6804,13207,401,0.0626268936436045
11218,33496,47,45-49,M,5934,7273,13207,1339,0.2256488035052241
17014,14534,40,40-44,F,6231,6977,13208,746,0.1197239608409565
21652,77581,52,50-54,F,6527,6682,13209,155,0.0237475103416577
1263,30338,23,Under 35,M,5132,8078,13210,2946,0.5740452065471551
12818,75067,52,50-54,M,5912,7299,13211,1387,0.2346075778078484
10861,80516,47,45-49,M,6231,6980,13211,749,0.1202054244904509
11578,49097,46,45-49,M,5839,7372,13211,1533,0.2625449563281384
19700,10580,51,50-54,F,6296,6916,13212,620,0.0984752223634053
19911,85288,49,45-49,F,6365,6847,13212,482,0.0757266300078554
15488,06457,58,55-59,M,6149,7063,13212,914,0.1486420556187998
14536,75205,58,55-59,M,6305,6908,13213,603,0.0956383822363203
16536,19146,28,Under 35,F,6154,7059,13213,905,0.1470588235294117
10102,02743,53,50-54,M,6390,6823,13213,433,0.0677621283255086
22102,45242,55,55-59,F,6254,6959,13213,705,0.112727854173329
17290,28403,39,35-39,F,6382,6831,13213,449,0.0703541209652146
20287,50263,48,45-49,F,6657,6557,13214,-100,-0.0150217815832957
25025,02125,36,35-39,M,5764,7451,13215,1687,0.2926786953504511
14664,97003,36,35-39,F,6044,7172,13216,1128,0.186631369953673
14346,91214,52,50-54,F,6317,6899,13216,582,0.0921323413012506
14951,10011,28,Under 35,F,6200,7017,13217,817,0.1317741935483871
12961,18914,55,55-59,M,5772,7447,13219,1675,0.2901940401940402
19061,44646,42,40-44,F,6617,6603,13220,-14,-0.0021157624301042
13411,29687,27,Under 35,F,6167,7053,13220,886,0.1436679098427112
12389,22201,36,35-39,F,6016,7204,13220,1188,0.1974734042553191
11519,95621,45,45-49,M,6428,6792,13220,364,0.0566272557560672
16480,14609,36,35-39,F,5774,7446,13220,1672,0.2895739521995151
13806,07306,50,50-54,M,6253,6967,13220,714,0.114185191108268
18381,18902,47,45-49,F,6187,7034,13221,847,0.1368999515112332
7180,06840,37,35-39,F,5907,7314,13221,1407,0.2381919756221432
10646,91109,51,50-54,M,6230,6992,13222,762,0.1223113964686998
15132,15218,29,Under 35,F,6211,7013,13224,802,0.1291257446465947
7194,94939,58,55-59,M,5728,7496,13224,1768,0.308659217877095
19539,11215,61,60-64,M,6359,6866,13225,507,0.0797295172196886
7333,06902,29,Under 35,M,6078,7147,13225,1069,0.175880223757815
14946,84103,26,Under 35,F,6064,7161,13225,1097,0.1809036939313984
20226,21401,48,45-49,F,6400,6826,13226,426,0.0665625
20423,30305,66,65-69,M,6253,6974,13227,721,0.1153046537661922
15726,01742,57,55-59,M,6177,7050,13227,873,0.1413307430791646
3893,02215,24,Under 35,M,5342,7885,13227,2543,0.4760389367278173
8802,55372,46,45-49,M,6411,6817,13228,406,0.0633286538761503
13995,10025,49,45-49,M,5852,7376,13228,1524,0.2604237867395762
17755,02359,55,55-59,M,6037,7191,13228,1154,0.1911545469604108
16218,78634,31,Under 35,F,6091,7137,13228,1046,0.1717287801674601
9585,43082,42,40-44,F,5996,7232,13228,1236,0.2061374249499666
16602,92116,57,55-59,M,5630,7598,13228,1968,0.3495559502664298
22399,95050,55,55-59,F,6483,6745,13228,262,0.0404133888631806
3439,49534,23,Under 35,M,5229,8000,13229,2771,0.5299292407726143
7779,22032,28,Under 35,M,5822,7408,13230,1586,0.2724149776709034
19332,33149,52,50-54,F,6282,6949,13231,667,0.1061763769500159
16212,02118,59,55-59,M,6377,6854,13231,477,0.0748000627254194
24469,02127,22,Under 35,F,6335,6896,13231,561,0.0885556432517758
15330,06854,35,35-39,F,6352,6879,13231,527,0.0829659949622166
16195,78704,40,40-44,F,6254,6978,13232,724,0.1157659098177166
10268,48079,45,45-49,M,6053,7179,13232,1126,0.1860234594415992
12091,23113,43,40-44,F,6113,7119,13232,1006,0.1645673155570096
17109,06708,59,55-59,M,6215,7018,13233,803,0.1292035398230088
9132,08540,56,55-59,M,5637,7597,13234,1960,0.3477026787298208
19907,14506,49,45-49,F,6210,7025,13235,815,0.1312399355877616
7659,77007,43,40-44,M,5677,7558,13235,1881,0.3313369737537431
7520,95660,46,45-49,M,5680,7556,13236,1876,0.3302816901408451
11424,02170,29,Under 35,F,6102,7134,13236,1032,0.1691248770894788
8239,01890,49,45-49,F,5523,7714,13237,2191,0.3967046894803548
20080,95127,58,55-59,F,6452,6786,13238,334,0.0517668939863608
10470,94080,63,60-64,M,5489,7749,13238,2260,0.4117325560211332
15090,19438,38,35-39,F,6093,7145,13238,1052,0.1726571475463647
18912,94063,60,60-64,M,6469,6771,13240,302,0.0466841861184108
13392,20105,53,50-54,M,5994,7246,13240,1252,0.2088755422088755
11083,27713,39,35-39,F,5794,7447,13241,1653,0.2852951328960994
4568,94704,21,Under 35,M,5851,7390,13241,1539,0.2630319603486583
15255,48867,22,Under 35,F,6259,6983,13242,724,0.115673430260425
11602,60645,57,55-59,M,5910,7332,13242,1422,0.2406091370558375
15196,44484,25,Under 35,F,6505,6737,13242,232,0.0356648731744811
11228,94010,58,55-59,M,5622,7620,13242,1998,0.3553895410885805
13164,85213,44,40-44,F,6381,6862,13243,481,0.0753800344773546
14286,46205,32,Under 35,F,6099,7144,13243,1045,0.1713395638629283
19296,59804,41,40-44,F,6410,6834,13244,424,0.0661466458658346
27291,98117,39,35-39,M,6288,6956,13244,668,0.1062340966921119
17893,60137,59,55-59,M,6195,7049,13244,854,0.1378531073446327
7894,01907,47,45-49,F,6262,6983,13245,721,0.1151389332481635
26789,10014,27,Under 35,M,6295,6951,13246,656,0.1042096902303415
4793,44720,24,Under 35,M,5508,7739,13247,2231,0.4050472040668119
17679,48304,59,55-59,M,6411,6836,13247,425,0.0662923100920293
12341,11104,33,Under 35,F,6233,7016,13249,783,0.1256216909995187
18458,02191,58,55-59,F,6398,6851,13249,453,0.0708033760550171
11494,94563,50,50-54,M,6013,7237,13250,1224,0.2035589555962082
7452,46619,45,45-49,M,5787,7463,13250,1676,0.2896146535337826
8168,84003,50,50-54,M,5949,7301,13250,1352,0.2272650865691713
3817,12771,22,Under 35,M,5462,7789,13251,2327,0.4260344196265104
17945,90807,35,35-39,F,6357,6894,13251,537,0.0844738084001887
16619,93291,39,35-39,F,6206,7045,13251,839,0.1351917499194328
18989,04106,52,50-54,F,6319,6932,13251,613,0.0970090204146225
18171,27517,45,45-49,F,6265,6986,13251,721,0.1150837988826815
17327,68128,40,40-44,F,6026,7226,13252,1200,0.1991370726850315
11196,27932,46,45-49,M,6286,6966,13252,680,0.1081769010499522
13294,73072,34,Under 35,F,6282,6970,13252,688,0.1095192613817255
25636,60614,34,Under 35,M,6441,6811,13252,370,0.0574444961962428
18572,98136,46,45-49,F,6378,6874,13252,496,0.0777673251803073
623,08085,34,Under 35,M,4614,8639,13253,4025,0.8723450368443867
20458,75009,51,50-54,F,6596,6658,13254,62,0.009399636143117
18708,48855,44,40-44,F,6280,6974,13254,694,0.1105095541401273
19532,76310,52,50-54,F,6228,7026,13254,798,0.128131021194605
19256,98020,42,40-44,F,6327,6928,13255,601,0.0949897265686739
18690,19001,40,40-44,F,6441,6814,13255,373,0.0579102623816177
14088,44313,31,Under 35,F,6282,6973,13255,691,0.1099968163005412
14335,80205,32,Under 35,F,5887,7369,13256,1482,0.2517411245116358
20056,77584,49,45-49,F,6527,6729,13256,202,0.0309483683162249
14098,62704,33,Under 35,F,6031,7226,13257,1195,0.1981429282042779
17638,95361,56,55-59,M,6310,6947,13257,637,0.1009508716323296
15251,22181,59,55-59,M,5807,7450,13257,1643,0.2829343895298777
12847,84117,29,Under 35,F,6154,7103,13257,949,0.1542086447838804
8367,84337,44,40-44,M,5988,7270,13258,1282,0.2140948563794255
19766,01810,45,45-49,F,6259,6999,13258,740,0.1182297491612078
16649,24504,36,35-39,F,5896,7363,13259,1467,0.2488127544097693
24670,01606,40,40-44,M,6244,7015,13259,771,0.1234785393978219
18865,28056,66,65-69,M,6475,6784,13259,309,0.0477220077220077
16846,55112,39,35-39,F,6121,7138,13259,1017,0.1661493220062081
20302,04915,55,55-59,F,6497,6763,13260,266,0.0409419732184085
14165,03766,29,Under 35,F,5800,7460,13260,1660,0.2862068965517241
17302,68028,37,35-39,F,6252,7008,13260,756,0.1209213051823416
18660,05478,48,45-49,F,6183,7077,13260,894,0.1445900048520136
17475,59802,58,55-59,F,6294,6966,13260,672,0.1067683508102955
15402,84054,23,Under 35,F,6194,7067,13261,873,0.1409428479173393
14531,55090,31,Under 35,F,6005,7256,13261,1251,0.2083263946711074
12993,02131,32,Under 35,F,5915,7346,13261,1431,0.241927303465765
30593,02113,33,Under 35,F,6583,6679,13262,96,0.0145830168616132
8137,60137,40,40-44,M,5473,7789,13262,2316,0.4231682806504659
10669,18414,43,40-44,F,6172,7091,13263,919,0.148898250162022
20449,54115,46,45-49,F,6634,6629,13263,-5,-0.0007536930961712
11259,41042,33,Under 35,F,6092,7171,13263,1079,0.1771175311884438
7983,78729,59,55-59,F,6514,6749,13263,235,0.0360761436905127
15441,94118,27,Under 35,F,6252,7012,13264,760,0.1215611004478566
8262,90037,44,40-44,M,5923,7341,13264,1418,0.2394057065676177
17363,54940,36,35-39,F,6168,7096,13264,928,0.1504539559014267
21604,02886,51,50-54,F,6447,6818,13265,371,0.0575461454940282
25850,02494,38,35-39,M,5463,7803,13266,2340,0.42833607907743
30629,07079,37,35-39,F,6701,6565,13266,-136,-0.0202954782868228
21478,32561,63,60-64,M,6635,6632,13267,-3,-0.0004521477015825
21554,53217,47,45-49,F,6659,6608,13267,-51,-0.007658807628773
13900,04002,28,Under 35,F,6418,6849,13267,431,0.0671548769086943
21448,01545,60,60-64,M,6546,6722,13268,176,0.0268866483348609
19956,77019,60,60-64,M,6250,7019,13269,769,0.12304
13057,94114,34,Under 35,F,6013,7256,13269,1243,0.206718775985365
20601,27587,50,50-54,F,6415,6854,13269,439,0.0684333593141075
16060,91307,28,Under 35,F,6127,7143,13270,1016,0.1658234046025787
26546,02142,27,Under 35,F,6257,7013,13270,756,0.120824676362474
18577,12887,55,55-59,F,6043,7227,13270,1184,0.1959291742511997
10269,43026,41,40-44,F,6268,7003,13271,735,0.1172622846202935
17813,80209,45,45-49,F,6228,7043,13271,815,0.1308606294155427
8099,98230,47,45-49,M,5691,7580,13271,1889,0.3319276049903356
14840,94539,61,60-64,M,6206,7065,13271,859,0.1384144376409926
17093,08091,41,40-44,F,6449,6823,13272,374,0.0579934873623817
18646,98022,55,55-59,F,6307,6965,13272,658,0.1043285238623751
11557,60007,51,50-54,M,6179,7093,13272,914,0.1479203754652856
16596,22923,36,35-39,F,6295,6978,13273,683,0.1084988085782367
28030,03841,25,Under 35,F,6104,7169,13273,1065,0.1744757536041939
20902,32827,49,45-49,F,6502,6771,13273,269,0.0413718855736696
9089,77401,46,45-49,M,5831,7443,13274,1612,0.2764534385182644
11175,15144,46,45-49,M,6406,6868,13274,462,0.0721198876053699
4728,02155,34,Under 35,M,6023,7251,13274,1228,0.2038851070894903
18455,97229,51,50-54,F,6387,6888,13275,501,0.0784405824330671
29091,28211,25,Under 35,F,6628,6648,13276,20,0.0030175015087507
21506,80238,60,60-64,M,6317,6959,13276,642,0.1016305208168434
13508,60540,53,50-54,M,6135,7142,13277,1007,0.1641401792991035
5124,92602,42,40-44,M,6227,7050,13277,823,0.1321663722498795
10048,93611,50,50-54,M,6266,7011,13277,745,0.1188956271943823
24922,90038,36,35-39,M,6527,6751,13278,224,0.0343189826872989
13732,07652,51,50-54,M,6114,7164,13278,1050,0.1717369970559372
9126,60073,47,45-49,M,6234,7044,13278,810,0.1299326275264677
12598,19803,21,Under 35,F,6115,7163,13278,1048,0.1713818479149632
9837,95014,42,40-44,F,6156,7123,13279,967,0.1570825211176088
8730,02474,24,Under 35,F,5388,7892,13280,2504,0.4647364513734224
11468,64870,43,40-44,F,6058,7223,13281,1165,0.1923076923076923
16335,66219,27,Under 35,F,6143,7138,13281,995,0.1619729773726192
16433,94538,58,55-59,F,6172,7110,13282,938,0.1519766688269604
18375,77380,40,40-44,F,6565,6718,13283,153,0.0233054074638233
14707,43201,62,60-64,M,6539,6744,13283,205,0.0313503593821685
17864,97209,41,40-44,F,6439,6844,13283,405,0.0628979655225966
7828,46033,47,45-49,M,6400,6883,13283,483,0.07546875
1610,37345,33,Under 35,M,5699,7585,13284,1886,0.3309352517985611
21632,33611,46,45-49,F,6627,6657,13284,30,0.0045269352648257
11021,26554,35,35-39,F,5735,7550,13285,1815,0.3164777680906713
16017,60515,45,45-49,F,6363,6922,13285,559,0.0878516423070878
5938,02138,31,Under 35,M,5764,7522,13286,1758,0.3049965301873699
16815,02114,23,Under 35,F,6345,6941,13286,596,0.0939322301024428
18623,19014,42,40-44,F,6320,6967,13287,647,0.1023734177215189
17142,02421,55,55-59,M,6094,7194,13288,1100,0.1805054151624548
12930,49441,56,55-59,M,5963,7325,13288,1362,0.2284085192017441
15295,10001,25,Under 35,F,6016,7272,13288,1256,0.2087765957446808
2724,78414,39,35-39,M,5384,7904,13288,2520,0.4680534918276374
25686,02148,25,Under 35,F,6381,6908,13289,527,0.0825889359034634
18848,06820,58,55-59,F,6323,6967,13290,644,0.1018503874743001
10194,48226,30,Under 35,F,5814,7476,13290,1662,0.2858617131062951
27326,03079,30,Under 35,M,6393,6897,13290,504,0.0788362271234162
10607,77573,47,45-49,M,5539,7751,13290,2212,0.3993500631883011
17620,46033,55,55-59,M,6179,7112,13291,933,0.1509953066839294
20149,20109,58,55-59,F,6380,6911,13291,531,0.0832288401253918
12178,22201,34,Under 35,F,6381,6910,13291,529,0.0829023664002507
14769,93631,34,Under 35,F,5932,7360,13292,1428,0.2407282535401213
20722,14120,50,50-54,F,6400,6892,13292,492,0.076875
20478,97223,60,60-64,M,6595,6697,13292,102,0.0154662623199393
19842,85749,48,45-49,F,6528,6764,13292,236,0.0361519607843137
4774,77318,46,45-49,M,5784,7509,13293,1725,0.2982365145228215
14448,84642,43,40-44,F,6415,6878,13293,463,0.0721745908028059
20053,01950,47,45-49,F,6576,6718,13294,142,0.0215936739659367
20807,45701,48,45-49,F,6378,6917,13295,539,0.0845092505487613
7954,01776,41,40-44,F,6220,7076,13296,856,0.137620578778135
13787,95816,43,40-44,F,6417,6879,13296,462,0.0719962599345488
18978,54311,41,40-44,F,6273,7023,13296,750,0.119560019129603
25916,01810,20,Under 35,F,6546,6751,13297,205,0.0313168347082187
13964,95650,26,Under 35,F,6330,6967,13297,637,0.1006319115323854
19662,75243,54,50-54,F,6629,6669,13298,40,0.0060340926233217
11444,94123,46,45-49,M,6480,6818,13298,338,0.0521604938271604
18376,77381,43,40-44,F,6566,6733,13299,167,0.0254340542187024
18005,84020,64,60-64,M,6378,6921,13299,543,0.0851364063969896
10818,07030,45,45-49,M,5770,7529,13299,1759,0.3048526863084922
14226,20002,37,35-39,F,6166,7134,13300,968,0.1569899448589036
6875,76065,39,35-39,M,5408,7893,13301,2485,0.4595044378698225
12787,91913,49,45-49,M,6482,6819,13301,337,0.0519901265041653
13798,78704,29,Under 35,F,6561,6740,13301,179,0.0272824264593811
13760,98083,54,50-54,M,6420,6882,13302,462,0.0719626168224299
19136,28605,55,55-59,F,6542,6762,13304,220,0.03362885967594
7933,10504,48,45-49,F,6218,7086,13304,868,0.1395947249919588
12639,55410,60,60-64,M,6013,7291,13304,1278,0.2125394977548644
21584,92130,60,60-64,M,6428,6877,13305,449,0.0698506533914125
20046,80602,48,45-49,F,6430,6875,13305,445,0.0692068429237947
14007,80134,47,45-49,F,6447,6859,13306,412,0.0639056925701876
13253,84045,44,40-44,F,6234,7072,13306,838,0.1344241257619506
12447,80305,27,Under 35,F,5859,7447,13306,1588,0.2710360129714968
14429,20136,31,Under 35,F,6186,7121,13307,935,0.151147752990624
21027,21217,54,50-54,F,6575,6732,13307,157,0.0238783269961977
20988,21239,49,45-49,F,6513,6795,13308,282,0.0432980193459235
19684,90035,46,45-49,F,6370,6938,13308,568,0.0891679748822606
10690,02493,54,50-54,M,5856,7452,13308,1596,0.2725409836065574
19212,14606,60,60-64,M,6472,6837,13309,365,0.0563967861557478
19642,85718,51,50-54,F,6475,6835,13310,360,0.0555984555984555
13185,85226,53,50-54,M,6418,6892,13310,474,0.0738547834216266
30557,78703,36,35-39,F,6197,7114,13311,917,0.1479748265289656
12465,31401,37,35-39,F,6867,6445,13312,-422,-0.0614533275083733
14022,80516,35,35-39,F,6273,7039,13312,766,0.1221106328710345
11365,77096,48,45-49,M,5316,7996,13312,2680,0.5041384499623778
16235,22308,55,55-59,M,6278,7035,13313,757,0.1205798024848678
10616,43055,58,55-59,M,6031,7283,13314,1252,0.2075940971646493
7054,20171,53,50-54,M,6730,6584,13314,-146,-0.0216939078751857
16928,22039,60,60-64,M,5981,7334,13315,1353,0.2262163517806387
12968,20111,34,Under 35,F,6018,7297,13315,1279,0.2125290794283815
20867,48336,49,45-49,F,6514,6801,13315,287,0.0440589499539453
14588,12804,31,Under 35,F,6594,6721,13315,127,0.0192599332726721
19354,89052,49,45-49,F,6380,6935,13315,555,0.0869905956112852
5467,78704,35,35-39,M,6588,6728,13316,140,0.0212507589556769
12932,30021,28,Under 35,F,6136,7180,13316,1044,0.1701434159061277
14111,78704,34,Under 35,F,6588,6728,13316,140,0.0212507589556769
19552,01810,42,40-44,F,6462,6854,13316,392,0.060662333642835
15298,43566,56,55-59,M,6402,6915,13317,513,0.0801312089971883
14483,75093,55,55-59,M,5809,7508,13317,1699,0.2924771905663625
12325,27106,31,Under 35,F,6537,6780,13317,243,0.0371730151445617
15358,27104,39,35-39,F,6537,6780,13317,243,0.0371730151445617
16014,02189,26,Under 35,F,5687,7630,13317,1943,0.3416564093546685
12261,95008,52,50-54,M,5880,7438,13318,1558,0.2649659863945578
13108,23693,51,50-54,M,5904,7414,13318,1510,0.2557588075880759
26044,02109,24,Under 35,F,6029,7290,13319,1261,0.2091557472217614
10257,94087,56,55-59,M,5988,7331,13319,1343,0.2242818971275885
12429,90631,35,35-39,F,6111,7209,13320,1098,0.1796759941089838
8926,92833,46,45-49,M,6123,7197,13320,1074,0.1754042136207741
12489,98903,43,40-44,F,6324,6996,13320,672,0.1062618595825427
14590,53185,33,Under 35,F,6114,7208,13322,1094,0.178933595027805
16103,95926,36,35-39,F,6517,6805,13322,288,0.0441921129353997
18407,33141,41,40-44,F,6233,7092,13325,859,0.1378148564094336
14064,07024,52,50-54,M,5686,7640,13326,1954,0.3436510728104115
13926,32003,51,50-54,M,5926,7400,13326,1474,0.2487343908201147
25434,02186,24,Under 35,M,6471,6855,13326,384,0.0593416782568382
20295,53711,48,45-49,F,6365,6963,13328,598,0.0939512961508248
20572,02445,50,50-54,F,6205,7124,13329,919,0.1481063658340048
18821,46037,45,45-49,F,6693,6637,13330,-56,-0.0083669505453458
13654,48306,55,55-59,M,6284,7046,13330,762,0.1212603437301082
19598,55116,45,45-49,F,6566,6764,13330,198,0.0301553457203777
16729,02474,34,Under 35,F,6003,7328,13331,1325,0.2207229718474096
15198,63379,61,60-64,M,6224,7107,13331,883,0.1418701799485861
16440,57006,43,40-44,F,6271,7060,13331,789,0.125817254026471
15086,94306,55,55-59,M,6615,6716,13331,101,0.0152683295540438
18151,02563,38,35-39,F,6406,6925,13331,519,0.0810177958164221
9163,80211,52,50-54,M,5432,7900,13332,2468,0.4543446244477172
7993,77055,50,50-54,F,6337,6996,13333,659,0.1039924254379043
11343,95678,60,60-64,M,5773,7561,13334,1788,0.309717651134592
13644,84790,31,Under 35,F,6042,7292,13334,1250,0.2068851373717312
20303,20120,51,50-54,F,6437,6897,13334,460,0.0714618611154264
22419,36695,60,60-64,F,6595,6739,13334,144,0.0218347232752084
27366,01860,20,Under 35,F,6815,6519,13334,-296,-0.0434336023477622
17399,77345,46,45-49,F,6307,7028,13335,721,0.1143174250832408
15524,03087,21,Under 35,M,5744,7592,13336,1848,0.3217270194986072
16411,02155,25,Under 35,F,5881,7455,13336,1574,0.2676415575582384
15872,19333,53,50-54,F,6299,7038,13337,739,0.1173202095570725
14695,98012,37,35-39,F,6218,7119,13337,901,0.1449018977163075
14730,95051,54,50-54,F,6614,6723,13337,109,0.0164801935288781
19008,19348,43,40-44,F,6364,6973,13337,609,0.0956945317410433
19373,48214,41,40-44,F,6475,6863,13338,388,0.0599227799227799
12731,30307,28,Under 35,F,5883,7455,13338,1572,0.2672106068332483
12090,60126,45,45-49,F,6247,7091,13338,844,0.1351048503281575
14757,02465,58,55-59,M,6175,7164,13339,989,0.160161943319838
25153,02122,36,35-39,M,6427,6912,13339,485,0.0754628909288937
23959,34747,18,Under 35,F,6443,6896,13339,453,0.0703088623312121
18719,10583,40,40-44,F,6552,6788,13340,236,0.036019536019536
15370,11106,32,Under 35,F,6709,6632,13341,-77,-0.0114771202861827
21217,30033,46,45-49,F,6497,6844,13341,347,0.0534092658149915
18710,66013,50,50-54,F,6536,6806,13342,270,0.0413096695226438
21264,67002,45,45-49,F,6804,6539,13343,-265,-0.0389476778365667
17183,84626,35,35-39,F,6424,6919,13343,495,0.0770547945205479
18582,35244,41,40-44,F,6348,6996,13344,648,0.1020793950850661
9968,98051,48,45-49,M,5724,7621,13345,1897,0.3314116002795248
12619,37064,44,40-44,F,6434,6911,13345,477,0.0741373950885918
12197,37064,46,45-49,F,6434,6911,13345,477,0.0741373950885918
16923,72719,56,55-59,F,6691,6654,13345,-37,-0.0055298161709759
14642,02145,39,35-39,F,6363,6983,13346,620,0.0974383152600974
17022,29466,56,55-59,M,6427,6919,13346,492,0.0765520460557025
27218,02130,32,Under 35,F,6637,6709,13346,72,0.0108482748229621
12936,52803,35,35-39,F,5582,7765,13347,2183,0.3910784664994625
25119,02127,24,Under 35,M,6474,6873,13347,399,0.0616311399443929
8229,02127,37,35-39,M,5334,8014,13348,2680,0.5024371953505812
17156,92324,39,35-39,F,6104,7244,13348,1140,0.1867627785058977
21585,77095,48,45-49,F,6568,6780,13348,212,0.0322777101096224
17471,01824,44,40-44,F,6416,6933,13349,517,0.0805798004987531
21756,97702,51,50-54,F,6199,7150,13349,951,0.1534118406194547
18158,54022,47,45-49,F,6235,7114,13349,879,0.1409783480352847
10296,84009,30,Under 35,F,6028,7321,13349,1293,0.21449900464499
15149,80106,35,35-39,F,6010,7340,13350,1330,0.2212978369384359
7715,98020,35,35-39,M,5907,7443,13350,1536,0.2600304723209751
18725,45431,41,40-44,F,6249,7101,13350,852,0.1363418146903504
13031,17011,61,60-64,F,6024,7327,13351,1303,0.2163014608233731
17236,14617,36,35-39,F,6339,7012,13351,673,0.1061681653257611
14842,01301,42,40-44,F,6344,7007,13351,663,0.1045081967213114
12445,93940,30,Under 35,F,6119,7233,13352,1114,0.1820558914855368
19232,80129,49,45-49,F,6480,6872,13352,392,0.0604938271604938
20657,28115,47,45-49,F,6482,6870,13352,388,0.0598580684973773
28281,02760,33,Under 35,M,6223,7129,13352,906,0.1455889442391129
16332,20878,55,55-59,M,6189,7163,13352,974,0.1573759896590725
19301,01373,44,40-44,F,6440,6912,13352,472,0.0732919254658385
26335,02138,48,45-49,M,6139,7214,13353,1075,0.175109952761036
9254,23323,40,40-44,F,6351,7002,13353,651,0.1025035427491733
20091,02145,48,45-49,F,6425,6928,13353,503,0.0782879377431906
12175,95008,56,55-59,M,5854,7500,13354,1646,0.2811752647762214
18274,17111,35,35-39,F,6248,7108,13356,860,0.1376440460947503
16117,85014,30,Under 35,F,6143,7213,13356,1070,0.1741819957675403
17567,80526,61,60-64,M,6099,7257,13356,1158,0.189867191342843
19845,21152,46,45-49,F,6692,6664,13356,-28,-0.00418410041841
9662,02116,43,40-44,M,5999,7357,13356,1358,0.2263710618436406
18942,78759,60,60-64,M,6413,6943,13356,530,0.0826446280991735
11027,85022,30,Under 35,F,6143,7213,13356,1070,0.1741819957675403
20361,33463,48,45-49,F,6475,6881,13356,406,0.0627027027027027
14267,07920,64,60-64,M,6318,7039,13357,721,0.1141183918961696
4051,85014,35,35-39,M,6144,7213,13357,1069,0.1739908854166666
9482,53211,47,45-49,M,5458,7899,13357,2441,0.447233418834738
19669,02122,56,55-59,F,6535,6823,13358,288,0.0440703902065799
13945,80205,29,Under 35,F,6689,6669,13358,-20,-0.0029899835550904
20050,05602,49,45-49,F,6524,6835,13359,311,0.0476701410177805
19726,13407,63,60-64,M,6354,7005,13359,651,0.1024551463644948
11550,98103,45,45-49,F,5846,7513,13359,1667,0.2851522408484434
21676,05477,51,50-54,F,6480,6879,13359,399,0.061574074074074
9774,49503,45,45-49,M,6108,7251,13359,1143,0.18713163064833
20382,32828,45,45-49,F,6249,7110,13359,861,0.1377820451272203
16717,21742,55,55-59,M,6318,7042,13360,724,0.1145932257043368
18592,36542,43,40-44,F,6550,6810,13360,260,0.0396946564885496
6075,02043,39,35-39,M,5687,7674,13361,1987,0.3493933532618252
14919,22209,55,55-59,M,6271,7091,13362,820,0.1307606442353691
18666,75025,41,40-44,F,6407,6955,13362,548,0.0855314499765881
20299,83442,48,45-49,F,6561,6801,13362,240,0.0365797896662094
20304,22039,52,50-54,F,6268,7095,13363,827,0.1319400127632418
5749,53590,35,35-39,M,5490,7873,13363,2383,0.4340619307832422
30365,01945,23,Under 35,F,6358,7005,13363,647,0.1017615602390688
11862,87122,47,45-49,M,6229,7135,13364,906,0.1454487076577299
5994,48307,25,Under 35,F,5815,7549,13364,1734,0.2981943250214961
19708,90035,45,45-49,F,6591,6774,13365,183,0.02776513427401
5952,11216,40,40-44,M,5710,7655,13365,1945,0.340630472854641
18986,22314,40,40-44,F,6212,7154,13366,942,0.1516419832582099
20020,03813,65,65-69,M,6289,7077,13366,788,0.1252981396088408
19777,97124,63,60-64,M,6311,7055,13366,744,0.1178893994612581
18849,37934,47,45-49,F,6294,7072,13366,778,0.1236097870988242
3832,77382,42,40-44,M,6644,6723,13367,79,0.0118904274533413
7990,19342,61,60-64,M,6532,6836,13368,304,0.0465401102265768
18052,77382,42,40-44,F,6646,6722,13368,76,0.0114354498946734
17571,02459,61,60-64,M,6227,7141,13368,914,0.1467801509555163
7237,02140,34,Under 35,F,5585,7784,13369,2199,0.3937332139659803
15542,90401,61,60-64,M,6322,7047,13369,725,0.1146788990825688
9643,21234,42,40-44,F,6209,7160,13369,951,0.1531647608310517
8582,32541,43,40-44,M,5820,7550,13370,1730,0.2972508591065292
20229,63105,53,50-54,F,6298,7072,13370,774,0.1228961575103207
20836,77019,52,50-54,F,6497,6873,13370,376,0.0578728643989533
18266,10024,59,55-59,F,6303,7068,13371,765,0.1213707758210376
10511,84629,33,Under 35,F,6190,7181,13371,991,0.1600969305331179
9405,32779,47,45-49,M,6232,7140,13372,908,0.1456996148908857
15204,22902,27,Under 35,F,6382,6990,13372,608,0.0952679410842995
19369,01230,60,60-64,F,6533,6839,13372,306,0.0468391244451247
25522,20895,22,Under 35,F,6285,7087,13372,802,0.1276054097056483
10089,08844,45,45-49,M,5720,7653,13373,1933,0.3379370629370629
17542,55116,41,40-44,F,6278,7095,13373,817,0.1301369863013698
16065,84043,42,40-44,F,6123,7250,13373,1127,0.1840601012575534
28794,02118,33,Under 35,M,6112,7261,13373,1149,0.187990837696335
13323,22315,26,Under 35,F,6395,6979,13374,584,0.0913213448006255
7901,40258,66,65-69,M,6342,7032,13374,690,0.1087984862819299
7917,98065,48,45-49,F,6409,6965,13374,556,0.0867530035887033
19725,48104,48,45-49,F,6487,6887,13374,400,0.0616617851086788
11795,10010,27,Under 35,F,5849,7526,13375,1677,0.286715677893657
14100,27609,30,Under 35,F,6665,6710,13375,45,0.0067516879219804
19409,55947,44,40-44,F,6466,6910,13376,444,0.0686668728734921
13599,91350,53,50-54,M,5893,7483,13376,1590,0.2698116409299168
18425,02568,66,65-69,M,6279,7097,13376,818,0.1302755215798694
14925,53081,55,55-59,M,5954,7422,13376,1468,0.2465569365132684
15010,79015,47,45-49,F,6434,6942,13376,508,0.0789555486478085
12082,32765,46,45-49,M,6244,7132,13376,888,0.142216527866752
16925,21030,56,55-59,M,6361,7015,13376,654,0.1028140229523659
30518,30040,42,40-44,M,6481,6896,13377,415,0.0640333281900941
4762,95054,31,Under 35,M,5376,8001,13377,2625,0.48828125
19947,02364,50,50-54,F,6458,6921,13379,463,0.0716940229173118
14797,80841,21,Under 35,F,6325,7055,13380,730,0.1154150197628458
11691,01569,39,35-39,F,6208,7172,13380,964,0.1552835051546391
16403,33133,32,Under 35,F,6148,7233,13381,1085,0.1764801561483409
15180,73072,53,50-54,F,6256,7127,13383,871,0.1392263427109974
10587,43015,45,45-49,M,5747,7636,13383,1889,0.3286932312510875
20023,33137,49,45-49,F,6561,6822,13383,261,0.0397805212620027
10362,02138,31,Under 35,F,6901,6483,13384,-418,-0.0605709317490218
10356,19096,31,Under 35,F,6901,6483,13384,-418,-0.0605709317490218
15821,48823,46,45-49,F,6392,6992,13384,600,0.0938673341677096
17929,07042,42,40-44,F,6330,7055,13385,725,0.1145339652448657
12903,77009,50,50-54,M,5960,7425,13385,1465,0.2458053691275167
14595,97005,42,40-44,F,6255,7130,13385,875,0.1398880895283773
14914,46163,52,50-54,M,6119,7267,13386,1148,0.1876123549599608
13662,37932,44,40-44,F,6138,7248,13386,1110,0.1808406647116324
18992,02114,27,Under 35,F,6378,7008,13386,630,0.0987770460959548
16457,74008,62,60-64,M,6064,7323,13387,1259,0.2076187335092348
20391,90094,48,45-49,F,6538,6849,13387,311,0.0475680636280208
10666,85641,55,55-59,M,6190,7197,13387,1007,0.1626817447495961
5962,75071,39,35-39,M,5590,7797,13387,2207,0.3948121645796064
15376,49009,24,Under 35,F,6396,6991,13387,595,0.0930268918073796
12730,84045,28,Under 35,F,6123,7264,13387,1141,0.1863465621427404
11891,28056,63,60-64,M,5989,7398,13387,1409,0.2352646518617465
11344,90403,28,Under 35,F,6151,7238,13389,1087,0.1767192326450983
14510,43351,46,45-49,F,6036,7353,13389,1317,0.2181908548707753
17688,10128,58,55-59,M,6464,6926,13390,462,0.0714727722772277
16371,50311,29,Under 35,F,6285,7106,13391,821,0.1306284805091487
18157,01876,66,65-69,M,6083,7309,13392,1226,0.201545290152885
22245,34286,50,50-54,F,6660,6732,13392,72,0.0108108108108108
15082,10128,56,55-59,F,6464,6928,13392,464,0.0717821782178217
19648,92130,51,50-54,F,6432,6960,13392,528,0.0820895522388059
26240,53202,27,Under 35,F,6522,6871,13393,349,0.0535111928856179
18479,30040,48,45-49,F,6437,6957,13394,520,0.0807829734348298
20554,21042,62,60-64,M,6611,6783,13394,172,0.0260172439872939
11108,33525,33,Under 35,F,5754,7640,13394,1886,0.3277719847062912
17982,48607,56,55-59,M,6528,6866,13394,338,0.0517769607843137
11296,53545,45,45-49,M,6100,7295,13395,1195,0.1959016393442623
17645,43221,49,45-49,F,6228,7167,13395,939,0.1507707129094412
19901,34112,48,45-49,F,6578,6817,13395,239,0.0363332319854058
7838,40067,47,45-49,M,6368,7027,13395,659,0.1034861809045226
25638,01938,30,Under 35,M,5696,7699,13395,2003,0.3516502808988764
10448,84121,24,Under 35,F,5911,7485,13396,1574,0.2662832008120453
7026,85251,61,60-64,M,6277,7119,13396,842,0.1341405129839095
14128,03060,47,45-49,M,6278,7119,13397,841,0.1339598598279706
14986,14618,49,45-49,F,6435,6962,13397,527,0.0818958818958819
28265,85018,41,40-44,M,6590,6807,13397,217,0.0329286798179059
13631,10538,28,Under 35,F,6293,7104,13397,811,0.1288733513427618
13050,01301,62,60-64,M,5881,7517,13398,1636,0.2781839823159326
7087,04915,38,35-39,M,5785,7614,13399,1829,0.316162489196197
18373,73003,42,40-44,F,6340,7059,13399,719,0.1134069400630914
18854,10522,67,65-69,M,6550,6850,13400,300,0.0458015267175572
6435,75454,52,50-54,M,5337,8064,13401,2727,0.5109612141652614
17240,97006,40,40-44,F,6220,7181,13401,961,0.1545016077170418
17549,19609,56,55-59,M,6393,7009,13402,616,0.0963553887063976
14137,07078,59,55-59,F,6069,7333,13402,1264,0.2082715439116823
30197,02121,34,Under 35,M,6422,6980,13402,558,0.0868888196823419
20594,29651,47,45-49,F,6677,6726,13403,49,0.0073386251310468
11542,78749,38,35-39,F,6112,7291,13403,1179,0.1928992146596858
18529,18103,61,60-64,M,6251,7153,13404,902,0.1442969124940009
10747,48313,38,35-39,F,5784,7620,13404,1836,0.3174273858921161
17738,02645,62,60-64,M,6127,7277,13404,1150,0.1876938142647299
1159,19014,32,Under 35,M,4907,8499,13406,3592,0.7320154880782556
16637,53558,44,40-44,F,6608,6798,13406,190,0.0287530266343825
19162,77478,42,40-44,F,6149,7257,13406,1108,0.1801919011221336
10816,95070,53,50-54,M,5721,7685,13406,1964,0.3432966264639049
20573,03810,61,60-64,M,6414,6992,13406,578,0.0901153726223885
11657,06441,60,60-64,M,6173,7233,13406,1060,0.1717155353960797
16010,14609,34,Under 35,F,6239,7167,13406,928,0.1487417855425549
8803,33707,48,45-49,M,6022,7385,13407,1363,0.2263367651942876
13039,53083,56,55-59,M,6562,6846,13408,284,0.0432794879609875
15534,46202,28,Under 35,F,6462,6946,13408,484,0.0748994119467657
10539,18411,51,50-54,M,5713,7695,13408,1982,0.3469280588132329
17715,18017,63,60-64,F,6430,6979,13409,549,0.0853810264385692
12853,77070,47,45-49,M,5931,7479,13410,1548,0.2610015174506828
9621,94112,50,50-54,M,5907,7503,13410,1596,0.2701879126460132
19236,63090,40,40-44,F,6580,6831,13411,251,0.0381458966565349
1928,01581,48,45-49,M,6487,6924,13411,437,0.0673655002312317
10698,10028,26,Under 35,F,6280,7131,13411,851,0.1355095541401274
9700,22315,46,45-49,M,5884,7527,13411,1643,0.2792318150917743
13464,10023,25,Under 35,F,6281,7130,13411,849,0.1351695589874224
6343,95822,45,45-49,M,5613,7799,13412,2186,0.3894530554070907
16660,02481,49,45-49,F,6487,6925,13412,438,0.0675196546940034
9666,10023,49,45-49,M,6281,7131,13412,850,0.1353287693042509
19704,18018,48,45-49,F,6433,6979,13412,546,0.0848748639825897
3957,06525,27,Under 35,M,6425,6987,13412,562,0.0874708171206225
15234,01701,30,Under 35,F,5888,7524,13412,1636,0.2778532608695652
12245,27262,22,Under 35,F,5745,7668,13413,1923,0.3347258485639686
16409,06525,58,55-59,M,6426,6987,13413,561,0.0873015873015873
15714,37212,58,55-59,M,6209,7204,13413,995,0.160251248188114
11971,41011,27,Under 35,F,6026,7387,13413,1361,0.2258546299369399
7084,56288,40,40-44,M,5547,7866,13413,2319,0.4180638182801514
20254,32806,61,60-64,M,6487,6926,13413,439,0.0676738091567751
24759,02474,34,Under 35,M,5830,7583,13413,1753,0.3006861063464837
12783,32205,58,55-59,M,5985,7430,13415,1445,0.2414369256474519
15546,91711,58,55-59,F,6362,7053,13415,691,0.1086136435083307
28970,02467,22,Under 35,F,6005,7411,13416,1406,0.2341382181515403
24092,02466,44,40-44,M,6751,6665,13416,-86,-0.0127388535031847
18964,10506,45,45-49,F,6140,7276,13416,1136,0.1850162866449511
16300,30450,38,35-39,F,6343,7074,13417,731,0.1152451521362131
20432,03755,47,45-49,F,6491,6927,13418,436,0.0671699275920505
15011,02141,39,35-39,F,6051,7367,13418,1316,0.2174847132705337
27830,20009,43,40-44,M,6617,6801,13418,184,0.0278071633670847
19816,77055,50,50-54,F,6514,6905,13419,391,0.0600245624808105
18119,98199,36,35-39,F,6293,7126,13419,833,0.132369299221357
18783,29708,42,40-44,F,6209,7211,13420,1002,0.1613786439040103
14072,12019,46,45-49,F,6355,7065,13420,710,0.1117230527143981
12019,02043,47,45-49,M,6110,7310,13420,1200,0.1963993453355155
11544,97302,33,Under 35,F,6296,7124,13420,828,0.1315120711562897
21471,91776,48,45-49,F,6681,6739,13420,58,0.0086813351294716
15713,02478,53,50-54,F,6354,7067,13421,713,0.1122127793515895
20464,19067,52,50-54,F,6412,7010,13422,598,0.0932626325639426
17026,28748,39,35-39,F,6404,7018,13422,614,0.0958775765146783
12192,43502,53,50-54,M,6062,7360,13422,1298,0.2141207522269878
20307,91354,46,45-49,F,6590,6833,13423,243,0.0368740515933232
17049,05495,43,40-44,F,6379,7045,13424,666,0.1044050791660134
14061,21704,22,Under 35,F,6395,7029,13424,634,0.0991399530883502
12812,03870,56,55-59,M,6146,7279,13425,1133,0.1843475431174747
19594,30269,51,50-54,F,6507,6919,13426,412,0.0633164284616566
12093,37135,30,Under 35,F,5645,7782,13427,2137,0.3785651018600531
16695,80126,43,40-44,F,6641,6787,13428,146,0.0219846408673392
6501,20002,38,35-39,M,6485,6943,13428,458,0.0706245181187355
11700,11216,25,Under 35,F,6271,7157,13428,886,0.1412852814543135
26409,01742,26,Under 35,F,6357,7072,13429,715,0.1124744376278118
18987,07901,60,60-64,M,6431,6998,13429,567,0.088166692582802
10750,33606,33,Under 35,F,5635,7794,13429,2159,0.3831410825199645
16145,02130,29,Under 35,F,6378,7051,13429,673,0.1055189714644089
18702,28374,48,45-49,F,6104,7328,13432,1224,0.200524246395806
19368,92663,61,60-64,F,6508,6924,13432,416,0.0639213275968039
12155,60611,27,Under 35,F,6070,7363,13433,1293,0.2130148270181219
14044,69141,33,Under 35,F,5912,7522,13434,1610,0.2723274695534506
13542,01938,28,Under 35,F,5973,7461,13434,1488,0.2491210447011552
14942,02176,56,55-59,M,6178,7256,13434,1078,0.1744901262544513
30618,27540,38,35-39,F,6757,6680,13437,-77,-0.0113955897587686
17328,03087,40,40-44,F,6192,7245,13437,1053,0.1700581395348837
12946,06035,27,Under 35,F,5797,7641,13438,1844,0.3180955666724168
18256,91801,59,55-59,M,6508,6930,13438,422,0.0648432698217578
25615,06890,40,40-44,M,5906,7532,13438,1626,0.2753132407720962
20334,01810,66,65-69,M,6428,7011,13439,583,0.0906969508400746
22548,45840,67,65-69,M,6504,6935,13439,431,0.0662669126691267
14095,64050,42,40-44,F,6287,7152,13439,865,0.1375854938762525
16046,10801,45,45-49,F,5989,7450,13439,1461,0.2439472366004341
16159,02140,36,35-39,F,6376,7064,13440,688,0.1079046424090338
6642,80301,35,35-39,M,5923,7517,13440,1594,0.2691203781867297
13930,48331,60,60-64,F,6849,6592,13441,-257,-0.0375237260914002
9926,30269,52,50-54,M,6583,6858,13441,275,0.0417742670514962
25233,02135,25,Under 35,M,6487,6954,13441,467,0.0719901341143826
14189,84065,30,Under 35,F,6092,7349,13441,1257,0.2063361785948785
18047,27612,56,55-59,M,6520,6922,13442,402,0.0616564417177914
20242,80023,60,60-64,M,6701,6741,13442,40,0.0059692583196537
9411,33196,45,45-49,M,6039,7404,13443,1365,0.2260307998012916
15351,76248,31,Under 35,F,6272,7171,13443,899,0.1433354591836734
16716,40026,44,40-44,F,6508,6935,13443,427,0.0656115550092194
11332,30309,22,Under 35,F,6291,7152,13443,861,0.1368621840724845
16650,48306,56,55-59,M,6001,7443,13444,1442,0.2402932844525912
26156,12866,35,35-39,M,6255,7189,13444,934,0.1493205435651478
13468,60515,46,45-49,M,6184,7261,13445,1077,0.1741591203104786
9404,17603,45,45-49,M,5753,7692,13445,1939,0.3370415435424995
22199,08536,57,55-59,F,6560,6885,13445,325,0.0495426829268292
19696,92620,55,55-59,F,6586,6860,13446,274,0.0416034011539629
19271,02539,44,40-44,F,6703,6743,13446,40,0.0059674772489929
15707,94563,51,50-54,M,6408,7039,13447,631,0.0984706616729088
13393,02465,40,40-44,F,6121,7326,13447,1205,0.1968632576376409
16876,46074,60,60-64,M,6275,7172,13447,897,0.1429482071713147
11327,02127,28,Under 35,F,6389,7059,13448,670,0.1048677414305838
15425,98103,29,Under 35,F,6214,7234,13448,1020,0.1641454779530093
9678,02330,45,45-49,M,5875,7573,13448,1698,0.2890212765957446
13829,20815,50,50-54,M,7005,6443,13448,-562,-0.0802284082798001
11462,98011,48,45-49,M,5767,7682,13449,1915,0.3320617305358072
19145,98105,47,45-49,F,6304,7145,13449,841,0.1334073604060913
8961,18470,42,40-44,M,5982,7468,13450,1486,0.248411902373788
12765,91941,57,55-59,M,6062,7389,13451,1327,0.2189046519300561
21624,14610,52,50-54,F,6581,6870,13451,289,0.0439142987387934
20085,19087,56,55-59,F,6321,7131,13452,810,0.1281442809682012
14433,95618,45,45-49,F,6208,7244,13452,1036,0.166881443298969
10878,83864,44,40-44,F,5984,7468,13452,1484,0.2479946524064171
26575,02114,26,Under 35,M,6429,7023,13452,594,0.0923938404106392
20713,92081,62,60-64,F,6483,6970,13453,487,0.0751195434212556
10267,46227,47,45-49,M,6071,7383,13454,1312,0.2161093724262889
13893,85044,46,45-49,F,6231,7223,13454,992,0.1592039800995024
16758,91042,69,65-69,M,6561,6894,13455,333,0.0507544581618655
10712,77401,46,45-49,M,6434,7021,13455,587,0.0912340690083929
14457,13212,28,Under 35,F,6121,7335,13456,1214,0.1983336056199967
16953,54141,43,40-44,F,6370,7086,13456,716,0.1124018838304552
24452,10605,42,40-44,M,6357,7099,13456,742,0.1167217240836872
10710,78574,52,50-54,M,5731,7725,13456,1994,0.3479322980282673
18406,49503,43,40-44,F,6163,7294,13457,1131,0.1835145221483044
19638,61761,55,55-59,F,6394,7063,13457,669,0.1046293400062558
15859,77904,64,60-64,F,6452,7005,13457,553,0.0857098574085554
18116,19003,42,40-44,F,6347,7111,13458,764,0.1203718292106507
6660,76092,50,50-54,M,6145,7313,13458,1168,0.1900732302685109
8519,94044,47,45-49,F,5596,7862,13458,2266,0.4049320943531093
12394,08837,56,55-59,M,6075,7383,13458,1308,0.2153086419753086
7989,33701,67,65-69,M,6518,6940,13458,422,0.0647437864375575
22581,78745,60,60-64,F,6578,6881,13459,303,0.0460626330191547
8746,06378,51,50-54,M,6575,6884,13459,309,0.0469961977186311
17584,82930,38,35-39,F,6482,6977,13459,495,0.0763653193458809
20172,30215,46,45-49,F,6410,7049,13459,639,0.0996879875195007
18054,48708,40,40-44,F,6227,7232,13459,1005,0.161393929661153
20031,04021,47,45-49,F,6706,6753,13459,47,0.0070086489710706
1751,91343,37,35-39,M,5899,7561,13460,1662,0.2817426682488557
11849,18974,46,45-49,M,5589,7871,13460,2282,0.4083020218285919
15825,63303,53,50-54,F,6597,6865,13462,268,0.0406245262998332
21443,23238,53,50-54,F,6420,7043,13463,623,0.0970404984423676
15223,54155,20,Under 35,F,6011,7452,13463,1441,0.2397271668607553
19894,14472,56,55-59,F,6428,7035,13463,607,0.0944306160547604
16292,14030,29,Under 35,F,6275,7189,13464,914,0.1456573705179283
16959,98059,47,45-49,F,6427,7037,13464,610,0.0949120896219075
19323,10019,47,45-49,F,6492,6972,13464,480,0.0739371534195933
25403,02339,39,35-39,F,6529,6935,13464,406,0.0621841017001072
20612,43054,47,45-49,F,6525,6939,13464,414,0.0634482758620689
9391,83712,49,45-49,M,6054,7411,13465,1357,0.2241493227618103
29874,10037,38,35-39,M,6460,7005,13465,545,0.0843653250773993
21121,38103,64,60-64,M,6680,6785,13465,105,0.0157185628742514
13617,75223,53,50-54,M,5968,7497,13465,1529,0.2561997319034853
25529,06441,27,Under 35,F,6695,6770,13465,75,0.0112023898431665
19706,98260,62,60-64,M,6438,7027,13465,589,0.0914880397639018
16857,02118,36,35-39,F,6254,7211,13465,957,0.1530220658778381
30291,07401,31,Under 35,M,5893,7573,13466,1680,0.2850839979636857
12238,02144,30,Under 35,F,5966,7500,13466,1534,0.2571237009721757
7965,55424,49,45-49,F,6396,7070,13466,674,0.1053783614759224
13931,75013,56,55-59,M,5881,7585,13466,1704,0.2897466417275973
11852,11215,49,45-49,M,6336,7130,13466,794,0.1253156565656565
2887,84664,46,45-49,M,5724,7743,13467,2019,0.3527253668763103
20709,87108,61,60-64,M,6594,6873,13467,279,0.0423111919927206
14530,53154,30,Under 35,F,6048,7420,13468,1372,0.2268518518518518
19540,68123,49,45-49,F,6297,7172,13469,875,0.1389550579641099
16182,78757,60,60-64,M,6146,7323,13469,1177,0.191506671005532
12536,02127,28,Under 35,F,5908,7561,13469,1653,0.279790115098172
17766,49341,37,35-39,F,6264,7206,13470,942,0.1503831417624521
21967,20155,51,50-54,F,6663,6807,13470,144,0.0216118865375956
10982,81611,48,45-49,M,6546,6925,13471,379,0.0578979529483654
18080,92831,54,50-54,F,6314,7158,13472,844,0.1336712068419385
11410,11021,48,45-49,M,5935,7537,13472,1602,0.2699241786015164
17385,02116,38,35-39,F,6735,6737,13472,2,0.0002969561989606
10726,13090,48,45-49,M,6116,7356,13472,1240,0.2027468933943754
20969,10013,50,50-54,F,6576,6897,13473,321,0.0488138686131386
16589,92103,35,35-39,F,6184,7289,13473,1105,0.1786869340232859
18728,06705,48,45-49,F,6709,6764,13473,55,0.008197943061559
16551,35243,38,35-39,F,6353,7120,13473,767,0.1207303636077443
17125,02129,35,35-39,F,6278,7195,13473,917,0.14606562599554
9928,92373,53,50-54,M,6035,7438,13473,1403,0.2324772162386081
20265,17011,63,60-64,M,6593,6881,13474,288,0.0436826937661155
14758,10038,27,Under 35,F,6363,7111,13474,748,0.1175546126041175
17808,46203,35,35-39,F,6272,7202,13474,930,0.1482780612244898
12759,10011,30,Under 35,F,6185,7289,13474,1104,0.1784963621665319
20619,70003,60,60-64,M,6767,6707,13474,-60,-0.0088665582976208
18493,77979,43,40-44,F,6760,6715,13475,-45,-0.0066568047337278
19259,17050,45,45-49,F,6465,7010,13475,545,0.0843000773395205
28739,02125,30,Under 35,M,5592,7884,13476,2292,0.4098712446351931
26913,78746,44,40-44,M,6444,7032,13476,588,0.0912476722532588
13365,67042,54,50-54,M,6213,7264,13477,1051,0.16916143569934
19053,45601,41,40-44,F,6480,6998,13478,518,0.0799382716049382
26205,02360,25,Under 35,M,6264,7214,13478,950,0.1516602809706258
21879,14226,51,50-54,F,6481,6997,13478,516,0.079617343002623
17341,46055,39,35-39,F,6249,7229,13478,980,0.1568250920147223
26893,28202,22,Under 35,M,6203,7276,13479,1073,0.1729808157343221
2874,77098,20,Under 35,M,5892,7587,13479,1695,0.2876782077393075
18872,92120,40,40-44,F,6568,6912,13480,344,0.0523751522533495
6958,07757,45,45-49,M,6207,7273,13480,1066,0.171741582084743
28295,02129,33,Under 35,M,6589,6891,13480,302,0.0458339657004097
12095,80205,50,50-54,M,6218,7263,13481,1045,0.1680604696043744
21944,07901,54,50-54,F,6696,6785,13481,89,0.0132915173237753
19104,80230,65,65-69,M,6410,7071,13481,661,0.1031201248049922
10958,06840,41,40-44,F,5840,7641,13481,1801,0.3083904109589041
17973,20853,45,45-49,F,6346,7136,13482,790,0.1244878663725181
20938,20878,60,60-64,M,6546,6936,13482,390,0.0595783684692942
15949,98040,62,60-64,F,6468,7014,13482,546,0.0844155844155844
13491,01545,41,40-44,F,6154,7329,13483,1175,0.1909327266818329
17616,62441,38,35-39,F,6364,7119,13483,755,0.1186360779384035
5697,75080,44,40-44,M,6103,7380,13483,1277,0.2092413567098148
21022,27012,62,60-64,M,6555,6929,13484,374,0.0570556826849733
16299,60048,35,35-39,F,6457,7027,13484,570,0.0882762892984358
13661,08077,43,40-44,F,6200,7285,13485,1085,0.175
14117,98040,21,Under 35,F,6340,7145,13485,805,0.1269716088328075
20903,91362,46,45-49,F,6449,7036,13485,587,0.0910218638548612
2120,90066,31,Under 35,M,5848,7638,13486,1790,0.3060875512995896
10321,80538,50,50-54,M,6011,7476,13487,1465,0.2437198469472633
18284,37122,38,35-39,F,6416,7071,13487,655,0.1020885286783042
12319,28209,54,50-54,M,6002,7486,13488,1484,0.2472509163612129
7580,85254,44,40-44,F,6331,7158,13489,827,0.1306270731322066
10636,02492,59,55-59,M,5780,7709,13489,1929,0.3337370242214533
19571,23188,45,45-49,F,6498,6992,13490,494,0.0760233918128654
12797,01824,36,35-39,F,6310,7180,13490,870,0.1378763866877971
29472,02446,38,35-39,F,6594,6896,13490,302,0.0457992114043069
19095,94010,44,40-44,F,6631,6859,13490,228,0.0343839541547277
8395,98052,41,40-44,M,6075,7416,13491,1341,0.2207407407407407
19718,94507,59,55-59,F,6396,7095,13491,699,0.1092870544090056
30623,70605,23,Under 35,M,6343,7148,13491,805,0.126911556046035
22271,04096,69,65-69,M,6660,6831,13491,171,0.0256756756756756
19906,07932,46,45-49,F,6465,7027,13492,562,0.0869296210363495
21589,11363,66,65-69,M,6138,7354,13492,1216,0.1981101335940045
18624,78249,46,45-49,F,6629,6863,13492,234,0.0352994418464323
19926,02138,46,45-49,F,6387,7105,13492,718,0.1124158446845154
18650,14903,46,45-49,F,6393,7100,13493,707,0.11058970749257
18957,92688,60,60-64,M,6275,7218,13493,943,0.1502788844621514
21904,01545,52,50-54,F,6762,6732,13494,-30,-0.0044365572315882
16798,47150,44,40-44,F,6202,7292,13494,1090,0.1757497581425346
24083,02492,44,40-44,F,6424,7070,13494,646,0.1005603985056039
19287,10028,45,45-49,F,6404,7090,13494,686,0.1071205496564647
16967,33704,38,35-39,F,6407,7088,13495,681,0.1062899953176213
8824,02332,55,55-59,M,6538,6957,13495,419,0.0640868767207097
20428,10036,46,45-49,F,6258,7238,13496,980,0.1565995525727069
19138,10543,56,55-59,M,6501,6996,13497,495,0.0761421319796954
19500,44256,60,60-64,M,6250,7248,13498,998,0.15968
18730,78041,41,40-44,F,5931,7567,13498,1636,0.2758388130163547
20314,01007,52,50-54,F,6635,6864,13499,229,0.0345139412207987
16543,60605,46,45-49,F,6393,7106,13499,713,0.111528234005944
8883,26508,48,45-49,M,5763,7736,13499,1973,0.3423564115911851
19092,38002,50,50-54,F,6491,7009,13500,518,0.0798028038822985
16040,02061,22,Under 35,F,6282,7218,13500,936,0.1489971346704871
19251,84664,54,50-54,F,6575,6925,13500,350,0.053231939163498
14327,32137,26,Under 35,F,5892,7608,13500,1716,0.2912423625254582
19699,44139,63,60-64,M,6396,7105,13501,709,0.1108505315822389
7325,53202,41,40-44,M,6519,6982,13501,463,0.0710231630618193
3103,49106,38,35-39,M,5720,7782,13502,2062,0.3604895104895105
14798,75243,50,50-54,F,6414,7088,13502,674,0.105082631743062
13476,08820,52,50-54,M,6098,7404,13502,1306,0.2141685798622499
17133,72712,46,45-49,F,6339,7164,13503,825,0.1301467108376715
17981,22630,41,40-44,F,6476,7027,13503,551,0.0850833848054354
3542,23226,42,40-44,M,5957,7546,13503,1589,0.2667450058754406
16389,48230,27,Under 35,F,6129,7374,13503,1245,0.2031326480665687
24436,02127,26,Under 35,M,6255,7249,13504,994,0.1589128697042366
15319,12144,23,Under 35,F,6356,7149,13505,793,0.1247640025173064
10713,99801,48,45-49,M,5472,8033,13505,2561,0.4680190058479532
16266,80525,31,Under 35,F,6077,7429,13506,1352,0.2224781964785256
10039,75025,60,60-64,M,6330,7176,13506,846,0.133649289099526
9333,32257,48,45-49,M,6271,7235,13506,964,0.1537234890767022
17740,73107,35,35-39,F,6482,7026,13508,544,0.083924714594261
12678,10024,52,50-54,M,6279,7229,13508,950,0.1512979773849339
19320,85044,49,45-49,F,6607,6901,13508,294,0.0444982594218253
13634,28269,50,50-54,M,6176,7333,13509,1157,0.1873380829015544
4813,97501,23,Under 35,M,5129,8381,13510,3252,0.6340417235328524
20869,01001,54,50-54,F,6621,6890,13511,269,0.0406283038815888
10094,85120,27,Under 35,F,5640,7871,13511,2231,0.3955673758865248
8848,02056,54,50-54,M,6032,7479,13511,1447,0.2398872679045093
16852,78624,44,40-44,F,6126,7385,13511,1259,0.2055174665360757
5270,80904,47,45-49,M,6117,7395,13512,1278,0.2089259440902403
12004,43140,46,45-49,M,6406,7107,13513,701,0.1094286606306587
28997,85712,42,40-44,M,6851,6662,13513,-189,-0.0275872135454678
16693,43026,51,50-54,F,6406,7107,13513,701,0.1094286606306587
14231,77386,55,55-59,M,6513,7000,13513,487,0.0747735298633502
14883,43212,30,Under 35,F,6406,7107,13513,701,0.1094286606306587
20164,22205,60,60-64,M,6332,7182,13514,850,0.1342387871130764
10482,95035,44,40-44,F,6644,6871,13515,227,0.0341661649608669
22192,01035,66,65-69,M,6464,7051,13515,587,0.0908106435643564
19818,21804,61,60-64,M,6419,7096,13515,677,0.1054681414550553
14706,97408,51,50-54,M,6043,7472,13515,1429,0.2364719510177064
16900,02481,39,35-39,F,6407,7108,13515,701,0.1094115810831902
17565,78240,55,55-59,M,6397,7119,13516,722,0.1128654056589026
12688,60068,39,35-39,F,6108,7408,13516,1300,0.2128356254092993
13776,93720,36,35-39,F,6670,6847,13517,177,0.0265367316341829
21855,76550,66,65-69,F,6489,7029,13518,540,0.0832177531206657
13814,94305,51,50-54,M,6648,6870,13518,222,0.0333935018050541
17957,11377,57,55-59,M,6551,6967,13518,416,0.0635017554571821
14615,60056,42,40-44,F,6133,7386,13519,1253,0.2043045817707484
20774,43230,61,60-64,M,6679,6840,13519,161,0.0241054050007486
16851,11735,42,40-44,F,6373,7146,13519,773,0.1212929546524399
15702,35802,59,55-59,M,6110,7409,13519,1299,0.2126022913256955
9241,10036,45,45-49,M,5885,7635,13520,1750,0.2973661852166525
22253,52246,55,55-59,F,6690,6830,13520,140,0.0209267563527653
10045,49083,41,40-44,M,5963,7558,13521,1595,0.2674828106657723
16608,07931,55,55-59,M,6587,6934,13521,347,0.0526795202671929
17815,02030,40,40-44,F,6222,7299,13521,1077,0.1730954676952748
18003,48306,62,60-64,M,6223,7298,13521,1075,0.1727462638598746
14003,14052,25,Under 35,F,6213,7309,13522,1096,0.1764043135361339
6716,92108,39,35-39,M,5923,7600,13523,1677,0.2831335471889245
9018,11702,36,35-39,F,5822,7701,13523,1879,0.3227413260048093
20628,94568,48,45-49,F,6635,6889,13524,254,0.0382818387339864
9529,07043,45,45-49,M,6641,6883,13524,242,0.0364402951362746
17433,10994,53,50-54,F,6229,7296,13525,1067,0.1712955530582758
19317,77498,68,65-69,M,6233,7292,13525,1059,0.1699021338039467
18145,03070,60,60-64,M,6709,6816,13525,107,0.0159487255924877
19289,55902,54,50-54,F,6537,6988,13525,451,0.0689918923053388
18898,33647,41,40-44,F,6278,7248,13526,970,0.1545078050334501
11311,33594,31,Under 35,F,5456,8071,13527,2615,0.4792888563049853
15060,07016,52,50-54,F,6113,7415,13528,1302,0.212988712579748
28519,02445,42,40-44,M,6180,7349,13529,1169,0.1891585760517799
20620,95650,48,45-49,F,6430,7099,13529,669,0.1040435458786936
19647,02446,57,55-59,F,6528,7002,13530,474,0.072610294117647
8188,01760,45,45-49,M,5336,8194,13530,2858,0.5356071964017991
17727,24014,47,45-49,F,6617,6913,13530,296,0.044733262807919
17378,95519,44,40-44,F,6598,6933,13531,335,0.0507729615034859
12935,87106,52,50-54,M,6277,7254,13531,977,0.1556476023578142
19149,46037,41,40-44,F,6523,7009,13532,486,0.0745055955848535
25177,02113,31,Under 35,F,6720,6812,13532,92,0.0136904761904761
17849,60955,55,55-59,M,6311,7221,13532,910,0.1441926794485818
16904,37087,55,55-59,M,6100,7434,13534,1334,0.2186885245901639
21021,30080,54,50-54,F,6709,6825,13534,116,0.0172902071843791
14582,33401,57,55-59,M,6307,7228,13535,921,0.1460282226097986
16593,45242,35,35-39,F,6419,7116,13535,697,0.1085838915718959
16184,98103,33,Under 35,F,6238,7297,13535,1059,0.1697659506252004
14312,12603,44,40-44,F,6661,6875,13536,214,0.0321273082119801
18313,91011,55,55-59,M,6437,7099,13536,662,0.102842939257418
20401,41017,50,50-54,F,6466,7070,13536,604,0.0934116919270027
7854,27455,54,50-54,M,6150,7388,13538,1238,0.20130081300813
22561,04074,66,65-69,M,6383,7155,13538,772,0.1209462635124549
21081,92110,47,45-49,F,6156,7383,13539,1227,0.199317738791423
11745,03461,48,45-49,M,6353,7186,13539,833,0.1311191563041083
21640,19426,48,45-49,F,6767,6773,13540,6,0.000886655829762
21889,10306,52,50-54,F,6101,7439,13540,1338,0.2193083101130962
11718,91790,40,40-44,F,5992,7549,13541,1557,0.2598464619492657
6337,54401,38,35-39,M,6091,7450,13541,1359,0.2231160728944344
18200,60156,39,35-39,F,6444,7097,13541,653,0.1013345747982619
8551,10033,49,45-49,M,5739,7802,13541,2063,0.3594702909914619
8343,17042,42,40-44,M,5646,7896,13542,2250,0.3985122210414453
11492,34695,36,35-39,F,6570,6972,13542,402,0.0611872146118721
11922,84040,41,40-44,F,6268,7274,13542,1006,0.1604977664326739
21458,33462,49,45-49,F,6515,7027,13542,512,0.0785878741366078
7704,20176,51,50-54,F,6414,7129,13543,715,0.111474898659183
20968,28226,52,50-54,F,6611,6932,13543,321,0.0485554379065194
12929,55044,51,50-54,M,5925,7619,13544,1694,0.2859071729957806
9124,01776,52,50-54,M,6316,7228,13544,912,0.1443951868271057
7617,11369,41,40-44,M,5950,7594,13544,1644,0.2763025210084033
21209,80002,46,45-49,F,6446,7098,13544,652,0.1011479987589202
17572,75254,44,40-44,F,6607,6938,13545,331,0.0500983805055244
18526,22301,44,40-44,F,6467,7078,13545,611,0.0944796659965981
20693,30126,45,45-49,F,6315,7232,13547,917,0.1452098178939034
15327,70124,45,45-49,F,6269,7278,13547,1009,0.16095070984208
17390,66208,39,35-39,F,6404,7143,13547,739,0.1153966271080574
8530,91739,43,40-44,M,6442,7105,13547,663,0.1029183483390251
20965,63385,55,55-59,F,6516,7031,13547,515,0.0790362185389809
17863,84664,42,40-44,F,6395,7153,13548,758,0.1185301016419077
15244,55378,28,Under 35,F,5969,7579,13548,1610,0.2697269224325683
7263,46033,43,40-44,M,6099,7449,13548,1350,0.2213477619281849
7257,74137,45,45-49,M,5251,8298,13549,3047,0.5802704246810131
15219,35222,32,Under 35,F,6712,6837,13549,125,0.0186233611442193
22613,75033,54,50-54,F,6536,7014,13550,478,0.0731334149326805
20891,53213,61,60-64,M,6641,6909,13550,268,0.0403553681674446
26298,02671,26,Under 35,M,6208,7343,13551,1135,0.1828286082474226
19905,92604,48,45-49,F,6484,7068,13552,584,0.0900678593460826
2939,01702,33,Under 35,M,5812,7741,13553,1929,0.331899518238128
18547,04040,62,60-64,M,6349,7204,13553,855,0.1346668766734919
15346,11735,40,40-44,F,6226,7327,13553,1101,0.1768390619980726
18868,60647,41,40-44,F,6729,6824,13553,95,0.0141179967305691
19362,44720,44,40-44,F,6733,6821,13554,88,0.0130699539581167
18857,84660,41,40-44,F,6468,7086,13554,618,0.0955473098330241
17195,97031,35,35-39,F,6295,7260,13555,965,0.1532962668784749
17784,74107,37,35-39,F,6421,7134,13555,713,0.1110418937860146
12609,27502,41,40-44,F,6115,7440,13555,1325,0.2166802943581357
17983,41051,35,35-39,F,6259,7296,13555,1037,0.1656814187569899
11179,94539,52,50-54,M,6396,7160,13556,764,0.1194496560350218
14218,84041,32,Under 35,F,6258,7299,13557,1041,0.1663470757430489
17420,94539,47,45-49,F,6396,7161,13557,765,0.1196060037523452
20306,64034,47,45-49,F,6679,6878,13557,199,0.0297948794729749
15844,75048,59,55-59,F,6389,7168,13557,779,0.1219283142901862
19102,11377,46,45-49,F,6419,7138,13557,719,0.1120112167004206
17502,11106,40,40-44,F,6378,7181,13559,803,0.1259015365318281
19140,97201,48,45-49,F,6362,7197,13559,835,0.1312480352090537
26497,02114,23,Under 35,M,6355,7205,13560,850,0.1337529504327301
21666,03246,67,65-69,M,6807,6753,13560,-54,-0.007933010136624
13804,80112,51,50-54,M,6105,7456,13561,1351,0.2212940212940213
13395,21224,26,Under 35,F,5910,7651,13561,1741,0.294585448392555
21018,23229,54,50-54,F,6709,6853,13562,144,0.0214637054702638
19178,04101,60,60-64,M,6680,6882,13562,202,0.0302395209580838
18117,53211,55,55-59,M,5989,7573,13562,1584,0.264484888963099
20284,03833,70,70-74,F,6692,6870,13562,178,0.0265989240884638
15533,30601,29,Under 35,F,6273,7289,13562,1016,0.1619639725809022
24188,20009,38,35-39,M,6201,7362,13563,1161,0.1872278664731494
18771,80113,45,45-49,F,6442,7121,13563,679,0.1054020490530891
24034,02155,23,Under 35,M,6218,7346,13564,1128,0.1814088131231907
21005,85041,50,50-54,F,6603,6962,13565,359,0.0543692261093442
20029,53045,57,55-59,F,6349,7216,13565,867,0.1365569381004882
17087,60614,37,35-39,F,6445,7120,13565,675,0.1047323506594259
27664,01970,35,35-39,M,6104,7462,13566,1358,0.2224770642201834
20332,28012,49,45-49,F,6507,7059,13566,552,0.0848317196864914
24252,01945,19,Under 35,M,6156,7410,13566,1254,0.2037037037037037
8466,46750,43,40-44,M,5637,7929,13566,2292,0.4065992549228313
20931,95118,46,45-49,F,6669,6897,13566,228,0.0341880341880341
16340,80133,29,Under 35,F,6322,7245,13567,923,0.1459981018664979
19343,08050,61,60-64,M,6601,6966,13567,365,0.0552946523254052
11186,37803,38,35-39,F,6254,7313,13567,1059,0.1693316277582347
17832,37803,35,35-39,F,6255,7312,13567,1057,0.1689848121502797
13795,98272,55,55-59,M,6620,6948,13568,328,0.0495468277945619
20453,47401,45,45-49,F,6608,6961,13569,353,0.0534200968523002
18885,77459,42,40-44,F,6319,7250,13569,931,0.1473334388352587
18683,55123,40,40-44,F,6418,7151,13569,733,0.1142100342785914
9913,30345,64,60-64,M,5791,7779,13570,1988,0.3432913141080987
18596,07481,57,55-59,M,6210,7360,13570,1150,0.1851851851851851
16037,06488,55,55-59,M,6265,7306,13571,1041,0.1661612130885874
22546,19083,66,65-69,M,6438,7133,13571,695,0.1079527803665734
19379,07079,42,40-44,F,6451,7121,13572,670,0.1038598666873353
20758,94107,48,45-49,F,6401,7171,13572,770,0.120293704108733
13205,03870,38,35-39,F,5935,7637,13572,1702,0.2867733782645324
17457,28226,40,40-44,F,6313,7259,13572,946,0.1498495168699509
14519,80210,43,40-44,F,6020,7553,13573,1533,0.2546511627906976
17803,11228,41,40-44,F,6375,7198,13573,823,0.1290980392156862
20739,07450,52,50-54,F,6624,6949,13573,325,0.0490640096618357
15511,44113,31,Under 35,F,6151,7422,13573,1271,0.2066330677938546
11504,43230,32,Under 35,F,6082,7491,13573,1409,0.231667214731996
20477,60091,46,45-49,F,6488,7085,13573,597,0.0920160295930949
7950,02465,55,55-59,M,6279,7295,13574,1016,0.1618092052874661
18411,97008,48,45-49,F,6538,7036,13574,498,0.0761700825940654
14337,44145,62,60-64,M,6020,7554,13574,1534,0.2548172757475083
18944,29036,50,50-54,F,6448,7126,13574,678,0.1051488833746898
15051,30024,55,55-59,M,5982,7592,13574,1610,0.2691407556001337
6428,84004,55,55-59,M,6177,7398,13575,1221,0.1976687712481787
18010,84121,38,35-39,F,6632,6943,13575,311,0.0468938480096501
15260,45140,26,Under 35,F,6241,7334,13575,1093,0.1751321903541099
21375,38135,46,45-49,F,6782,6794,13576,12,0.0017693895606015
8294,19147,49,45-49,M,5294,8282,13576,2988,0.5644125425009444
12924,02072,47,45-49,M,6073,7503,13576,1430,0.2354684669850156
16789,10570,58,55-59,M,6433,7143,13576,710,0.1103684128711332
22573,38139,58,55-59,F,6790,6786,13576,-4,-0.0005891016200294
20092,49653,45,45-49,F,6360,7217,13577,857,0.1347484276729559
13856,98033,52,50-54,M,6004,7573,13577,1569,0.261325782811459
16275,60187,25,Under 35,F,6293,7284,13577,991,0.1574765612585412
18040,90703,43,40-44,F,6670,6907,13577,237,0.0355322338830584
24970,01527,37,35-39,M,6245,7333,13578,1088,0.1742193755004003
24579,02124,54,50-54,M,6377,7201,13578,824,0.12921436412106
20941,03246,65,65-69,M,6622,6956,13578,334,0.0504379341588643
19435,43064,46,45-49,F,6691,6888,13579,197,0.0294425347481691
16973,93611,42,40-44,F,6472,7108,13580,636,0.0982694684796044
30493,01507,27,Under 35,F,6431,7149,13580,718,0.1116467112424195
14499,94563,43,40-44,F,6393,7187,13580,794,0.124198341936493
21487,92129,52,50-54,F,6800,6780,13580,-20,-0.0029411764705882
20602,02332,46,45-49,F,6463,7118,13581,655,0.1013461240909794
17020,75243,56,55-59,M,6637,6945,13582,308,0.0464065089648937
25803,02215,27,Under 35,M,6627,6955,13582,328,0.0494944922287611
16864,14625,41,40-44,F,6239,7344,13583,1105,0.1771117166212534
18217,14580,41,40-44,F,6250,7333,13583,1083,0.17328
12562,46350,32,Under 35,F,6262,7321,13583,1059,0.1691152986266368
20883,22901,45,45-49,F,6697,6888,13585,191,0.0285202329401224
13879,21777,23,Under 35,F,6012,7576,13588,1564,0.260146373918829
17277,83616,43,40-44,F,6647,6941,13588,294,0.0442304799157514
8565,54481,41,40-44,M,5289,8300,13589,3011,0.569294762715069
10516,80906,46,45-49,M,5960,7630,13590,1670,0.2802013422818792
14990,67401,60,60-64,M,6298,7292,13590,994,0.1578278818672594
18289,80134,43,40-44,F,6397,7194,13591,797,0.1245896513990933
18286,84009,37,35-39,F,6398,7193,13591,795,0.1242575804939043
14912,94131,31,Under 35,F,6216,7376,13592,1160,0.1866151866151866
8174,52246,44,40-44,M,6639,6953,13592,314,0.0472962795601747
14775,02127,26,Under 35,F,6087,7507,13594,1420,0.2332840479710859
17885,57719,37,35-39,F,6266,7328,13594,1062,0.1694861155442068
21366,02864,49,45-49,F,6813,6781,13594,-32,-0.0046969029795978
29518,03221,39,35-39,M,6727,6868,13595,141,0.0209603092017243
14617,82604,38,35-39,F,6348,7247,13595,899,0.1416194076874606
12864,02747,60,60-64,M,5979,7617,13596,1638,0.2739588559959859
19443,06073,44,40-44,F,6484,7113,13597,629,0.0970080197409006
17179,01532,36,35-39,F,6217,7381,13598,1164,0.1872285668328775
20654,38632,46,45-49,F,6454,7144,13598,690,0.1069104431360396
7099,06378,36,35-39,M,6223,7375,13598,1152,0.1851197171782098
9216,21401,47,45-49,M,5587,8013,13600,2426,0.4342223017719706
22481,71203,65,65-69,M,6715,6885,13600,170,0.0253164556962025
18604,33324,42,40-44,F,6431,7169,13600,738,0.1147566474887264
13401,28806,50,50-54,M,6839,6762,13601,-77,-0.0112589559877175
10350,94551,57,55-59,M,5932,7669,13601,1737,0.2928186109238031
16209,59106,21,Under 35,F,6564,7037,13601,473,0.07205971968312
13911,14063,50,50-54,F,6270,7331,13601,1061,0.1692185007974481
16720,44116,40,40-44,F,6283,7318,13601,1035,0.1647302244150883
26699,98103,25,Under 35,F,6283,7319,13602,1036,0.1648893840522043
26696,03087,28,Under 35,F,6283,7319,13602,1036,0.1648893840522043
14668,33810,33,Under 35,F,6561,7041,13602,480,0.0731595793324188
22187,01451,60,60-64,M,6209,7394,13603,1185,0.1908519890481559
20288,32829,46,45-49,F,6433,7170,13603,737,0.1145655215296129
30008,02152,29,Under 35,F,6434,7169,13603,735,0.1142368666459434
5241,65109,44,40-44,M,6750,6853,13603,103,0.0152592592592592
20051,66618,66,65-69,M,6464,7140,13604,676,0.104579207920792
19739,68137,51,50-54,F,6505,7100,13605,595,0.091468101460415
18754,55317,44,40-44,F,6603,7002,13605,399,0.060427078600636
11367,98001,42,40-44,F,6670,6936,13606,266,0.0398800599700149
16797,93003,43,40-44,F,6253,7353,13606,1100,0.1759155605309451
15117,55414,25,Under 35,F,6389,7217,13606,828,0.1295977461261543
15174,49690,57,55-59,M,6274,7333,13607,1059,0.1687918393369461
13151,44004,55,55-59,M,6081,7526,13607,1445,0.237625390560763
1429,43025,32,Under 35,M,6035,7573,13608,1538,0.2548467274233637
18826,10560,65,65-69,M,6472,7136,13608,664,0.1025957972805933
15055,83274,25,Under 35,F,6360,7249,13609,889,0.1397798742138364
28283,10024,37,35-39,M,6129,7480,13609,1351,0.2204274759340838
16318,94022,53,50-54,F,6300,7309,13609,1009,0.1601587301587301
1290,46766,43,40-44,M,6035,7574,13609,1539,0.2550124275062138
21529,20814,50,50-54,F,6722,6887,13609,165,0.0245462659922642
21705,66221,67,65-69,M,6624,6985,13609,361,0.0544987922705314
15156,80218,24,Under 35,F,6374,7236,13610,862,0.1352368999058676
2644,21782,26,Under 35,M,5398,8213,13611,2815,0.521489440533531
17001,37922,52,50-54,F,6741,6870,13611,129,0.0191366266132621
30574,11211,33,Under 35,F,6624,6987,13611,363,0.0548007246376811
12758,34787,47,45-49,F,6178,7434,13612,1256,0.2033020394949821
8400,27012,42,40-44,M,6232,7380,13612,1148,0.1842105263157894
19407,20003,40,40-44,F,6291,7321,13612,1030,0.163725957717374
27064,00969,53,50-54,M,6686,6927,13613,241,0.036045468142387
20982,29301,47,45-49,F,6687,6926,13613,239,0.0357409899805592
11082,95630,57,55-59,M,6006,7608,13614,1602,0.2667332667332667
7907,04074,39,35-39,F,6339,7275,13614,936,0.1476573592049219
19001,34787,43,40-44,F,6471,7144,13615,673,0.1040024725699273
5644,98115,40,40-44,M,5788,7827,13615,2039,0.3522805805114029
24346,02127,29,Under 35,M,6565,7051,13616,486,0.074028941355674
15144,61853,30,Under 35,F,6352,7264,13616,912,0.1435768261964735
20171,07042,49,45-49,F,6646,6971,13617,325,0.0489015949443274
19689,78748,47,45-49,F,6192,7426,13618,1234,0.1992894056847545
13574,78759,49,45-49,M,6319,7301,13620,982,0.1554043361291343
28397,02035,29,Under 35,M,6462,7158,13620,696,0.1077065923862581
19877,22901,60,60-64,M,6743,6878,13621,135,0.0200207622719857
10524,10021,55,55-59,M,6590,7032,13622,442,0.067071320182094
18263,29464,38,35-39,F,6423,7200,13623,777,0.120971508640822
20723,99163,56,55-59,F,6765,6858,13623,93,0.0137472283813747
28594,01810,37,35-39,M,6511,7112,13623,601,0.0923053294424819
28584,10580,26,Under 35,M,7304,6319,13623,-985,-0.1348576122672508
28197,10590,25,Under 35,M,7303,6320,13623,-983,-0.1346022182664658
24886,05733,43,40-44,M,6454,7170,13624,716,0.1109389525875426
21807,98844,55,55-59,F,6730,6894,13624,164,0.0243684992570579
20363,95118,47,45-49,F,6328,7297,13625,969,0.1531289506953223
21141,77429,63,60-64,M,6578,7047,13625,469,0.0712982669504408
8937,47172,52,50-54,M,6355,7270,13625,915,0.1439811172305271
18106,12184,53,50-54,F,6250,7376,13626,1126,0.18016
27585,60565,48,45-49,M,6596,7031,13627,435,0.0659490600363856
14889,55044,34,Under 35,F,6230,7397,13627,1167,0.1873194221508828
14915,27526,46,45-49,F,6137,7490,13627,1353,0.2204660257454782
16691,45440,35,35-39,F,6317,7310,13627,993,0.1571948709830616
17282,23693,66,65-69,M,6682,6946,13628,264,0.0395091290032924
16453,27615,28,Under 35,F,5987,7641,13628,1654,0.2762652413562719
15165,06611,28,Under 35,F,6091,7537,13628,1446,0.2373994417993761
19090,98133,57,55-59,M,6615,7013,13628,398,0.0601662887377173
10686,02109,49,45-49,M,5797,7831,13628,2034,0.3508711402449543
12844,18706,41,40-44,F,6268,7360,13628,1092,0.1742182514358647
4586,44136,22,Under 35,M,5585,8044,13629,2459,0.4402864816472694
15563,07712,39,35-39,M,6377,7252,13629,875,0.137211855104281
19883,27513,45,45-49,F,6490,7140,13630,650,0.1001540832049306
22273,01267,49,45-49,F,6764,6867,13631,103,0.0152276759314015
18234,77096,38,35-39,F,6747,6885,13632,138,0.0204535349044019
20696,74137,47,45-49,F,6674,6958,13632,284,0.0425531914893617
20441,30518,60,60-64,M,6138,7494,13632,1356,0.2209188660801564
11502,06001,48,45-49,M,6205,7428,13633,1223,0.1970991136180499
7869,48043,54,50-54,M,5965,7669,13634,1704,0.2856663872590109
16011,20009,23,Under 35,F,5851,7783,13634,1932,0.3301999658178089
13104,90804,46,45-49,F,6587,7047,13634,460,0.0698345225444056
14671,06355,26,Under 35,F,6011,7624,13635,1613,0.2683413741473964
20911,92603,52,50-54,F,6737,6898,13635,161,0.0238978773934985
2967,12804,29,Under 35,M,5222,8414,13636,3192,0.6112600536193029
17318,30062,56,55-59,M,6127,7509,13636,1382,0.2255590011424841
8940,28411,42,40-44,M,5903,7733,13636,1830,0.3100118583770964
13875,16505,54,50-54,M,6036,7601,13637,1565,0.2592776673293572
21065,11109,53,50-54,F,6584,7053,13637,469,0.0712332928311057
14274,19148,30,Under 35,F,6443,7194,13637,751,0.1165606084122303
18414,15229,43,40-44,F,6280,7357,13637,1077,0.1714968152866242
30432,06824,37,35-39,M,6505,7133,13638,628,0.0965411222136817
20578,03249,53,50-54,F,6630,7008,13638,378,0.0570135746606334
10113,11557,47,45-49,M,5936,7702,13638,1766,0.2975067385444744
17800,02453,58,55-59,M,6419,7220,13639,801,0.1247857921794672
20413,02453,54,50-54,F,6420,7219,13639,799,0.1244548286604361
17970,60137,59,55-59,M,6180,7459,13639,1279,0.206957928802589
21690,45248,50,50-54,F,6507,7132,13639,625,0.0960504072537267
7426,48103,50,50-54,M,6107,7533,13640,1426,0.233502538071066
16958,90815,55,55-59,F,6110,7530,13640,1420,0.23240589198036
29488,01923,27,Under 35,M,7011,6630,13641,-381,-0.0543431750106974
17952,30290,48,45-49,F,6176,7465,13641,1289,0.208711139896373
16105,17603,52,50-54,F,6423,7219,13642,796,0.1239296278997353
26352,02127,22,Under 35,F,6610,7032,13642,422,0.0638426626323751
21334,48430,45,45-49,F,6746,6896,13642,150,0.0222353987548176
9332,55906,48,45-49,M,6041,7602,13643,1561,0.2584009269988412
8273,75009,41,40-44,M,5389,8254,13643,2865,0.5316385229170533
18041,98406,35,35-39,F,6419,7224,13643,805,0.1254089422028353
24719,02339,36,35-39,M,6176,7468,13644,1292,0.2091968911917098
12939,84664,25,Under 35,F,6071,7573,13644,1502,0.2474056992258277
26175,02066,42,40-44,M,6326,7318,13644,992,0.1568131520708188
18162,48187,43,40-44,F,6796,6848,13644,52,0.0076515597410241
16872,94901,46,45-49,F,6297,7347,13644,1050,0.1667460695569318
16268,01746,33,Under 35,F,6299,7346,13645,1047,0.1662168598190189
12112,07928,51,50-54,M,6475,7170,13645,695,0.1073359073359073
17845,55417,57,55-59,M,6505,7140,13645,635,0.0976172175249807
9861,22204,60,60-64,M,6726,6919,13645,193,0.0286946179006839
17777,17512,52,50-54,F,6447,7199,13646,752,0.1166434000310221
16858,80209,69,65-69,M,5971,7675,13646,1704,0.285379333444984
5232,17512,51,50-54,M,6446,7201,13647,755,0.1171269004033509
15120,84655,49,45-49,F,6600,7047,13647,447,0.0677272727272727
18715,75013,42,40-44,F,6745,6903,13648,158,0.0234247590808005
7033,63129,44,40-44,M,6094,7554,13648,1460,0.2395799146701673
10660,03461,36,35-39,F,6161,7487,13648,1326,0.2152248011686414
17884,60010,39,35-39,F,6827,6822,13649,-5,-0.0007323861139592
18303,98026,42,40-44,F,6402,7247,13649,845,0.1319900031240237
12165,35630,64,60-64,M,5904,7745,13649,1841,0.3118224932249323
10340,30338,57,55-59,M,6334,7316,13650,982,0.1550363119671613
10146,92109,60,60-64,M,6119,7531,13650,1412,0.2307566595848995
18647,94618,45,45-49,F,6303,7348,13651,1045,0.1657940663176265
18610,89052,48,45-49,F,6474,7177,13651,703,0.1085881989496447
19450,01748,47,45-49,F,6422,7230,13652,808,0.1258175023357209
21453,36527,54,50-54,F,6341,7311,13652,970,0.1529727172370288
18659,02451,60,60-64,M,6133,7519,13652,1386,0.2259905429642915
17149,01852,59,55-59,M,6326,7327,13653,1001,0.1582358520392033
21176,46814,62,60-64,M,6552,7101,13653,549,0.0837912087912087
14357,12065,52,50-54,M,6322,7332,13654,1010,0.1597595697564062
18886,28409,44,40-44,F,6715,6939,13654,224,0.0333581533879374
18671,27502,41,40-44,F,6411,7244,13655,833,0.1299329277803775
16614,02465,48,45-49,F,6344,7311,13655,967,0.1524274905422446
18981,94609,45,45-49,F,6601,7054,13655,453,0.0686259657627632
7260,90012,44,40-44,M,5375,8281,13656,2906,0.5406511627906977
20106,85284,56,55-59,F,6313,7343,13656,1030,0.1631553936321875
30098,02135,22,Under 35,M,6828,6829,13657,1,0.0001464557703573
22299,21204,58,55-59,F,6622,7035,13657,413,0.062367864693446
17177,35242,37,35-39,F,6325,7332,13657,1007,0.1592094861660079
17194,94070,43,40-44,F,6483,7175,13658,692,0.1067407064630572
14420,02421,58,55-59,M,6119,7539,13658,1420,0.2320640627553521
19488,43613,60,60-64,M,6746,6912,13658,166,0.0246071746219982
20216,81615,46,45-49,F,6529,7129,13658,600,0.0918976872415377
19965,80212,51,50-54,F,6548,7110,13658,562,0.0858277336591325
18393,01801,37,35-39,F,6487,7172,13659,685,0.1055958069986126
19605,49024,45,45-49,F,6541,7118,13659,577,0.088212811496713
10469,84062,46,45-49,F,6179,7480,13659,1301,0.2105518692345039
16983,55122,62,60-64,M,6865,6796,13661,-69,-0.0100509832483612
6092,36066,40,40-44,M,6181,7480,13661,1299,0.2101601682575635
19049,02186,47,45-49,F,6561,7100,13661,539,0.0821521109586953
14929,10028,27,Under 35,F,6364,7298,13662,934,0.1467630421118793
16177,44022,28,Under 35,F,6304,7358,13662,1054,0.1671954314720812
11185,58554,36,35-39,F,6469,7193,13662,724,0.1119183799659916
15187,20653,41,40-44,F,6145,7517,13662,1372,0.2232709519934906
14041,92019,32,Under 35,F,6244,7419,13663,1175,0.1881806534272902
6044,20817,41,40-44,M,6054,7609,13663,1555,0.2568549719193921
9953,98103,45,45-49,M,6398,7267,13665,869,0.1358236949046577
10047,84017,34,Under 35,F,6392,7273,13665,881,0.1378285356695869
7714,02135,31,Under 35,M,6621,7044,13665,423,0.0638876302673312
22043,60601,59,55-59,F,6813,6853,13666,40,0.0058711287244972
21973,98229,52,50-54,F,6781,6886,13667,105,0.01548444182274
22401,33157,55,55-59,F,6776,6892,13668,116,0.0171192443919716
17035,85382,50,50-54,F,6125,7543,13668,1418,0.2315102040816326
18688,79423,42,40-44,F,6531,7140,13671,609,0.0932475884244373
14879,43235,61,60-64,M,6196,7476,13672,1280,0.2065848934796643
18870,07446,64,60-64,M,6463,7209,13672,746,0.1154262726288101
9736,92880,45,45-49,M,6282,7392,13674,1110,0.1766953199617956
21133,32751,49,45-49,F,6711,6963,13674,252,0.0375502905677246
16018,22042,40,40-44,F,6063,7612,13675,1549,0.2554840837869042
15469,94025,44,40-44,F,6371,7304,13675,933,0.1464448281274525
19393,62269,44,40-44,F,6389,7287,13676,898,0.1405540773203944
29718,95110,33,Under 35,M,6210,7466,13676,1256,0.2022544283413848
15854,02575,59,55-59,F,6606,7070,13676,464,0.0702391765062064
16818,75036,50,50-54,F,6425,7252,13677,827,0.128715953307393
13332,64086,57,55-59,M,6090,7587,13677,1497,0.2458128078817734
14465,07450,26,Under 35,F,6726,6951,13677,225,0.0334522747546833
11955,92618,52,50-54,M,6012,7666,13678,1654,0.2751164337990685
26928,10024,30,Under 35,M,6849,6829,13678,-20,-0.002920134326179
14646,82604,61,60-64,F,6384,7294,13678,910,0.1425438596491228
17691,10025,63,60-64,F,6606,7072,13678,466,0.0705419315773539
16479,01532,58,55-59,M,6025,7654,13679,1629,0.2703734439834025
20396,59601,48,45-49,F,6546,7133,13679,587,0.0896730827986556
20504,93955,54,50-54,F,6629,7050,13679,421,0.0635088248604616
12945,13118,26,Under 35,F,6040,7639,13679,1599,0.2647350993377483
1394,14068,35,35-39,M,4802,8878,13680,4076,0.8488129945855893
18713,68516,43,40-44,F,6534,7147,13681,613,0.0938169574533211
7920,85142,49,45-49,F,6579,7102,13681,523,0.0794953640370877
3213,91770,24,Under 35,M,6372,7310,13682,938,0.1472065285624607
30250,02129,24,Under 35,F,6515,7167,13682,652,0.1000767459708365
7969,37919,47,45-49,F,6459,7223,13682,764,0.1182845641740207
13808,07109,55,55-59,M,6370,7312,13682,942,0.1478806907378336
16733,58504,66,65-69,M,6268,7414,13682,1146,0.1828334396936821
16673,55044,43,40-44,F,6849,6834,13683,-15,-0.0021901007446342
16677,55044,40,40-44,F,6849,6834,13683,-15,-0.0021901007446342
16988,98001,56,55-59,M,5977,7706,13683,1729,0.2892755562991467
17583,98117,53,50-54,F,6511,7172,13683,661,0.1015205037628628
15712,43054,51,50-54,M,6255,7428,13683,1173,0.1875299760191846
9431,53532,24,Under 35,F,6001,7683,13684,1682,0.2802866188968505
21231,32162,54,50-54,F,6610,7075,13685,465,0.0703479576399394
17189,60048,44,40-44,F,6387,7298,13685,911,0.1426334742445592
12034,19053,29,Under 35,F,5986,7699,13685,1713,0.2861677246909455
22339,02066,56,55-59,F,6629,7057,13686,428,0.0645647910695429
22336,12309,59,55-59,F,6626,7060,13686,434,0.0654995472381527
24003,97212,45,45-49,F,6628,7059,13687,431,0.0650271575135787
21531,28387,61,60-64,M,6544,7143,13687,599,0.0915342298288508
19374,77018,42,40-44,F,6577,7112,13689,535,0.0813440778470427
11949,28704,46,45-49,M,6145,7545,13690,1400,0.2278275020341741
14421,02215,29,Under 35,F,6114,7576,13690,1462,0.2391233235197906
17799,23223,38,35-39,F,6728,6962,13690,234,0.0347800237812128
22238,13365,57,55-59,F,6571,7119,13690,548,0.0833967432658651
16129,84057,49,45-49,F,6842,6849,13691,7,0.001023092662964
16751,60607,56,55-59,M,6423,7268,13691,845,0.1315584617779853
15641,98226,42,40-44,F,6673,7019,13692,346,0.0518507417952944
14301,02644,23,Under 35,F,5641,8051,13692,2410,0.4272292146782485
5436,11201,35,35-39,M,6041,7651,13692,1610,0.2665121668597914
14139,07090,56,55-59,M,5842,7850,13692,2008,0.343717904827114
25287,02446,26,Under 35,M,6330,7363,13693,1033,0.1631911532385466
14956,21040,43,40-44,F,6546,7148,13694,602,0.0919645585090131
12634,53217,67,65-69,M,6257,7438,13695,1181,0.1887486015662458
18230,80526,38,35-39,F,6385,7310,13695,925,0.1448707909162098
9681,43081,49,45-49,M,5809,7886,13695,2077,0.3575486314339817
12640,98370,47,45-49,F,6447,7248,13695,801,0.1242438343415542
9508,96766,51,50-54,M,5982,7713,13695,1731,0.2893681043129388
18850,08848,45,45-49,F,6484,7212,13696,728,0.1122763726095003
17626,98383,38,35-39,F,6447,7249,13696,802,0.1243989452458507
11877,83002,28,Under 35,F,6055,7641,13696,1586,0.2619322873658133
11342,98368,46,45-49,M,6525,7171,13696,646,0.0990038314176245
18352,02061,54,50-54,F,6646,7050,13696,404,0.0607884441769485
19021,19460,58,55-59,M,6364,7332,13696,968,0.152105593966059
25131,98226,44,40-44,M,6314,7383,13697,1069,0.1693063034526449
27012,01702,31,Under 35,F,6373,7324,13697,951,0.1492232857367017
20156,33166,60,60-64,F,6692,7005,13697,313,0.0467722653915122
20820,10472,47,45-49,F,6416,7283,13699,867,0.1351309226932668
29300,02127,25,Under 35,F,6284,7416,13700,1132,0.1801400381922342
5818,94928,38,35-39,M,5314,8387,13701,3073,0.5782837786977795
10570,48169,45,45-49,M,6276,7425,13701,1149,0.1830783938814531
19282,01742,40,40-44,F,6029,7674,13703,1645,0.2728479018079283
14905,73034,64,60-64,M,6429,7274,13703,845,0.13143568206564
18258,99301,37,35-39,F,6464,7240,13704,776,0.120049504950495
12825,06880,59,55-59,F,5998,7706,13704,1708,0.2847615871957319
17140,03608,50,50-54,F,6735,6969,13704,234,0.0347438752783964
21914,92116,66,65-69,M,6380,7325,13705,945,0.1481191222570533
14459,85003,30,Under 35,F,6234,7472,13706,1238,0.1985883862688482
17589,21794,56,55-59,M,6445,7261,13706,816,0.1266097750193948
20661,32839,60,60-64,M,6768,6938,13706,170,0.0251182033096926
26845,02144,30,Under 35,M,6550,7156,13706,606,0.0925190839694656
20035,06518,48,45-49,F,6655,7052,13707,397,0.0596543951915852
10197,33919,42,40-44,F,6263,7444,13707,1181,0.1885677790196391
12709,38139,40,40-44,F,6054,7653,13707,1599,0.2641228939544103
14380,64112,23,Under 35,F,6136,7572,13708,1436,0.2340286831812255
22286,53704,66,65-69,M,6814,6894,13708,80,0.0117405341943058
7148,27617,40,40-44,M,6189,7519,13708,1330,0.2148973986104378
19303,43035,44,40-44,F,6540,7168,13708,628,0.0960244648318042
20583,10583,49,45-49,F,6585,7124,13709,539,0.0818526955201214
29232,10011,26,Under 35,M,6329,7380,13709,1051,0.1660609890978037
17908,75071,44,40-44,F,6318,7391,13709,1073,0.1698322253877809
20225,60091,47,45-49,F,6755,6954,13709,199,0.0294596595114729
20809,30461,51,50-54,F,6748,6961,13709,213,0.0315649081209247
19473,10990,44,40-44,F,6494,7216,13710,722,0.111179550354173
11496,80209,46,45-49,F,6590,7120,13710,530,0.0804248861911987
19727,29466,48,45-49,F,6625,7085,13710,460,0.0694339622641509
16848,22207,35,35-39,F,6564,7147,13711,583,0.0888177940280317
26466,07086,32,Under 35,M,6378,7333,13711,955,0.1497334587645029
3061,98112,24,Under 35,M,6053,7658,13711,1605,0.2651577730051214
12550,11755,48,45-49,M,6074,7638,13712,1564,0.2574909450115245
11500,80209,52,50-54,M,6590,7122,13712,532,0.0807283763277693
4771,35801,27,Under 35,M,5994,7719,13713,1725,0.2877877877877878
12696,08109,46,45-49,M,6173,7540,13713,1367,0.221448242345699
5924,19975,42,40-44,M,5753,7960,13713,2207,0.3836259342951503
8161,60202,58,55-59,M,5709,8004,13713,2295,0.4019968470835522
18778,02170,41,40-44,F,6121,7592,13713,1471,0.2403202091161574
20293,02139,61,60-64,M,6734,6980,13714,246,0.0365310365310365
10201,90010,53,50-54,M,6388,7326,13714,938,0.1468378209142141
16442,13424,55,55-59,M,6287,7427,13714,1140,0.1813265468426912
20512,48025,67,65-69,M,6735,6979,13714,244,0.0362286562731997
17943,65355,44,40-44,F,6712,7002,13714,290,0.0432061978545888
10510,01982,46,45-49,M,5718,7997,13715,2279,0.3985659321441063
11787,92705,47,45-49,M,5909,7807,13716,1898,0.3212049416144864
14195,30315,27,Under 35,F,6125,7592,13717,1467,0.2395102040816326
10614,17402,45,45-49,M,6111,7606,13717,1495,0.2446408116511209
29470,10014,28,Under 35,M,6202,7515,13717,1313,0.2117059013221541
20127,33742,45,45-49,F,6455,7262,13717,807,0.1250193648334624
17169,52807,38,35-39,F,6367,7350,13717,983,0.154389822522381
20247,80204,46,45-49,F,6812,6906,13718,94,0.0137991779213153
17221,49506,36,35-39,F,6201,7517,13718,1316,0.2122238348653443
20670,81403,62,60-64,M,6462,7256,13718,794,0.1228721757969668
14985,06442,52,50-54,M,6034,7684,13718,1650,0.2734504474643686
12013,77382,65,65-69,M,5552,8167,13719,2615,0.4710014409221902
10281,77006,46,45-49,M,5471,8248,13719,2777,0.5075854505574849
29445,90066,28,Under 35,M,6435,7285,13720,850,0.1320901320901321
21876,60502,55,55-59,F,6705,7016,13721,311,0.0463832960477255
16363,01880,27,Under 35,F,6530,7191,13721,661,0.1012251148545176
15826,52641,61,60-64,M,6354,7367,13721,1013,0.1594271325149512
21001,12564,48,45-49,F,6500,7221,13721,721,0.1109230769230769
20870,52245,47,45-49,F,6413,7309,13722,896,0.1397162014657726
15704,06840,57,55-59,M,6350,7372,13722,1022,0.1609448818897637
8713,35043,45,45-49,M,5660,8062,13722,2402,0.4243816254416961
17233,85296,43,40-44,F,6151,7571,13722,1420,0.2308567712567062
20419,28801,46,45-49,F,6595,7128,13723,533,0.0808188021228203
12514,60639,37,35-39,F,6191,7532,13723,1341,0.2166047488289452
8390,53707,23,Under 35,F,6005,7719,13724,1714,0.285428809325562
11417,96008,58,55-59,M,6275,7449,13724,1174,0.1870916334661354
30672,02118,31,Under 35,F,6361,7364,13725,1003,0.1576796101241943
27768,01960,45,45-49,M,6189,7537,13726,1348,0.2178057844562934
8660,02453,48,45-49,M,5843,7884,13727,2041,0.3493068629128872
20429,01036,53,50-54,F,6518,7209,13727,691,0.1060141147591285
9433,77429,45,45-49,M,5948,7779,13727,1831,0.3078345662407531
9628,35173,48,45-49,M,5906,7822,13728,1916,0.3244158482898747
13922,33706,40,40-44,F,6069,7659,13728,1590,0.2619871478002966
14861,10010,44,40-44,F,6273,7456,13729,1183,0.1885860035070939
18672,92130,51,50-54,F,6479,7250,13729,771,0.1189998456551937
21114,93561,49,45-49,F,6677,7052,13729,375,0.0561629474314812
18933,60442,45,45-49,F,6603,7126,13729,523,0.0792064213236407
19453,60053,44,40-44,F,6599,7130,13729,531,0.0804667373844521
17899,23235,47,45-49,F,6619,7111,13730,492,0.0743314700105756
7992,20740,69,65-69,M,6455,7276,13731,821,0.1271882261812548
19260,53190,40,40-44,F,6555,7176,13731,621,0.0947368421052631
17632,80924,40,40-44,F,6507,7225,13732,718,0.1103427078530813
19367,21120,64,60-64,M,6715,7018,13733,303,0.0451228592702903
21474,61920,49,45-49,F,6790,6943,13733,153,0.0225331369661266
16708,80123,37,35-39,F,6106,7628,13734,1522,0.2492630199803472
19603,60540,46,45-49,F,6382,7352,13734,970,0.1519899717956753
15321,60506,55,55-59,M,5910,7824,13734,1914,0.3238578680203046
14188,98126,33,Under 35,F,6356,7379,13735,1023,0.1609502831969792
5478,92129,40,40-44,M,6472,7263,13735,791,0.1222187886279357
18701,32571,50,50-54,F,6425,7311,13736,886,0.1378988326848249
21832,98229,50,50-54,F,6624,7113,13737,489,0.0738224637681159
20814,33190,45,45-49,F,6803,6934,13737,131,0.0192562104953696
17828,95818,44,40-44,F,6543,7196,13739,653,0.099801314381782
11478,19422,47,45-49,M,6039,7701,13740,1662,0.275211127670144
20114,07078,45,45-49,F,6498,7242,13740,744,0.1144967682363804
22255,91030,50,50-54,F,6399,7341,13740,942,0.1472105016408814
19476,96067,51,50-54,F,6575,7166,13741,591,0.0898859315589353
18977,96067,42,40-44,F,6583,7158,13741,575,0.0873461947440376
9429,84084,47,45-49,M,5982,7759,13741,1777,0.2970578401872283
24829,02051,31,Under 35,M,6044,7697,13741,1653,0.2734943745863666
17078,05776,66,65-69,M,6140,7602,13742,1462,0.2381107491856677
20454,63105,63,60-64,M,6563,7180,13743,617,0.0940118848087764
16778,80525,48,45-49,F,6357,7386,13743,1029,0.1618688060405851
3323,80907,41,40-44,M,6162,7581,13743,1419,0.2302823758519961
8420,03857,49,45-49,M,5548,8195,13743,2647,0.4771088680605623
22569,93420,59,55-59,F,6553,7191,13744,638,0.097359987791851
8747,90210,54,50-54,M,6402,7342,13744,940,0.1468291159012808
15856,10024,56,55-59,F,6491,7253,13744,762,0.1173933138191341
26610,02155,28,Under 35,M,6463,7282,13745,819,0.1267213368404765
17980,98004,55,55-59,M,6032,7713,13745,1681,0.2786803713527852
16640,55422,55,55-59,M,6488,7257,13745,769,0.1185265104808877
10734,35242,49,45-49,M,5884,7862,13746,1978,0.3361658735554045
18094,85755,35,35-39,F,6469,7278,13747,809,0.1250579687741536
17286,43606,55,55-59,M,6403,7344,13747,941,0.1469623613930969
19031,30519,62,60-64,M,6298,7450,13748,1152,0.1829152111781518
20128,02635,62,60-64,M,6420,7329,13749,909,0.1415887850467289
4096,20009,25,Under 35,M,5724,8025,13749,2301,0.4019916142557652
20324,76016,62,60-64,M,6548,7202,13750,654,0.0998778252901649
15619,20001,29,Under 35,M,6203,7547,13750,1344,0.2166693535386103
21385,08822,49,45-49,F,6673,7077,13750,404,0.0605424846395923
19750,48108,71,70-74,M,6360,7390,13750,1030,0.1619496855345912
14805,03261,23,Under 35,F,6184,7566,13750,1382,0.2234799482535575
5403,85641,41,40-44,M,5867,7884,13751,2017,0.3437872848133629
19517,68114,62,60-64,M,6797,6954,13751,157,0.0230984257760776
13721,11366,50,50-54,M,6299,7453,13752,1154,0.1832036831243054
20163,71355,53,50-54,F,6677,7075,13752,398,0.0596076082072787
7942,17043,66,65-69,M,6290,7462,13752,1172,0.1863275039745628
21411,10011,55,55-59,F,6835,6917,13752,82,0.0119970738844184
20470,87111,47,45-49,F,6452,7301,13753,849,0.1315871047737135
19072,44087,62,60-64,M,6517,7236,13753,719,0.110326837501918
19131,33131,40,40-44,F,6378,7376,13754,998,0.156475384132957
15833,65804,52,50-54,F,6709,7045,13754,336,0.0500819794306155
16255,44512,31,Under 35,F,6483,7271,13754,788,0.1215486657411692
7855,55901,39,35-39,F,6273,7481,13754,1208,0.1925713374780806
21325,81224,61,60-64,F,6704,7051,13755,347,0.0517601431980906
20015,59802,60,60-64,M,6669,7086,13755,417,0.0625281151596941
2094,32405,31,Under 35,M,6006,7749,13755,1743,0.2902097902097902
16219,12205,32,Under 35,F,6248,7507,13755,1259,0.2015044814340588
16422,77380,63,60-64,M,5986,7769,13755,1783,0.2978616772469094
18735,01844,47,45-49,F,6614,7142,13756,528,0.0798306622316298
7116,07032,39,35-39,M,5779,7978,13757,2199,0.3805156601488146
20090,95678,48,45-49,F,6657,7100,13757,443,0.0665464924140003
14677,04074,39,35-39,F,6077,7680,13757,1603,0.2637814711206187
20825,06903,63,60-64,M,6642,7115,13757,473,0.0712134899126769
24753,38826,35,35-39,M,6238,7519,13757,1281,0.2053542802180186
19424,12603,45,45-49,F,6590,7168,13758,578,0.0877086494688922
14435,78757,42,40-44,F,6432,7326,13758,894,0.1389925373134328
20190,53562,46,45-49,F,6789,6970,13759,181,0.0266607747827367
22771,01876,60,60-64,F,6424,7337,13761,913,0.1421232876712329
18782,35244,45,45-49,F,6777,6984,13761,207,0.0305444887118193
16607,43016,48,45-49,F,5952,7810,13762,1858,0.3121639784946236
16661,02445,47,45-49,F,6498,7264,13762,766,0.1178824253616497
16136,10803,66,65-69,M,6399,7363,13762,964,0.1506485388341928
17158,75218,41,40-44,F,6391,7371,13762,980,0.1533406352683461
25962,02138,21,Under 35,M,6215,7548,13763,1333,0.2144810941271118
15128,94941,55,55-59,M,6462,7301,13763,839,0.1298359640978025
7513,91331,46,45-49,M,6027,7736,13763,1709,0.283557325369172
10191,44139,46,45-49,M,5818,7946,13764,2128,0.3657614300446889
1599,15522,21,Under 35,M,5190,8574,13764,3384,0.6520231213872832
15904,61201,72,70-74,M,6598,7166,13764,568,0.0860866929372537
18632,46037,41,40-44,F,6492,7272,13764,780,0.1201478743068391
13388,98122,50,50-54,M,6232,7532,13764,1300,0.2086007702182285
12881,27104,68,65-69,M,6475,7290,13765,815,0.1258687258687258
8535,98103,41,40-44,M,5245,8520,13765,3275,0.6244041944709247
19730,78501,45,45-49,F,6382,7384,13766,1002,0.1570040739580069
18023,95129,55,55-59,M,6902,6866,13768,-36,-0.0052158794552303
17368,06107,41,40-44,F,6426,7342,13768,916,0.1425459072517896
11789,54913,61,60-64,M,5860,7909,13769,2049,0.3496587030716723
24457,10004,26,Under 35,F,6238,7531,13769,1293,0.2072779737095222
16107,75035,41,40-44,F,6539,7231,13770,692,0.1058265789876127
17304,92009,35,35-39,F,6701,7069,13770,368,0.0549171765408148
19682,55435,57,55-59,F,6717,7053,13770,336,0.0500223313979455
19474,33181,44,40-44,F,6561,7210,13771,649,0.0989178478890413
20726,43016,48,45-49,F,6650,7121,13771,471,0.0708270676691729
10508,64506,47,45-49,M,5895,7876,13771,1981,0.3360474978795589
22432,11777,55,55-59,F,6536,7236,13772,700,0.1070991432068543
19970,20874,70,70-74,M,6463,7310,13773,847,0.1310536902367321
19862,02370,47,45-49,F,6388,7386,13774,998,0.1562304320601127
20838,02360,50,50-54,F,6152,7622,13774,1470,0.2389466840052015
21405,06117,66,65-69,F,6628,7146,13774,518,0.0781532890766445
17477,27609,49,45-49,F,6577,7198,13775,621,0.0944199483046981
15396,64116,62,60-64,M,6361,7414,13775,1053,0.1655400094324791
14637,98072,29,Under 35,F,6474,7302,13776,828,0.1278962001853568
8522,80015,46,45-49,M,6114,7663,13777,1549,0.2533529604187111
18549,85048,42,40-44,F,6603,7175,13778,572,0.0866272906254732
22388,61704,55,55-59,F,6919,6859,13778,-60,-0.0086717733776557
12725,80111,59,55-59,F,6221,7557,13778,1336,0.2147564700208969
22398,63131,56,55-59,F,6792,6986,13778,194,0.0285630153121319
19449,85138,45,45-49,F,6607,7173,13780,566,0.0856667171182079
13142,94131,25,Under 35,F,6566,7214,13780,648,0.0986902223575997
15139,55391,40,40-44,F,6412,7368,13780,956,0.1490954460386774
11693,55904,53,50-54,M,6450,7330,13780,880,0.1364341085271317
17481,21224,34,Under 35,F,6603,7177,13780,574,0.0869301832500378
1790,94131,26,Under 35,M,6566,7214,13780,648,0.0986902223575997
12240,78550,51,50-54,M,6371,7410,13781,1039,0.1630827185685135
18096,07928,55,55-59,M,6504,7277,13781,773,0.118849938499385
15592,27514,20,Under 35,F,6668,7114,13782,446,0.0668866226754649
14777,77079,36,35-39,F,6435,7347,13782,912,0.1417249417249417
18109,60614,38,35-39,F,6382,7400,13782,1018,0.1595111250391726
10200,46077,48,45-49,F,6404,7378,13782,974,0.1520924422236102
20359,01720,60,60-64,M,6517,7266,13783,749,0.1149301825993555
8795,53575,42,40-44,M,6503,7280,13783,777,0.1194833153928955
17794,22205,42,40-44,F,6543,7241,13784,698,0.1066788934739416
17579,53572,36,35-39,F,6503,7281,13784,778,0.1196370905735814
19572,22207,52,50-54,F,6462,7322,13784,860,0.1330857319715258
19738,30075,63,60-64,M,6372,7413,13785,1041,0.1633709981167608
8790,08801,45,45-49,M,5844,7942,13786,2098,0.3590006844626968
17058,70130,46,45-49,F,6739,7047,13786,308,0.0457041104021368
7713,04927,37,35-39,F,6542,7244,13786,702,0.1073066340568633
21190,75013,54,50-54,F,6344,7442,13786,1098,0.173076923076923
13296,28173,54,50-54,M,6177,7610,13787,1433,0.2319896389833252
20054,60640,47,45-49,F,6405,7382,13787,977,0.1525370804059328
16567,90254,37,35-39,F,6700,7087,13787,387,0.0577611940298507
19295,28207,42,40-44,F,6581,7208,13789,627,0.0952742744263789
17984,06037,38,35-39,F,6467,7322,13789,855,0.1322096799134065
10938,20009,27,Under 35,F,6799,6990,13789,191,0.0280923665244888
21445,53186,46,45-49,F,6715,7074,13789,359,0.0534623976172747
21628,31326,52,50-54,F,6686,7103,13789,417,0.0623691295243793
11712,98052,45,45-49,M,6654,7136,13790,482,0.0724376314998497
21572,11796,50,50-54,F,6784,7006,13790,222,0.0327240566037735
21768,49525,63,60-64,F,6628,7162,13790,534,0.0805672902836451
25480,11414,39,35-39,M,6508,7283,13791,775,0.1190842040565458
18166,48374,57,55-59,M,6435,7356,13791,921,0.1431235431235431
11738,33064,50,50-54,M,5831,7960,13791,2129,0.3651174755616532
25043,08736,40,40-44,M,6911,6882,13793,-29,-0.0041962089422659
21049,93257,49,45-49,F,6734,7060,13794,326,0.0484110484110484
24975,33480,50,50-54,M,5972,7822,13794,1850,0.3097789685197589
5814,42378,37,35-39,M,5743,8052,13795,2309,0.4020546752568344
27329,80521,33,Under 35,F,6857,6938,13795,81,0.011812746098877
20714,01860,56,55-59,F,6934,6861,13795,-73,-0.0105278338621286
18454,55024,58,55-59,F,6590,7206,13796,616,0.0934749620637329
26323,02128,18,Under 35,M,6105,7691,13796,1586,0.2597870597870598
24735,10014,36,35-39,M,6294,7502,13796,1208,0.1919288210994598
14553,19130,32,Under 35,F,6443,7353,13796,910,0.1412385534688809
29561,91105,35,35-39,M,7104,6693,13797,-411,-0.0578547297297297
20536,48103,53,50-54,F,6562,7235,13797,673,0.1025601950624809
13124,55418,25,Under 35,F,6075,7722,13797,1647,0.2711111111111111
14830,84032,55,55-59,M,6308,7489,13797,1181,0.1872225745085605
7987,33408,46,45-49,F,6282,7516,13798,1234,0.1964342566061764
21070,23113,52,50-54,F,6730,7068,13798,338,0.050222882615156
13372,10026,55,55-59,M,6250,7548,13798,1298,0.20768
7997,35242,61,60-64,M,6544,7254,13798,710,0.1084963325183374
22159,92592,54,50-54,F,6781,7018,13799,237,0.0349505972570417
13745,93117,31,Under 35,F,6160,7639,13799,1479,0.2400974025974026
24771,02127,27,Under 35,M,6709,7091,13800,382,0.0569384409002832
20326,93309,48,45-49,F,6584,7218,13802,634,0.0962940461725394
4692,46074,20,Under 35,M,5922,7880,13802,1958,0.3306315433975008
5856,32459,35,35-39,M,5950,7852,13802,1902,0.3196638655462185
21441,96710,53,50-54,F,6631,7171,13802,540,0.0814356808927763
20544,02446,49,45-49,F,6285,7517,13802,1232,0.1960222752585521
16257,02492,31,Under 35,F,6594,7208,13802,614,0.0931149529875644
19227,07928,51,50-54,F,6475,7328,13803,853,0.1317374517374517
6530,80027,35,35-39,M,6090,7713,13803,1623,0.2665024630541872
17925,63124,55,55-59,M,6045,7758,13803,1713,0.2833746898263027
14694,14227,35,35-39,F,6440,7363,13803,923,0.1433229813664596
16687,15044,58,55-59,F,6612,7192,13804,580,0.087719298245614
16410,90255,37,35-39,F,6056,7748,13804,1692,0.2793923381770145
26584,02642,31,Under 35,M,6299,7506,13805,1207,0.191617717097952
29466,02115,27,Under 35,F,6705,7101,13806,396,0.0590604026845637
12258,53202,28,Under 35,F,6079,7727,13806,1648,0.2710972199374897
22259,98070,65,65-69,M,6820,6987,13807,167,0.0244868035190615
17143,45226,37,35-39,F,6204,7603,13807,1399,0.2254996776273372
17963,85022,42,40-44,F,6393,7415,13808,1022,0.1598623494447051
15839,32250,51,50-54,F,6838,6970,13808,132,0.0193038900263234
21279,30188,57,55-59,F,6719,7089,13808,370,0.0550677184104777
20240,57108,46,45-49,F,6582,7229,13811,647,0.09829838954725
8959,55435,40,40-44,M,6531,7280,13811,749,0.1146838156484458
20379,43214,52,50-54,F,6853,6958,13811,105,0.0153217568947906
19589,34761,45,45-49,F,6522,7290,13812,768,0.1177552897884084
19709,60521,46,45-49,F,6570,7242,13812,672,0.102283105022831
11986,45208,46,45-49,M,5712,8101,13813,2389,0.4182422969187675
21277,70508,71,70-74,M,6703,7110,13813,407,0.0607190810085036
10606,34747,49,45-49,M,5659,8154,13813,2495,0.4408906167167344
14055,92596,34,Under 35,F,6375,7438,13813,1063,0.1667450980392157
7923,78575,44,40-44,F,6574,7239,13813,665,0.1011560693641618
12102,23060,45,45-49,M,6288,7526,13814,1238,0.196882951653944
17154,10021,43,40-44,F,6446,7368,13814,922,0.1430344399627676
14784,28226,41,40-44,F,6286,7528,13814,1242,0.1975819280941775
13004,44691,53,50-54,M,5922,7892,13814,1970,0.3326578858493752
21497,70817,52,50-54,F,6649,7166,13815,517,0.077756053541886
12716,77479,51,50-54,M,6124,7692,13816,1568,0.256041802743305
17648,93001,56,55-59,M,6434,7386,13820,952,0.14796394156046
12533,58401,43,40-44,F,6625,7196,13821,571,0.086188679245283
17703,10541,56,55-59,M,6409,7412,13821,1003,0.156498673740053
15061,96815,44,40-44,F,6505,7316,13821,811,0.1246733282090699
3780,17055,27,Under 35,M,4870,8952,13822,4082,0.8381930184804928
25288,02108,33,Under 35,M,6401,7421,13822,1020,0.1593501015466333
21048,08618,60,60-64,M,6319,7503,13822,1184,0.1873714195284063
18817,12065,53,50-54,F,6692,7131,13823,439,0.0656007172743574
8143,12901,41,40-44,M,5909,7915,13824,2006,0.3394821458791673
20333,77009,47,45-49,F,6710,7114,13824,404,0.0602086438152011
24994,02135,23,Under 35,M,6259,7565,13824,1306,0.208659530276402
19431,94109,54,50-54,F,6474,7350,13824,876,0.1353104726598702
11189,92603,54,50-54,M,6581,7244,13825,663,0.1007445676948792
21479,49009,56,55-59,F,6870,6956,13826,86,0.0125181950509461
16321,65714,35,35-39,F,6518,7309,13827,791,0.1213562442467014
10209,02134,26,Under 35,F,6261,7566,13827,1305,0.2084331576425491
18212,40243,58,55-59,M,6477,7350,13827,873,0.1347846225104215
11972,63017,49,45-49,M,6317,7511,13828,1194,0.1890137723602976
15067,06013,27,Under 35,F,6432,7396,13828,964,0.1498756218905472
19380,12831,43,40-44,F,6600,7229,13829,629,0.0953030303030303
13765,98038,56,55-59,M,6781,7048,13829,267,0.0393747234921103
8784,95630,45,45-49,M,6190,7640,13830,1450,0.234248788368336
15843,08822,49,45-49,F,6548,7283,13831,735,0.1122480146609651
10705,10463,40,40-44,F,5946,7885,13831,1939,0.3261015808947191
13844,01030,35,35-39,F,6225,7606,13831,1381,0.2218473895582329
15261,58103,29,Under 35,F,6824,7008,13832,184,0.0269636576787807
6693,95129,38,35-39,M,6559,7273,13832,714,0.1088580576307363
22654,63783,62,60-64,F,6323,7511,13834,1188,0.1878854973904792
10210,18036,49,45-49,M,5786,8048,13834,2262,0.3909436571033529
21827,01985,65,65-69,M,6720,7114,13834,394,0.0586309523809523
254,08648,51,50-54,M,6733,7102,13835,369,0.0548046933016486
21878,37934,67,65-69,M,6468,7367,13835,899,0.1389919604205318
15672,94941,41,40-44,F,6404,7432,13836,1028,0.16052467207995
21300,37814,52,50-54,F,6933,6903,13836,-30,-0.0043271311120726
14387,84093,25,Under 35,F,6068,7769,13837,1701,0.280323005932762
18136,43230,38,35-39,F,6399,7438,13837,1039,0.1623691201750273
14903,84770,54,50-54,F,6469,7369,13838,900,0.1391250579687741
18316,84062,42,40-44,F,6609,7229,13838,620,0.0938114692086548
26742,02118,35,35-39,M,6478,7361,13839,883,0.1363075023155295
15020,45140,27,Under 35,F,6614,7225,13839,611,0.0923798004233444
15318,45056,26,Under 35,F,6614,7226,13840,612,0.0925309948593891
5565,19096,35,35-39,M,5684,8156,13840,2472,0.4349049964813511
25282,11206,26,Under 35,F,6460,7380,13840,920,0.1424148606811145
17242,95993,36,35-39,F,6438,7402,13840,964,0.1497359428393911
11463,63104,38,35-39,F,6518,7322,13840,804,0.1233507210800859
27466,01106,33,Under 35,F,6499,7341,13840,842,0.1295583935990152
11652,49456,49,45-49,M,6223,7620,13843,1397,0.2244897959183673
12140,44134,53,50-54,M,5939,7904,13843,1965,0.3308637817814447
14736,99507,37,35-39,F,6464,7380,13844,916,0.1417079207920792
19110,54481,56,55-59,F,6429,7415,13844,986,0.1533675532742261
17115,17543,41,40-44,F,6582,7263,13845,681,0.1034639927073837
7988,34787,52,50-54,F,6399,7447,13846,1048,0.1637755899359275
22139,30022,51,50-54,F,6799,7047,13846,248,0.0364759523459332
27078,00969,49,45-49,M,6403,7444,13847,1041,0.1625800406059659
12687,27215,41,40-44,F,6465,7382,13847,917,0.1418406805877803
7921,45040,56,55-59,M,6089,7759,13848,1670,0.2742650681556906
17324,11727,56,55-59,F,6635,7213,13848,578,0.0871137905048982
8033,47356,53,50-54,M,5550,8298,13848,2748,0.4951351351351351
12754,10016,55,55-59,M,6006,7842,13848,1836,0.3056943056943056
8862,95762,22,Under 35,F,6228,7620,13848,1392,0.2235067437379576
17866,55981,37,35-39,F,6311,7538,13849,1227,0.1944224370147362
10264,97405,25,Under 35,F,6779,7070,13849,291,0.0429266853518218
17904,92503,60,60-64,M,6586,7263,13849,677,0.102793805040996
14838,85205,28,Under 35,F,6331,7519,13850,1188,0.1876480808719001
15477,53703,29,Under 35,F,6207,7645,13852,1438,0.2316739165458353
19002,21409,40,40-44,F,6193,7659,13852,1466,0.2367188761504925
20508,85266,45,45-49,F,6539,7313,13852,774,0.1183667227404802
19027,21236,43,40-44,F,6451,7402,13853,951,0.1474190048054565
19798,02478,46,45-49,F,6463,7390,13853,927,0.1434318427974625
13755,07981,45,45-49,F,6372,7482,13854,1110,0.1741996233521657
25022,02152,32,Under 35,M,6641,7214,13855,573,0.0862821864177081
16987,80203,38,35-39,F,6473,7383,13856,910,0.1405839641588135
26628,02118,24,Under 35,F,6205,7651,13856,1446,0.2330378726833199
7962,78258,58,55-59,F,6130,7726,13856,1596,0.2603588907014681
18716,02155,60,60-64,M,6427,7430,13857,1003,0.1560603703127431
22519,77630,66,65-69,F,7020,6837,13857,-183,-0.026068376068376
16866,21230,37,35-39,F,6790,7067,13857,277,0.0407952871870397
20437,98033,46,45-49,F,6451,7406,13857,955,0.1480390637110525
14411,90404,30,Under 35,F,6129,7728,13857,1599,0.2608908467939305
7914,30677,54,50-54,F,6277,7580,13857,1303,0.2075832404014656
24391,02116,26,Under 35,F,6566,7292,13858,726,0.1105696009747182
18079,12258,56,55-59,M,6275,7584,13859,1309,0.208605577689243
18612,47906,60,60-64,M,6145,7714,13859,1569,0.2553295362082994
18975,21042,46,45-49,F,6730,7129,13859,399,0.0592867756315007
20937,22310,45,45-49,F,6545,7315,13860,770,0.1176470588235294
14126,98029,55,55-59,M,6630,7230,13860,600,0.090497737556561
24165,02760,44,40-44,M,6721,7140,13861,419,0.0623419134057431
21520,28409,45,45-49,F,6702,7159,13861,457,0.0681886004177857
11992,44140,49,45-49,M,5809,8053,13862,2244,0.3862971251506283
16587,54481,46,45-49,F,6259,7603,13862,1344,0.2147307876657613
21576,92130,49,45-49,F,6642,7220,13862,578,0.0870219813309244
13431,48103,52,50-54,M,6148,7714,13862,1566,0.2547169811320754
15273,92130,55,55-59,F,7063,6800,13863,-263,-0.0372363018547359
12215,03053,36,35-39,F,6678,7185,13863,507,0.0759209344115004
12154,75229,60,60-64,M,5886,7978,13864,2092,0.3554196398233095
21329,21212,48,45-49,F,6580,7284,13864,704,0.1069908814589665
7900,98229,58,55-59,M,6246,7619,13865,1373,0.2198206852385526
3724,37416,27,Under 35,M,6967,6899,13866,-68,-0.0097602985503085
12893,10803,38,35-39,F,6442,7424,13866,982,0.1524371313256752
18198,48801,42,40-44,F,6840,7026,13866,186,0.0271929824561403
26472,10009,26,Under 35,M,5878,7988,13866,2110,0.3589656345695814
10749,27519,28,Under 35,F,6024,7843,13867,1819,0.3019588313413014
21199,20874,65,65-69,M,6380,7487,13867,1107,0.1735109717868338
19257,54622,42,40-44,F,6616,7251,13867,635,0.0959794437726723
15053,11930,58,55-59,M,6249,7619,13868,1370,0.2192350776124179
11688,49024,46,45-49,M,5815,8054,13869,2239,0.3850386930352537
16304,50665,55,55-59,M,6496,7374,13870,878,0.1351600985221674
25051,02481,23,Under 35,M,6235,7636,13871,1401,0.2246992782678428
20663,01921,54,50-54,F,6602,7270,13872,668,0.1011814601635868
20818,42001,65,65-69,M,6171,7701,13872,1530,0.2479338842975206
18917,78240,43,40-44,F,6418,7455,13873,1037,0.1615768152072296
13923,48124,43,40-44,F,6358,7516,13874,1158,0.1821327461465869
19224,94102,62,60-64,M,6670,7204,13874,534,0.0800599700149925
19081,80027,37,35-39,F,6299,7575,13874,1276,0.2025718367994919
25815,02852,24,Under 35,F,7012,6864,13876,-148,-0.0211066742726754
15857,34119,54,50-54,F,6581,7295,13876,714,0.1084941498252545
16489,78250,26,Under 35,F,6197,7679,13876,1482,0.2391479748265289
16230,77406,34,Under 35,F,6699,7177,13876,478,0.0713539334228989
20451,98685,62,60-64,M,6672,7204,13876,532,0.079736211031175
15505,02038,26,Under 35,F,6215,7662,13877,1447,0.2328238133547868
17910,02180,38,35-39,F,6269,7608,13877,1339,0.2135906843196682
30536,00646,35,35-39,M,6858,7020,13878,162,0.0236220472440944
16194,93110,45,45-49,F,6328,7550,13878,1222,0.1931099873577749
18016,01085,42,40-44,F,6630,7249,13879,619,0.0933634992458521
25672,02113,26,Under 35,F,6799,7081,13880,282,0.0414766877481982
20261,28374,60,60-64,F,6432,7448,13880,1016,0.1579601990049751
13986,40241,54,50-54,M,6682,7198,13880,516,0.0772223885064352
30020,07432,34,Under 35,M,6447,7434,13881,987,0.1530944625407166
14368,49418,56,55-59,M,6406,7475,13881,1069,0.1668748048704339
7941,01720,46,45-49,F,6627,7254,13881,627,0.0946129470348574
21745,44805,50,50-54,F,6739,7142,13881,403,0.0598011574417569
19844,02115,41,40-44,F,6450,7431,13881,981,0.1520930232558139
13731,02215,26,Under 35,F,6369,7512,13881,1143,0.1794630240226095
20527,08054,47,45-49,F,6572,7310,13882,738,0.1122945830797322
11890,01463,46,45-49,M,5747,8135,13882,2388,0.4155211414651122
21276,14609,48,45-49,F,6733,7149,13882,416,0.0617852368929154
20395,10023,59,55-59,F,6541,7342,13883,801,0.1224583397034092
22071,95051,50,50-54,F,6675,7209,13884,534,0.08
17013,20912,64,60-64,M,6495,7389,13884,894,0.1376443418013856
13394,60657,27,Under 35,F,7051,6834,13885,-217,-0.0307757764856048
11057,84094,50,50-54,M,6573,7313,13886,740,0.1125817739236269
16628,56308,39,35-39,F,6391,7495,13886,1104,0.1727429197308715
14377,19425,36,35-39,F,6387,7499,13886,1112,0.1741036480350712
14548,46341,19,Under 35,F,6286,7603,13889,1317,0.2095132039452752
25799,02116,28,Under 35,M,6670,7219,13889,549,0.0823088455772114
15194,60618,43,40-44,F,6251,7638,13889,1387,0.2218844984802431
19979,93108,57,55-59,F,6675,7214,13889,539,0.0807490636704119
21482,22039,51,50-54,F,6662,7228,13890,566,0.0849594716301411
9602,97703,45,45-49,M,5818,8072,13890,2254,0.3874183568236507
19586,60085,48,45-49,F,6382,7508,13890,1126,0.1764337198370416
15268,21224,39,35-39,F,6285,7605,13890,1320,0.2100238663484487
22092,14086,47,45-49,F,6723,7167,13890,444,0.0660419455600178
13895,30215,60,60-64,M,6229,7661,13890,1432,0.2298924385936747
10621,84335,46,45-49,M,6224,7667,13891,1443,0.231844473007712
17685,84062,35,35-39,F,6574,7319,13893,745,0.1133252205658655
15834,48168,46,45-49,F,6401,7492,13893,1091,0.170442118418997
19625,37660,50,50-54,F,6517,7376,13893,859,0.1318091146232929
13229,60302,50,50-54,M,5982,7913,13895,1931,0.3228017385489802
19017,23707,42,40-44,F,6466,7429,13895,963,0.1489328796783173
19469,12303,58,55-59,F,6847,7048,13895,201,0.0293559223017379
21461,08648,62,60-64,F,6675,7221,13896,546,0.0817977528089887
24896,27609,44,40-44,M,6665,7231,13896,566,0.0849212303075769
10886,85719,25,Under 35,F,6604,7292,13896,688,0.1041792852816474
9300,85383,45,45-49,M,6080,7817,13897,1737,0.2856907894736842
5006,02809,35,35-39,M,6914,6983,13897,69,0.0099797512293896
19221,49504,42,40-44,F,6661,7236,13897,575,0.0863233748686383
22302,01938,51,50-54,F,6822,7075,13897,253,0.0370858985634711
17726,53158,57,55-59,M,6581,7316,13897,735,0.1116851542318796
30429,03101,56,55-59,M,6823,7074,13897,251,0.0367873369485563
17686,83712,35,35-39,F,6546,7352,13898,806,0.1231286281698747
14518,83716,43,40-44,F,6546,7352,13898,806,0.1231286281698747
17248,44321,49,45-49,F,6428,7471,13899,1043,0.1622588674548848
19620,38111,47,45-49,F,6714,7187,13901,473,0.0704498063747393
28311,01867,38,35-39,F,6912,6990,13902,78,0.0112847222222222
20524,92886,49,45-49,F,6784,7118,13902,334,0.0492334905660377
26061,02127,38,35-39,F,6565,7338,13903,773,0.1177456207159177
22333,57702,58,55-59,F,6642,7262,13904,620,0.0933453778982234
15494,94939,46,45-49,F,6004,7900,13904,1896,0.3157894736842105
24831,02118,25,Under 35,F,6979,6926,13905,-53,-0.0075942112050437
26595,03109,27,Under 35,M,6295,7611,13906,1316,0.209054805401112
19925,75072,60,60-64,M,6457,7449,13906,992,0.1536317175158742
22216,90720,56,55-59,F,6651,7255,13906,604,0.0908134115170651
21683,63701,53,50-54,F,6772,7136,13908,364,0.0537507383343177
24763,02186,40,40-44,F,6577,7332,13909,755,0.1147939790177892
19757,02779,46,45-49,F,6490,7419,13909,929,0.1431432973805855
13612,44709,50,50-54,M,6148,7761,13909,1613,0.2623617436564736
11044,02536,57,55-59,M,5932,7977,13909,2045,0.3447403910991234
6365,84096,35,35-39,M,6310,7599,13909,1289,0.2042789223454833
19570,30306,60,60-64,M,6550,7360,13910,810,0.1236641221374045
21931,48103,52,50-54,F,6715,7196,13911,481,0.0716306775874907
19062,92610,46,45-49,F,6161,7750,13911,1589,0.257912676513553
18940,78681,45,45-49,F,6723,7190,13913,467,0.0694630373345232
21393,03842,46,45-49,F,6766,7147,13913,381,0.0563109665976943
13221,18353,50,50-54,M,6404,7509,13913,1105,0.1725484072454715
22223,99201,58,55-59,F,6343,7571,13914,1228,0.1935992432602869
19235,43021,43,40-44,F,6429,7485,13914,1056,0.1642557162855809
19715,33130,61,60-64,M,6597,7317,13914,720,0.1091405184174624
7953,21811,43,40-44,F,6886,7030,13916,144,0.0209119953528899
14443,30316,30,Under 35,F,6785,7131,13916,346,0.0509948415622697
18928,84042,50,50-54,F,6589,7327,13916,738,0.112004856579147
29844,60612,47,45-49,M,6680,7236,13916,556,0.0832335329341317
14011,84606,22,Under 35,F,6056,7861,13917,1805,0.2980515191545574
8699,02155,40,40-44,M,6373,7545,13918,1172,0.1839008316334536
17854,33156,39,35-39,F,6539,7379,13918,840,0.1284600091757149
15019,12208,32,Under 35,F,6101,7817,13918,1716,0.2812653663333879
18472,20901,55,55-59,M,6849,7069,13918,220,0.032121477587969
10578,01583,58,55-59,M,6114,7804,13918,1690,0.2764147857376512
16970,90805,35,35-39,F,6353,7566,13919,1213,0.1909334172831733
20355,92610,50,50-54,F,6316,7603,13919,1287,0.2037682077264091
19800,73401,45,45-49,F,6444,7475,13919,1031,0.1599937926753569
12229,07920,49,45-49,F,6106,7813,13919,1707,0.2795610874549623
13260,23220,33,Under 35,F,6141,7778,13919,1637,0.2665689627096564
21782,98103,50,50-54,F,6719,7201,13920,482,0.0717368656050007
18681,59718,45,45-49,F,6719,7201,13920,482,0.0717368656050007
21547,21015,63,60-64,M,6641,7280,13921,639,0.0962204487276012
29922,11215,37,35-39,M,6467,7454,13921,987,0.1526209989175815
13781,60174,27,Under 35,F,6285,7636,13921,1351,0.214956245027844
18191,80829,38,35-39,F,6622,7301,13923,679,0.102536997885835
16231,48118,43,40-44,F,6692,7231,13923,539,0.0805439330543933
19055,20191,60,60-64,M,6598,7325,13923,727,0.1101849045165201
4245,48309,23,Under 35,M,5932,7992,13924,2060,0.3472690492245448
16167,94122,29,Under 35,F,6184,7740,13924,1556,0.2516170763260026
17932,92118,56,55-59,F,6756,7169,13925,413,0.0611308466548253
12461,37820,60,60-64,M,5866,8059,13925,2193,0.3738493010569383
13618,91914,52,50-54,M,6184,7741,13925,1557,0.2517787839586028
11110,77073,47,45-49,M,6252,7673,13925,1421,0.2272872680742162
16242,44107,32,Under 35,F,6325,7600,13925,1275,0.2015810276679842
2248,29715,53,50-54,M,6124,7801,13925,1677,0.2738406270411496
21697,48390,50,50-54,F,6707,7219,13926,512,0.0763381541672879
11207,11363,45,45-49,M,6203,7723,13926,1520,0.2450427212639045
17732,55124,57,55-59,M,6095,7831,13926,1736,0.2848236259228876
22049,24551,68,65-69,M,6876,7051,13927,175,0.0254508435136707
19731,55044,54,50-54,F,6474,7454,13928,980,0.1513747296879827
5944,20010,38,35-39,M,5722,8206,13928,2484,0.4341139461726669
4800,01907,25,Under 35,M,5019,8909,13928,3890,0.7750547917911935
8927,50322,44,40-44,M,5721,8208,13929,2487,0.4347142108023072
14783,02468,60,60-64,M,6199,7730,13929,1531,0.2469753185997741
20019,36695,71,70-74,M,6797,7132,13929,335,0.0492864499043695
11840,02532,53,50-54,M,6140,7789,13929,1649,0.2685667752442996
19851,02140,61,60-64,M,6794,7136,13930,342,0.0503385340005887
11842,06825,46,45-49,M,6521,7409,13930,888,0.1361754332157644
21379,12866,47,45-49,F,6353,7577,13930,1224,0.1926648827325673
17230,94546,38,35-39,F,6651,7280,13931,629,0.0945722447752217
19361,20009,44,40-44,F,6283,7648,13931,1365,0.2172529046633773
19045,55021,43,40-44,F,6721,7210,13931,489,0.0727570302038387
14083,48098,45,45-49,F,6640,7291,13931,651,0.0980421686746988
19707,44147,62,60-64,M,6747,7184,13931,437,0.0647695271972728
8778,21015,45,45-49,M,6093,7839,13932,1746,0.2865583456425406
12937,10007,55,55-59,M,6505,7427,13932,922,0.1417371252882398
19935,07093,45,45-49,F,7067,6866,13933,-201,-0.028442054620065
19292,95132,55,55-59,F,6618,7315,13933,697,0.1053188274403142
17720,54303,35,35-39,F,6474,7460,13934,986,0.1523015137472969
16449,55123,39,35-39,F,6392,7542,13934,1150,0.1799123904881101
21544,48390,53,50-54,F,6626,7309,13935,683,0.1030787805614247
22314,62294,55,55-59,F,6942,6993,13935,51,0.0073465859982713
19456,33919,47,45-49,F,6694,7241,13935,547,0.0817149686286226
20032,12203,63,60-64,F,6847,7088,13935,241,0.0351978968891485
20690,06516,62,60-64,M,6187,7749,13936,1562,0.2524648456440924
7872,96789,50,50-54,M,6438,7499,13937,1061,0.164802733768251
12590,94518,53,50-54,F,6109,7828,13937,1719,0.2813881158945818
19250,65807,68,65-69,M,6169,7768,13937,1599,0.2591992219160318
19592,43201,44,40-44,F,6372,7566,13938,1194,0.1873822975517891
16830,75036,46,45-49,F,6458,7480,13938,1022,0.1582533292040879
11068,92663,29,Under 35,F,5985,7954,13939,1969,0.3289891395154553
22233,81122,50,50-54,F,6838,7103,13941,265,0.0387540216437554
17917,14513,39,35-39,F,6955,6986,13941,31,0.0044572250179726
21764,96816,61,60-64,F,6549,7392,13941,843,0.1287219422812643
30483,49684,29,Under 35,M,6997,6945,13942,-52,-0.0074317564670573
21038,30324,60,60-64,M,6962,6980,13942,18,0.0025854639471416
24646,23112,51,50-54,M,6680,7263,13943,583,0.0872754491017964
8313,28012,42,40-44,M,5557,8386,13943,2829,0.5090876372143243
29215,02364,23,Under 35,F,6769,7174,13943,405,0.0598315851676761
30258,07624,44,40-44,M,6550,7394,13944,844,0.128854961832061
20518,07728,64,60-64,M,6516,7429,13945,913,0.1401166359729895
14456,60614,35,35-39,F,6261,7684,13945,1423,0.2272799872224884
20917,34240,60,60-64,M,6642,7303,13945,661,0.0995182174043962
12153,54024,50,50-54,M,6128,7817,13945,1689,0.2756201044386423
25699,01760,21,Under 35,F,6679,7266,13945,587,0.0878874082946548
13750,81612,33,Under 35,F,5955,7991,13946,2036,0.3418975650713686
14455,73013,59,55-59,F,6491,7456,13947,965,0.1486673856108457
19404,30075,47,45-49,F,6368,7579,13947,1211,0.1901695979899497
19493,19343,51,50-54,F,6776,7172,13948,396,0.0584415584415584
15056,23113,25,Under 35,F,6436,7512,13948,1076,0.1671845866998135
27620,10013,47,45-49,M,6577,7371,13948,794,0.1207237342253307
13710,10570,52,50-54,M,6076,7872,13948,1796,0.2955892034233048
18722,84333,42,40-44,F,6570,7380,13950,810,0.1232876712328767
19732,01776,49,45-49,F,6919,7031,13950,112,0.0161873103049573
24043,02116,37,35-39,M,6187,7763,13950,1576,0.2547276547599806
19912,49696,61,60-64,M,6558,7393,13951,835,0.1273254040866117
6289,20148,44,40-44,M,6819,7132,13951,313,0.0459011585276433
4838,48413,40,40-44,M,5971,7981,13952,2010,0.3366270306481326
18836,40205,60,60-64,M,6407,7546,13953,1139,0.1777743093491493
12472,92651,53,50-54,M,6677,7276,13953,599,0.0897109480305526
4485,72205,27,Under 35,M,6531,7422,13953,891,0.1364262746899402
30159,02118,31,Under 35,M,6726,7228,13954,502,0.0746357418971156
11650,60623,51,50-54,M,5669,8285,13954,2616,0.4614570470982536
24741,02155,41,40-44,M,6215,7739,13954,1524,0.2452131938857602
17812,38017,54,50-54,F,6618,7336,13954,718,0.108491991538229
20773,18974,50,50-54,F,6628,7327,13955,699,0.1054616777308388
20842,98579,61,60-64,M,6468,7487,13955,1019,0.1575448361162646
4951,12790,25,Under 35,F,5364,8591,13955,3227,0.6016032811334825
22750,62920,56,55-59,F,6835,7122,13957,287,0.0419897585954645
21750,29072,51,50-54,F,6942,7017,13959,75,0.0108038029386343
20610,93263,46,45-49,F,6211,7749,13960,1538,0.2476251811302527
20199,91411,49,45-49,F,6751,7209,13960,458,0.0678418012146348
20509,95355,46,45-49,F,6768,7193,13961,425,0.0627955082742316
19083,44870,41,40-44,F,6843,7118,13961,275,0.0401870524623703
15290,60035,41,40-44,F,6574,7388,13962,814,0.1238211134773349
21880,78249,51,50-54,F,6800,7162,13962,362,0.053235294117647
22535,62901,60,60-64,F,6833,7129,13962,296,0.0433191863017708
19412,85122,42,40-44,F,6742,7220,13962,478,0.070898843073272
19402,31406,49,45-49,F,6610,7353,13963,743,0.1124054462934947
12212,52241,50,50-54,M,6177,7786,13963,1609,0.2604824348389186
14288,22405,35,35-39,F,6465,7498,13963,1033,0.159783449342614
24737,91108,47,45-49,M,6408,7558,13966,1150,0.1794631710362047
18607,84003,40,40-44,F,6362,7605,13967,1243,0.1953788116944357
20041,22182,46,45-49,F,6820,7147,13967,327,0.0479472140762463
6517,79124,39,35-39,M,6582,7386,13968,804,0.1221513217866909
22298,53528,60,60-64,F,6766,7202,13968,436,0.0644398462902749
19015,49506,60,60-64,M,6260,7708,13968,1448,0.2313099041533546
21093,41051,52,50-54,F,6671,7298,13969,627,0.0939889072103132
6807,11109,29,Under 35,F,6288,7681,13969,1393,0.2215330788804071
21709,19130,50,50-54,F,6900,7069,13969,169,0.0244927536231884
17426,11206,39,35-39,F,6310,7659,13969,1349,0.2137876386687797
19180,46226,42,40-44,F,6559,7410,13969,851,0.1297453880164659
20206,80124,60,60-64,M,6289,7681,13970,1392,0.2213388456034345
21068,98122,45,45-49,F,6839,7131,13970,292,0.0426963006287468
16948,48843,39,35-39,F,6223,7747,13970,1524,0.2448979591836734
9025,85286,46,45-49,M,6027,7943,13970,1916,0.3179027708644433
15722,02066,51,50-54,M,6347,7623,13970,1276,0.2010398613518197
21181,98004,61,60-64,F,6798,7173,13971,375,0.0551632833186231
27813,10065,29,Under 35,M,6571,7400,13971,829,0.1261604017653325
20980,29054,46,45-49,F,6942,7029,13971,87,0.0125324114088159
20660,63368,54,50-54,F,6839,7133,13972,294,0.0429887410440122
16239,92626,27,Under 35,F,6643,7329,13972,686,0.1032665964172813
17084,45044,41,40-44,F,6293,7679,13972,1386,0.2202447163515016
13337,80209,53,50-54,M,5971,8001,13972,2030,0.3399765533411489
15861,22079,60,60-64,F,6674,7299,13973,625,0.0936469883128558
8144,72704,40,40-44,F,5926,8047,13973,2121,0.3579142760715491
26489,60093,51,50-54,M,6668,7305,13973,637,0.0955308938212357
12051,30606,53,50-54,M,5763,8210,13973,2447,0.424605240326219
20179,48393,49,45-49,F,6637,7337,13974,700,0.1054693385565767
22639,34223,57,55-59,F,6862,7112,13974,250,0.0364325269600699
355,46037,41,40-44,M,6489,7485,13974,996,0.1534905224225612
16143,48103,36,35-39,F,6276,7698,13974,1422,0.2265774378585086
20710,91423,48,45-49,F,6652,7323,13975,671,0.1008719182200841
19830,07630,52,50-54,F,6572,7403,13975,831,0.1264455264759586
20075,01984,63,60-64,M,6552,7423,13975,871,0.1329365079365079
17592,16063,55,55-59,M,6765,7211,13976,446,0.0659275683665927
10211,60640,41,40-44,M,6250,7726,13976,1476,0.23616
19801,07869,49,45-49,F,6992,6985,13977,-7,-0.0010011441647597
19509,46037,38,35-39,F,6491,7486,13977,995,0.1532891696194731
20975,49464,60,60-64,M,6295,7682,13977,1387,0.2203335980937251
19192,60563,64,60-64,M,6584,7393,13977,809,0.1228736330498177
18127,37027,42,40-44,F,6614,7363,13977,749,0.1132446325975204
20822,27587,63,60-64,M,6656,7322,13978,666,0.1000600961538461
20991,60654,41,40-44,F,6776,7203,13979,427,0.0630165289256198
18555,77019,55,55-59,M,6422,7557,13979,1135,0.1767362192463407
21616,95032,50,50-54,F,6730,7250,13980,520,0.0772659732540861
15738,80238,55,55-59,M,6759,7222,13981,463,0.0685012575824826
18014,93004,47,45-49,F,6569,7412,13981,843,0.1283300350129395
18367,43021,48,45-49,F,6313,7668,13981,1355,0.2146364644384603
9114,17365,51,50-54,M,6334,7650,13984,1316,0.2077676034101673
30619,60404,36,35-39,M,7141,6844,13985,-297,-0.041590813611539
21694,74332,66,65-69,M,6483,7502,13985,1019,0.1571803177541261
19803,02478,40,40-44,F,6502,7483,13985,981,0.1508766533374346
12335,93908,53,50-54,M,5843,8143,13986,2300,0.3936334074961492
21578,98027,52,50-54,F,6701,7286,13987,585,0.0873004029249365
29268,02445,40,40-44,M,6180,7807,13987,1627,0.2632686084142395
21853,02144,50,50-54,F,6486,7502,13988,1016,0.1566450817144619
19641,92606,60,60-64,F,6624,7365,13989,741,0.1118659420289855
11387,33139,46,45-49,F,6073,7917,13990,1844,0.303639058126132
19778,89074,50,50-54,F,6648,7342,13990,694,0.1043922984356197
24705,75035,40,40-44,M,6349,7642,13991,1293,0.2036541187588596
21287,08833,60,60-64,M,6552,7439,13991,887,0.1353785103785103
18923,84043,40,40-44,F,6547,7444,13991,897,0.1370093172445395
19408,80903,43,40-44,F,6192,7800,13992,1608,0.2596899224806202
14221,84043,38,35-39,F,6510,7482,13992,972,0.1493087557603686
20811,01240,60,60-64,M,6581,7411,13992,830,0.1261206503570885
18919,96813,52,50-54,F,6241,7752,13993,1511,0.2421086364364685
5823,84043,42,40-44,M,6510,7483,13993,973,0.1494623655913978
18540,36532,41,40-44,F,6530,7463,13993,933,0.1428790199081163
26860,01966,50,50-54,M,6569,7426,13995,857,0.1304612574212209
30479,01880,39,35-39,F,6865,7130,13995,265,0.0386016023306627
10139,02476,46,45-49,M,5956,8039,13995,2083,0.3497313633310946
10442,19438,49,45-49,M,5983,8013,13996,2030,0.3392946682266421
18586,92064,61,60-64,M,6114,7882,13996,1768,0.2891723912332352
30567,01938,34,Under 35,M,6988,7009,13997,21,0.003005151688609
15480,22102,46,45-49,F,6994,7004,13998,10,0.0014297969688304
11683,46814,54,50-54,M,6274,7724,13998,1450,0.2311125278928913
26200,10003,27,Under 35,M,6266,7732,13998,1466,0.2339610596872007
18799,45342,54,50-54,F,6649,7349,13998,700,0.1052789893217025
25698,02155,29,Under 35,F,6779,7219,13998,440,0.0649063283670157
16785,11003,58,55-59,M,6277,7722,13999,1445,0.2302055121873506
16508,01960,28,Under 35,F,6555,7444,13999,889,0.1356216628527841
20427,84003,49,45-49,F,6842,7157,13999,315,0.046039169833382
15407,53097,41,40-44,F,6107,7892,13999,1785,0.2922875388897986
19702,19701,65,65-69,M,6451,7549,14000,1098,0.1702061695861106
18877,84105,43,40-44,F,6363,7638,14001,1275,0.2003771805752003
18609,11215,42,40-44,F,6493,7508,14001,1015,0.1563221931310642
22282,01827,68,65-69,M,6819,7183,14002,364,0.0533802610353424
22007,80443,69,65-69,M,6615,7388,14003,773,0.1168556311413454
16623,92111,61,60-64,M,6375,7629,14004,1254,0.1967058823529411
20755,02132,47,45-49,F,6541,7463,14004,922,0.1409570402079192
30456,84302,46,45-49,M,6902,7102,14004,200,0.0289771080846131
17684,48382,57,55-59,M,6430,7575,14005,1145,0.1780715396578538
11552,72034,28,Under 35,F,6442,7563,14005,1121,0.1740142812791058
17159,60091,41,40-44,F,6496,7509,14005,1013,0.1559421182266009
3801,14428,32,Under 35,M,5439,8567,14006,3128,0.5751057179628608
19828,30096,64,60-64,M,6709,7298,14007,589,0.0877925175137874
29038,01501,32,Under 35,M,6714,7294,14008,580,0.086386654751266
26184,55811,51,50-54,F,6517,7491,14008,974,0.1494552708301365
22986,14068,56,55-59,F,6838,7172,14010,334,0.0488446914302427
13133,98422,45,45-49,F,6353,7657,14010,1304,0.2052573587281599
24307,02043,47,45-49,M,6823,7188,14011,365,0.0534955298255899
28222,01835,36,35-39,M,6110,7901,14011,1791,0.2931260229132569
6072,27523,37,35-39,M,5328,8684,14012,3356,0.6298798798798799
19185,56201,43,40-44,F,6352,7660,14012,1308,0.2059193954659949
17402,23453,44,40-44,F,6675,7337,14012,662,0.0991760299625468
26846,02482,24,Under 35,F,6439,7573,14012,1134,0.1761143034632707
15889,11731,67,65-69,F,6919,7093,14012,174,0.0251481427952016
17410,02043,39,35-39,F,6424,7588,14012,1164,0.1811955168119551
21444,80027,45,45-49,F,6800,7212,14012,412,0.0605882352941176
22294,02132,50,50-54,F,6568,7445,14013,877,0.1335261875761266
9502,49333,35,35-39,F,6073,7940,14013,1867,0.3074263131895274
18764,06442,46,45-49,F,6682,7332,14014,650,0.0972762645914396
21647,10583,55,55-59,F,6912,7102,14014,190,0.0274884259259259
14384,28173,59,55-59,M,6706,7314,14020,608,0.0906650760512973
1495,55082,36,35-39,M,4830,9192,14022,4362,0.9031055900621118
7985,32789,72,70-74,M,6430,7593,14023,1163,0.1808709175738724
24393,02210,26,Under 35,F,7100,6923,14023,-177,-0.0249295774647887
25824,02122,25,Under 35,M,6677,7346,14023,669,0.1001946982177624
18066,78248,55,55-59,M,6245,7778,14023,1533,0.2454763811048839
10773,31326,48,45-49,M,6038,7985,14023,1947,0.3224577674726731
12349,19709,34,Under 35,F,6355,7669,14024,1314,0.2067663257277734
19546,55960,51,50-54,F,6518,7506,14024,988,0.15158023933722
12035,45206,49,45-49,M,6392,7633,14025,1241,0.1941489361702127
14831,02446,31,Under 35,F,6282,7743,14025,1461,0.2325692454632282
15736,06067,60,60-64,M,6586,7439,14025,853,0.1295171576070452
15158,95762,23,Under 35,F,6655,7370,14025,715,0.1074380165289256
22297,02790,62,60-64,F,6534,7492,14026,958,0.1466176920722375
19418,98039,50,50-54,F,6691,7335,14026,644,0.0962486922732028
29732,02864,33,Under 35,M,6817,7209,14026,392,0.0575033005720991
17743,33460,43,40-44,F,6202,7824,14026,1622,0.2615285391809094
29720,02861,33,Under 35,M,6818,7208,14026,390,0.0572015253740099
19195,64158,42,40-44,F,6586,7440,14026,854,0.1296689948375341
21374,92618,51,50-54,F,6996,7030,14026,34,0.0048599199542595
17797,22042,36,35-39,F,6283,7744,14027,1461,0.232532229826516
16273,76073,26,Under 35,F,5889,8138,14027,2249,0.3818984547461369
16654,94605,37,35-39,F,6053,7974,14027,1921,0.3173632909301173
28805,10025,31,Under 35,F,6116,7911,14027,1795,0.2934924787442773
22347,29680,60,60-64,F,6540,7487,14027,947,0.1448012232415902
13967,03110,49,45-49,F,6312,7716,14028,1404,0.2224334600760456
14847,78746,55,55-59,M,6269,7759,14028,1490,0.2376774605200191
15514,60657,33,Under 35,F,6729,7300,14029,571,0.0848565908753158
13045,63385,50,50-54,M,6089,7940,14029,1851,0.3039908030875349
7840,92011,50,50-54,M,6118,7911,14029,1793,0.2930696305982347
17447,06896,45,45-49,F,6769,7260,14029,491,0.0725365637464913
11617,13620,46,45-49,M,6274,7755,14029,1481,0.236053554351291
28871,30342,22,Under 35,M,7038,6993,14031,-45,-0.0063938618925831
21290,95670,56,55-59,F,6787,7244,14031,457,0.0673346102843671
20829,74047,49,45-49,F,6716,7316,14032,600,0.0893388921977367
20024,57702,52,50-54,F,6833,7199,14032,366,0.0535635884677301
25774,07006,36,35-39,M,6483,7550,14033,1067,0.1645842973931821
21565,01566,61,60-64,F,6606,7427,14033,821,0.1242809567060248
19863,77382,56,55-59,F,6712,7322,14034,610,0.0908820023837902
21601,95014,45,45-49,F,6773,7261,14034,488,0.0720507899010778
24275,02144,43,40-44,M,6771,7263,14034,492,0.0726628267611874
21170,34957,55,55-59,F,6837,7197,14034,360,0.0526546731022378
14477,44223,23,Under 35,F,6663,7372,14035,709,0.1064085246885787
13437,92603,58,55-59,M,6518,7517,14035,999,0.153267873580853
11911,30269,48,45-49,M,6009,8026,14035,2017,0.3356631719088034
21201,95041,62,60-64,M,6857,7179,14036,322,0.046959311652326
22163,06410,52,50-54,F,6866,7170,14036,304,0.0442761433148849
24430,01867,31,Under 35,M,6699,7337,14036,638,0.0952380952380952
25257,02127,28,Under 35,M,6867,7169,14036,302,0.0439784476481724
17525,29576,46,45-49,F,6450,7587,14037,1137,0.1762790697674418
17714,94105,36,35-39,F,6592,7446,14038,854,0.1295509708737864
21367,43081,48,45-49,F,7045,6994,14039,-51,-0.0072391767210787
6284,10989,39,35-39,M,6308,7731,14039,1423,0.2255865567533291
27543,01721,44,40-44,M,6561,7478,14039,917,0.1397652796829751
18798,41101,41,40-44,F,6625,7414,14039,789,0.1190943396226415
18550,45226,49,45-49,F,6855,7184,14039,329,0.0479941648431801
13503,37764,27,Under 35,F,6098,7942,14040,1844,0.3023942276156117
11294,55364,48,45-49,M,6031,8009,14040,1978,0.3279721439230642
20652,75230,65,65-69,M,6772,7268,14040,496,0.0732427643236857
20370,92082,50,50-54,F,6712,7329,14041,617,0.0919249106078665
5012,49423,46,45-49,M,6817,7224,14041,407,0.0597036819715417
10967,49423,52,50-54,M,6820,7221,14041,401,0.0587976539589442
13609,49315,54,50-54,M,6818,7224,14042,406,0.0595482546201232
15432,08867,42,40-44,F,6730,7312,14042,582,0.0864784546805349
17440,92835,61,60-64,M,6091,7951,14042,1860,0.3053685765884091
18787,55439,42,40-44,F,6920,7123,14043,203,0.0293352601156069
8049,84059,42,40-44,M,6382,7661,14043,1279,0.2004073958006894
6510,70817,42,40-44,M,5698,8345,14043,2647,0.4645489645489645
21363,66205,45,45-49,F,6688,7357,14045,669,0.1000299043062201
7905,80498,59,55-59,M,6711,7334,14045,623,0.0928326627924303
12375,06335,44,40-44,F,6185,7861,14046,1676,0.2709781729991916
13605,98178,33,Under 35,F,6249,7798,14047,1549,0.2478796607457193
17052,60640,58,55-59,M,6175,7873,14048,1698,0.2749797570850202
14936,91911,51,50-54,F,6481,7567,14048,1086,0.1675667335287764
14470,17602,56,55-59,M,6024,8024,14048,2000,0.3320053120849933
7882,30269,45,45-49,F,6551,7497,14048,946,0.144405434284842
18499,91335,67,65-69,M,6224,7825,14049,1601,0.2572300771208226
30508,20011,39,35-39,F,6836,7214,14050,378,0.0552954944411936
21658,54401,52,50-54,F,6777,7274,14051,497,0.0733362844916629
18509,80504,44,40-44,F,6552,7499,14051,947,0.1445360195360195
16426,44256,32,Under 35,F,6365,7687,14052,1322,0.2076983503534956
16049,28173,55,55-59,M,6204,7849,14053,1645,0.2651515151515151
19656,02127,64,60-64,M,6744,7310,14054,566,0.0839264531435349
17552,03301,37,35-39,F,6578,7478,14056,900,0.1368197020370933
29249,10023,31,Under 35,M,6959,7097,14056,138,0.0198304354073861
25940,02045,31,Under 35,F,6795,7261,14056,466,0.0685798381162619
15568,33149,40,40-44,M,6444,7612,14056,1168,0.1812538795779019
29699,10024,37,35-39,M,6392,7664,14056,1272,0.1989987484355444
18890,80513,42,40-44,F,6203,7853,14056,1650,0.2660003224246332
18155,19154,56,55-59,M,6420,7637,14057,1217,0.1895638629283489
8951,11204,41,40-44,M,5401,8656,14057,3255,0.6026661729309387
21467,96096,66,65-69,M,6666,7394,14060,728,0.1092109210921092
20329,27565,46,45-49,F,6656,7404,14060,748,0.1123798076923077
21465,07920,51,50-54,F,6875,7185,14060,310,0.045090909090909
18930,02888,45,45-49,F,6689,7372,14061,683,0.1021079384063387
18884,38506,60,60-64,M,6602,7459,14061,857,0.1298091487428052
21160,98053,54,50-54,F,6610,7451,14061,841,0.1272314674735249
19156,88101,43,40-44,F,6391,7671,14062,1280,0.2002816460647786
11772,52101,47,45-49,M,6234,7828,14062,1594,0.2556945781199872
21873,60134,61,60-64,F,6713,7349,14062,636,0.0947415462535379
7147,94551,44,40-44,M,6444,7618,14062,1174,0.1821849782743637
19618,97219,63,60-64,M,6586,7476,14062,890,0.1351351351351351
21721,23112,53,50-54,F,7008,7055,14063,47,0.0067066210045662
13169,28134,53,50-54,M,7041,7022,14063,-19,-0.0026984803294986
8989,02540,60,60-64,M,6165,7898,14063,1733,0.28110300081103
20170,94706,48,45-49,F,6498,7565,14063,1067,0.1642043705755617
13859,49424,56,55-59,M,6490,7574,14064,1084,0.1670261941448382
20081,60656,51,50-54,F,6787,7278,14065,491,0.0723441874171209
13853,98103,23,Under 35,F,6437,7629,14066,1192,0.1851794314121485
30039,02127,27,Under 35,M,7225,6842,14067,-383,-0.0530103806228373
2493,21228,37,35-39,M,5903,8164,14067,2261,0.3830255802134508
20177,10025,52,50-54,F,6604,7464,14068,860,0.1302241066020593
26304,27707,53,50-54,M,6619,7449,14068,830,0.1253965855869466
14581,93117,35,35-39,F,6264,7804,14068,1540,0.2458492975734355
28674,02062,35,35-39,F,6596,7473,14069,877,0.1329593693147362
20233,30132,46,45-49,F,6814,7255,14069,441,0.0647196947461109
15169,10011,55,55-59,M,6579,7490,14069,911,0.1384708922328621
24905,21403,38,35-39,M,6240,7830,14070,1590,0.2548076923076923
18642,13787,40,40-44,F,6594,7476,14070,882,0.1337579617834395
19649,48167,46,45-49,F,6965,7105,14070,140,0.0201005025125628
21315,02657,67,65-69,M,6862,7208,14070,346,0.0504226173127368
7932,24401,60,60-64,M,6612,7459,14071,847,0.1281004234724743
10427,77346,46,45-49,M,6729,7343,14072,614,0.0912468420270471
18431,84121,42,40-44,F,6385,7687,14072,1302,0.2039154267815192
30538,21224,53,50-54,M,6938,7134,14072,196,0.0282502162006341
20765,33433,51,50-54,F,6479,7593,14072,1114,0.1719401142151566
22323,78731,64,60-64,F,6865,7207,14072,342,0.0498179169701383
26092,11101,35,35-39,M,6938,7135,14073,197,0.0283943499567598
17558,77044,43,40-44,F,6729,7344,14073,615,0.0913954525189478
7902,89509,57,55-59,M,6655,7418,14073,763,0.1146506386175807
29900,02127,35,35-39,M,6648,7426,14074,778,0.1170276774969915
15497,80233,41,40-44,F,6521,7554,14075,1033,0.1584112866124827
16267,85295,25,Under 35,F,6604,7472,14076,868,0.131435493640218
19534,94708,51,50-54,F,6649,7427,14076,778,0.1170100767032636
12636,84065,54,50-54,M,6477,7599,14076,1122,0.1732283464566929
21280,98115,50,50-54,F,6772,7304,14076,532,0.0785587714116952
6633,43725,42,40-44,M,5913,8164,14077,2251,0.3806866226957551
18069,95822,36,35-39,F,6329,7748,14077,1419,0.2242060357086427
14180,27511,28,Under 35,F,6315,7763,14078,1448,0.2292953285827395
21891,37205,50,50-54,F,7215,6864,14079,-351,-0.0486486486486486
20618,06840,53,50-54,F,6581,7499,14080,918,0.1394924783467558
17869,07825,64,60-64,M,6378,7702,14080,1324,0.2075885857635622
28214,33483,21,Under 35,F,7107,6976,14083,-131,-0.0184325313071619
19333,11762,46,45-49,F,6563,7520,14083,957,0.1458174615267408
20168,78209,60,60-64,F,6699,7384,14083,685,0.1022540677713091
9895,44089,33,Under 35,F,5887,8196,14083,2309,0.3922201460845931
7710,44685,37,35-39,M,7196,6887,14083,-309,-0.0429405225125069
26207,02035,23,Under 35,F,6705,7379,14084,674,0.1005219985085756
16989,91030,56,55-59,M,6873,7211,14084,338,0.0491779426742325
28537,02118,31,Under 35,M,7198,6887,14085,-311,-0.0432064462350652
17625,43064,58,55-59,M,6975,7110,14085,135,0.0193548387096774
19147,30005,60,60-64,M,6582,7503,14085,921,0.1399270738377392
14166,92879,50,50-54,F,6271,7816,14087,1545,0.2463721894434699
26814,01742,22,Under 35,F,6993,7094,14087,101,0.0144430144430144
21663,21801,50,50-54,F,6901,7186,14087,285,0.0412983625561512
13934,22201,31,Under 35,F,6521,7567,14088,1046,0.1604048458825333
24243,02481,38,35-39,M,6648,7440,14088,792,0.1191335740072202
20309,87507,54,50-54,F,6706,7384,14090,678,0.1011034894124664
19584,24503,40,40-44,F,6250,7840,14090,1590,0.2544
30431,01581,32,Under 35,F,6549,7542,14091,993,0.1516262024736601
13426,02131,58,55-59,M,6195,7896,14091,1701,0.2745762711864407
1474,48207,31,Under 35,M,5114,8977,14091,3863,0.7553773953852171
28590,01821,34,Under 35,F,6647,7444,14091,797,0.1199037159620881
22776,62918,60,60-64,F,6836,7256,14092,420,0.0614394382679929
29282,03054,50,50-54,M,7109,6983,14092,-126,-0.0177240118160078
28380,01864,25,Under 35,M,6398,7695,14093,1297,0.2027195998749609
16632,30052,43,40-44,F,6179,7914,14093,1735,0.2807897718077359
19106,48602,47,45-49,F,6300,7794,14094,1494,0.2371428571428571
13094,04106,54,50-54,M,6072,8022,14094,1950,0.3211462450592885
19890,19103,49,45-49,F,6851,7244,14095,393,0.057363888483433
3212,84062,32,Under 35,M,5849,8246,14095,2397,0.4098136433578389
21369,54751,47,45-49,F,6702,7393,14095,691,0.1031035511787526
21243,95008,65,65-69,M,6480,7617,14097,1137,0.1754629629629629
13820,04092,27,Under 35,F,5940,8157,14097,2217,0.3732323232323232
13033,30252,24,Under 35,F,6125,7972,14097,1847,0.3015510204081633
13083,15216,27,Under 35,F,6075,8023,14098,1948,0.3206584362139917
12744,63088,39,35-39,F,6279,7819,14098,1540,0.2452619843924191
15885,80125,56,55-59,F,6625,7473,14098,848,0.128
13489,02124,45,45-49,F,6300,7798,14098,1498,0.2377777777777777
20460,55345,45,45-49,F,6822,7277,14099,455,0.0666959835825271
16917,12553,35,35-39,F,6181,7918,14099,1737,0.2810224882705064
12209,33418,52,50-54,M,5842,8257,14099,2415,0.4133858267716535
15083,20853,61,60-64,M,6732,7367,14099,635,0.0943256090314913
16374,75230,52,50-54,F,6277,7823,14100,1546,0.2462960012744942
17953,06482,60,60-64,M,6590,7510,14100,920,0.1396054628224582
14897,44126,30,Under 35,F,6190,7910,14100,1720,0.2778675282714055
11851,22046,49,45-49,M,6229,7872,14101,1643,0.2637662546155081
15138,48170,51,50-54,F,6855,7247,14102,392,0.0571845368344274
4671,14850,25,Under 35,M,5405,8697,14102,3292,0.6090656799259945
23358,14850,62,60-64,F,6863,7240,14103,377,0.0549322453737432
13704,60502,50,50-54,M,6419,7684,14103,1265,0.1970711948901698
27829,02138,26,Under 35,F,6890,7214,14104,324,0.0470246734397677
17521,93551,62,60-64,M,6505,7600,14105,1095,0.1683320522674865
3240,92104,34,Under 35,M,5590,8515,14105,2925,0.5232558139534884
17148,44102,42,40-44,F,7004,7101,14105,97,0.0138492290119931
19962,53562,46,45-49,F,6782,7323,14105,541,0.0797699793571218
22430,49093,60,60-64,F,6914,7191,14105,277,0.0400636389933468
21274,85259,46,45-49,F,6643,7463,14106,820,0.1234382056299864
18443,96822,43,40-44,F,6130,7976,14106,1846,0.301141924959217
19542,80238,49,45-49,F,6633,7473,14106,840,0.1266395296246042
22441,93950,68,65-69,M,6837,7269,14106,432,0.0631856077226853
19142,84108,45,45-49,F,6584,7523,14107,939,0.1426184690157958
22296,32259,68,65-69,M,6999,7108,14107,109,0.0155736533790541
19447,21217,42,40-44,F,6630,7478,14108,848,0.1279034690799396
18867,94549,44,40-44,F,6698,7411,14109,713,0.1064496864735742
11937,94133,45,45-49,M,6137,7973,14110,1836,0.299168975069252
19525,78232,45,45-49,F,6886,7225,14111,339,0.0492303223932616
24913,02169,27,Under 35,M,6671,7440,14111,769,0.1152750712037175
21224,78730,45,45-49,F,6715,7397,14112,682,0.1015636634400595
19389,33966,54,50-54,F,6539,7573,14112,1034,0.158128154152011
26340,02130,20,Under 35,F,6993,7119,14112,126,0.018018018018018
19148,95630,43,40-44,F,6646,7467,14113,821,0.1235329521516701
20793,48103,65,65-69,M,6759,7354,14113,595,0.088030773783104
15270,92116,33,Under 35,F,6944,7169,14113,225,0.0324020737327188
24408,01890,35,35-39,M,6654,7459,14113,805,0.1209798617373008
18062,01748,47,45-49,F,6649,7465,14114,816,0.1227252218378703
9032,09180,57,55-59,M,6489,7625,14114,1136,0.1750654954538449
17108,45005,57,55-59,M,6490,7625,14115,1135,0.174884437596302
14834,01915,56,55-59,M,6236,7879,14115,1643,0.2634701731879409
30352,95110,28,Under 35,F,6714,7401,14115,687,0.1023235031277926
27294,01524,24,Under 35,F,7081,7035,14116,-46,-0.0064962575907357
18486,14580,41,40-44,F,6626,7490,14116,864,0.130395412013281
20840,78257,47,45-49,F,6766,7351,14117,585,0.0864617203665385
17042,76904,41,40-44,F,6421,7696,14117,1275,0.198567201370503
6877,03253,53,50-54,M,5645,8472,14117,2827,0.5007971656333038
21446,73013,45,45-49,F,6650,7469,14119,819,0.1231578947368421
18101,07945,54,50-54,F,6676,7443,14119,767,0.1148891551827441
19211,22152,47,45-49,F,6793,7327,14120,534,0.0786103341675254
26282,43452,21,Under 35,M,6452,7669,14121,1217,0.1886236825790452
21437,95401,57,55-59,F,6492,7629,14121,1137,0.1751386321626617
28158,01702,52,50-54,F,6488,7633,14121,1145,0.1764796547472256
19228,18405,50,50-54,F,6480,7642,14122,1162,0.179320987654321
28979,83455,27,Under 35,M,5976,8146,14122,2170,0.3631191432396252
20319,40299,47,45-49,F,6363,7760,14123,1397,0.2195505264812195
19643,10570,54,50-54,F,6699,7424,14123,725,0.1082251082251082
16627,21921,43,40-44,F,6621,7503,14124,882,0.133212505663797
21293,83340,48,45-49,F,6643,7481,14124,838,0.1261478247779617
3533,27705,27,Under 35,M,6527,7597,14124,1070,0.1639344262295081
16777,81620,62,60-64,M,6254,7872,14126,1618,0.2587144227694276
21602,03038,56,55-59,F,6759,7367,14126,608,0.0899541352271046
21621,94404,66,65-69,M,6597,7530,14127,933,0.1414279217826284
21598,90049,61,60-64,M,6649,7480,14129,831,0.1249812001804782
28591,02908,28,Under 35,F,6682,7448,14130,766,0.1146363364262196
17234,16150,38,35-39,F,6466,7664,14130,1198,0.1852768326631611
17175,63017,59,55-59,M,6485,7646,14131,1161,0.1790285273708558
20038,80134,48,45-49,F,6772,7360,14132,588,0.086828115770821
22706,77018,61,60-64,F,6928,7204,14132,276,0.039838337182448
19197,84109,42,40-44,F,6946,7187,14133,241,0.0346962280449179
14362,01545,55,55-59,M,6138,7995,14133,1857,0.3025415444770283
16945,43229,37,35-39,F,6547,7586,14133,1039,0.1586986405987475
17383,01742,42,40-44,F,6306,7827,14133,1521,0.2411988582302568
19451,94598,44,40-44,F,6631,7503,14134,872,0.131503543960187
25541,02215,23,Under 35,F,6796,7338,14134,542,0.079752795762213
21883,84062,51,50-54,F,6837,7298,14135,461,0.0674272341670323
5546,94116,41,40-44,M,6879,7256,14135,377,0.0548044773949702
19587,06801,61,60-64,F,6825,7310,14135,485,0.071062271062271
5378,11368,37,35-39,M,4985,9150,14135,4165,0.835506519558676
12756,39459,28,Under 35,F,6233,7902,14135,1669,0.2677683298572116
17717,93536,46,45-49,F,6453,7683,14136,1230,0.1906090190609019
19976,06119,63,60-64,M,6639,7497,14136,858,0.1292363307727067
19286,94024,47,45-49,F,6704,7433,14137,729,0.1087410501193317
22572,02420,52,50-54,F,6986,7152,14138,166,0.0237618093329516
21073,01845,47,45-49,F,6729,7409,14138,680,0.1010551344924951
12887,98502,50,50-54,M,6453,7686,14139,1233,0.1910739191073919
19764,37212,61,60-64,M,6458,7681,14139,1223,0.1893775162589036
29389,15202,24,Under 35,F,6266,7873,14139,1607,0.2564634535588892
25384,02035,24,Under 35,F,7012,7128,14140,116,0.0165430690245293
4617,21230,27,Under 35,M,4822,9320,14142,4498,0.932807963500622
15893,11758,60,60-64,F,6901,7241,14142,340,0.049268221996812
27910,01949,40,40-44,M,6630,7512,14142,882,0.1330316742081448
19544,12538,61,60-64,M,6619,7523,14142,904,0.1365765221332527
22168,28207,53,50-54,F,6860,7284,14144,424,0.0618075801749271
19153,32224,42,40-44,F,6414,7730,14144,1316,0.2051761771125662
18471,34102,45,45-49,F,6534,7611,14145,1077,0.1648301193755739
13868,60515,44,40-44,F,6417,7728,14145,1311,0.2043010752688172
19263,44654,45,45-49,F,6370,7776,14146,1406,0.2207221350078493
15398,53703,27,Under 35,F,6092,8055,14147,1963,0.322225869993434
24638,60605,27,Under 35,M,6588,7560,14148,972,0.1475409836065573
11856,53202,29,Under 35,F,6179,7969,14148,1790,0.2896908884932837
24920,02186,48,45-49,M,6793,7355,14148,562,0.0827322243485941
18053,91214,44,40-44,F,6604,7544,14148,940,0.1423379769836462
12446,49316,28,Under 35,F,6394,7755,14149,1361,0.21285580231467
25346,19003,27,Under 35,F,6597,7552,14149,955,0.1447627709564953
20577,94552,66,65-69,M,6749,7401,14150,652,0.0966069047266261
20350,27455,53,50-54,F,6983,7168,14151,185,0.0264929113561506
29360,02879,20,Under 35,M,6584,7567,14151,983,0.1493013365735115
26677,95219,39,35-39,M,7405,6746,14151,-659,-0.0889939230249831
21097,26508,60,60-64,M,6921,7230,14151,309,0.0446467273515387
20887,86033,50,50-54,F,6737,7416,14153,679,0.1007867003117114
26222,02141,34,Under 35,M,6305,7848,14153,1543,0.2447264076130055
10396,55345,50,50-54,M,6108,8046,14154,1938,0.3172888015717092
26669,94115,24,Under 35,F,6673,7482,14155,809,0.1212348269144312
24339,03038,38,35-39,F,7092,7063,14155,-29,-0.0040891144952058
21417,07006,50,50-54,F,6905,7250,14155,345,0.0499637943519189
26847,02111,25,Under 35,F,6983,7172,14155,189,0.0270657310611485
20181,75035,61,60-64,M,6852,7303,14155,451,0.0658201984821949
29432,02482,57,55-59,M,6747,7411,14158,664,0.0984141099748036
11820,55106,51,50-54,M,6749,7410,14159,661,0.0979404356200918
19154,84043,43,40-44,F,6845,7314,14159,469,0.0685171658144631
19360,75252,41,40-44,F,6803,7356,14159,553,0.0812876672056445
22169,95630,52,50-54,F,6812,7347,14159,535,0.078537874339401
21447,19073,46,45-49,F,7030,7129,14159,99,0.0140825035561877
19123,21218,48,45-49,F,6679,7481,14160,802,0.120077855966462
19767,84032,47,45-49,F,6261,7899,14160,1638,0.2616195495927168
11285,10128,50,50-54,M,6300,7860,14160,1560,0.2476190476190476
14961,14850,25,Under 35,F,6531,7630,14161,1099,0.1682743837084673
22231,19067,56,55-59,F,6619,7542,14161,923,0.1394470463816286
20412,94947,65,65-69,M,6991,7172,14163,181,0.0258904305535688
19114,75482,41,40-44,F,6531,7632,14163,1101,0.1685806155259531
19789,30317,60,60-64,M,6709,7454,14163,745,0.1110448651065732
17452,10065,35,35-39,F,6764,7400,14164,636,0.094027202838557
21719,08550,56,55-59,F,6962,7203,14165,241,0.0346164895145073
19297,02446,41,40-44,F,6552,7613,14165,1061,0.1619352869352869
21342,90715,59,55-59,F,6518,7647,14165,1129,0.1732126419146977
26362,02141,26,Under 35,M,6979,7187,14166,208,0.0298036968046998
18370,14624,56,55-59,M,6476,7690,14166,1214,0.1874613959234095
18748,30308,44,40-44,F,6526,7641,14167,1115,0.1708550413729696
25976,02127,25,Under 35,F,7104,7064,14168,-40,-0.0056306306306306
25383,98122,41,40-44,M,7066,7103,14169,37,0.0052363430512312
14523,07627,58,55-59,M,6718,7451,14169,733,0.1091098541232509
17381,10016,63,60-64,F,6836,7334,14170,498,0.0728496196606202
21043,07627,50,50-54,F,6718,7452,14170,734,0.1092587079487942
20348,01720,60,60-64,M,6622,7548,14170,926,0.1398369072787677
17561,92024,59,55-59,M,6277,7894,14171,1617,0.2576071371674366
20580,10027,47,45-49,F,6500,7671,14171,1171,0.1801538461538461
22350,02446,66,65-69,M,6792,7379,14171,587,0.0864252061248527
17500,60560,60,60-64,M,6332,7839,14171,1507,0.2379974731522425
17689,49006,55,55-59,M,6708,7464,14172,756,0.1127012522361359
18564,20015,62,60-64,M,6602,7570,14172,968,0.1466222356861557
19478,55378,42,40-44,F,7071,7102,14173,31,0.0043841040871163
14058,02472,32,Under 35,F,6413,7762,14175,1349,0.2103539685014813
16252,85331,55,55-59,M,6069,8108,14177,2039,0.3359696819904432
16781,45150,43,40-44,F,6299,7879,14178,1580,0.250833465629465
28323,02482,27,Under 35,M,6450,7728,14178,1278,0.1981395348837209
22137,94022,52,50-54,F,6958,7222,14180,264,0.0379419373383156
13757,06074,55,55-59,M,6037,8143,14180,2106,0.3488487659433493
20446,78744,47,45-49,F,6411,7769,14180,1358,0.211823428482296
22262,23114,53,50-54,F,7178,7002,14180,-176,-0.0245193647255502
18211,60091,40,40-44,F,7104,7077,14181,-27,-0.0038006756756756
26526,02118,26,Under 35,M,7189,6994,14183,-195,-0.0271247739602169
18218,88426,41,40-44,F,6552,7631,14183,1079,0.1646825396825396
15018,94404,55,55-59,M,6669,7515,14184,846,0.126855600539811
16910,54864,40,40-44,F,7057,7127,14184,70,0.009919229134193
20094,77063,55,55-59,F,6964,7222,14186,258,0.0370476737507179
25261,08094,36,35-39,M,6654,7532,14186,878,0.1319507063420499
13144,99223,45,45-49,F,6577,7610,14187,1033,0.1570624904971871
18953,45206,40,40-44,F,6803,7384,14187,581,0.0854034984565632
12064,01879,54,50-54,M,6108,8081,14189,1973,0.323018991486575
19454,89436,59,55-59,F,6607,7582,14189,975,0.1475707582866656
11669,48383,55,55-59,M,6394,7795,14189,1401,0.2191116671879887
19265,22182,62,60-64,M,6755,7434,14189,679,0.1005181347150259
21819,30068,68,65-69,M,6788,7402,14190,614,0.0904537418974661
22103,01469,53,50-54,F,6671,7519,14190,848,0.1271173737070904
17862,80238,44,40-44,F,6444,7746,14190,1302,0.202048417132216
17086,78726,37,35-39,F,6950,7241,14191,291,0.0418705035971223
25269,02210,27,Under 35,F,6959,7232,14191,273,0.0392297743928725
11734,44084,62,60-64,M,6005,8187,14192,2182,0.3633638634471274
21364,05482,50,50-54,F,6593,7599,14192,1006,0.152586076141362
22709,30047,66,65-69,M,6774,7418,14192,644,0.0950693829347505
22429,43230,61,60-64,F,6875,7318,14193,443,0.0644363636363636
20747,27519,61,60-64,M,6686,7508,14194,822,0.1229434639545318
3597,97330,38,35-39,M,6499,7695,14194,1196,0.1840283120480073
26186,02113,23,Under 35,M,7011,7184,14195,173,0.0246755099129938
17846,44319,37,35-39,F,6538,7658,14196,1120,0.171306209850107
21842,70810,50,50-54,F,6850,7346,14196,496,0.0724087591240875
14937,44718,43,40-44,F,6473,7723,14196,1250,0.1931098408774911
22003,70809,61,60-64,F,6698,7498,14196,800,0.1194386383995222
20851,10128,61,60-64,M,6967,7229,14196,262,0.0376058561791301
18871,33323,62,60-64,M,6259,7938,14197,1679,0.2682537146509027
18879,78121,43,40-44,F,6377,7820,14197,1443,0.2262819507605457
17314,10930,39,35-39,F,6683,7514,14197,831,0.1243453538829866
22119,10706,51,50-54,F,6887,7311,14198,424,0.061565267896036
13907,53558,37,35-39,F,6411,7787,14198,1376,0.2146311027920761
20781,97703,60,60-64,M,6309,7891,14200,1582,0.2507528926929783
24853,02145,23,Under 35,M,6566,7634,14200,1068,0.162656107219007
8779,84009,41,40-44,M,6629,7571,14200,942,0.1421028812792276
16651,27526,38,35-39,F,6629,7571,14200,942,0.1421028812792276
15842,02118,63,60-64,M,6481,7720,14201,1239,0.1911742015121123
20266,01507,42,40-44,F,7077,7124,14201,47,0.0066412321605199
18514,15108,43,40-44,F,6556,7645,14201,1089,0.1661073825503355
27358,20009,45,45-49,M,6260,7941,14201,1681,0.2685303514376996
7948,60010,56,55-59,M,6480,7722,14202,1242,0.1916666666666666
20808,91301,52,50-54,F,6757,7446,14203,689,0.1019683291401509
17321,02144,41,40-44,F,6858,7345,14203,487,0.0710119568387284
11977,02135,35,35-39,F,6334,7869,14203,1535,0.2423429112724976
17074,02451,56,55-59,M,6285,7919,14204,1634,0.2599840891010342
4193,03909,39,35-39,M,6400,7804,14204,1404,0.219375
12905,98407,62,60-64,M,6304,7901,14205,1597,0.2533312182741117
14938,27519,41,40-44,F,6006,8199,14205,2193,0.3651348651348651
28345,01940,31,Under 35,M,6486,7719,14205,1233,0.1901017576318223
12707,46256,48,45-49,M,6148,8058,14206,1910,0.3106701366297983
20742,99801,47,45-49,F,6585,7621,14206,1036,0.1573272589217919
19569,78738,49,45-49,F,6879,7328,14207,449,0.0652711149876435
21641,91941,65,65-69,M,6660,7547,14207,887,0.1331831831831831
13591,89108,32,Under 35,F,6328,7879,14207,1551,0.2451011378002528
21223,77018,65,65-69,M,6875,7333,14208,458,0.0666181818181818
14524,95120,56,55-59,M,6852,7356,14208,504,0.073555166374781
14713,92104,44,40-44,F,6456,7752,14208,1296,0.2007434944237918
28090,06820,53,50-54,M,6687,7521,14208,834,0.1247196052041274
20264,83706,47,45-49,F,6493,7715,14208,1222,0.1882026798090251
18132,97218,48,45-49,F,7012,7196,14208,184,0.0262407301768397
14311,08043,41,40-44,F,6563,7647,14210,1084,0.1651683681243334
14194,29708,35,35-39,F,6251,7959,14210,1708,0.2732362821948488
21767,08502,51,50-54,F,6875,7337,14212,462,0.0672
20007,10024,50,50-54,F,6623,7591,14214,968,0.1461573305148724
7913,72207,41,40-44,F,6652,7562,14214,910,0.1368009621166566
13527,14472,55,55-59,M,6364,7851,14215,1487,0.2336580766813324
26268,01742,40,40-44,F,7047,7168,14215,121,0.0171704271321129
16447,44067,30,Under 35,F,6803,7414,14217,611,0.0898133176539761
22782,77536,58,55-59,F,6982,7235,14217,253,0.0362360355199083
6280,63128,43,40-44,M,6232,7986,14218,1754,0.2814505776636714
22234,96825,65,65-69,M,6804,7415,14219,611,0.0898001175778953
18945,60637,64,60-64,M,6428,7791,14219,1363,0.2120410703173615
20791,78028,49,45-49,F,6782,7437,14219,655,0.0965791801828369
21562,27519,46,45-49,F,6429,7792,14221,1363,0.2120080883496655
13584,77091,53,50-54,M,6520,7701,14221,1181,0.1811349693251533
3900,06511,26,Under 35,M,5174,9047,14221,3873,0.748550444530344
20896,43026,64,60-64,M,6679,7543,14222,864,0.1293606827369366
24458,02130,33,Under 35,M,5882,8340,14222,2458,0.4178850731043863
16178,84790,33,Under 35,F,7055,7168,14223,113,0.0160170092133238
22048,93065,51,50-54,F,6875,7349,14224,474,0.0689454545454545
18046,80924,36,35-39,F,6761,7463,14224,702,0.1038307942612039
19052,35244,43,40-44,F,6718,7507,14225,789,0.1174456683536766
21733,91214,61,60-64,F,6913,7313,14226,400,0.05786199913207
29807,02143,23,Under 35,F,6862,7365,14227,503,0.0733022442436607
16523,49424,57,55-59,M,6365,7862,14227,1497,0.2351924587588374
13415,77382,50,50-54,M,6571,7658,14229,1087,0.1654238319890427
14721,34741,38,35-39,F,6473,7756,14229,1283,0.1982079406766569
14722,34741,57,55-59,M,6473,7756,14229,1283,0.1982079406766569
4318,60008,43,40-44,M,5441,8790,14231,3349,0.6155118544385223
28694,02176,36,35-39,M,6700,7532,14232,832,0.1241791044776119
22112,76244,52,50-54,F,6769,7464,14233,695,0.1026739547939134
24008,02127,28,Under 35,F,6557,7677,14234,1120,0.1708098215647399
20317,78130,45,45-49,F,7029,7205,14234,176,0.0250391236306729
22082,52002,50,50-54,F,6768,7466,14234,698,0.1031323877068557
18815,33433,44,40-44,F,6671,7564,14235,893,0.1338629890571128
20061,11368,54,50-54,F,6675,7562,14237,887,0.1328838951310861
20806,43551,47,45-49,F,6626,7612,14238,986,0.1488077271355267
23271,54311,61,60-64,F,6756,7482,14238,726,0.1074600355239786
17810,02127,38,35-39,F,6484,7755,14239,1271,0.196020974706971
9071,02420,51,50-54,M,5537,8702,14239,3165,0.5716091746433086
8515,22015,50,50-54,M,5933,8307,14240,2374,0.4001348390359009
15544,10024,47,45-49,F,6973,7267,14240,294,0.0421626272766384
26218,02459,46,45-49,M,6855,7385,14240,530,0.0773158278628738
7971,10901,64,60-64,M,6242,7999,14241,1757,0.2814802947773149
18946,10926,40,40-44,F,6761,7480,14241,719,0.1063452152048513
9665,18058,53,50-54,M,6596,7647,14243,1051,0.1593389933292904
17144,77546,37,35-39,F,6351,7892,14243,1541,0.242638954495355
24899,02128,34,Under 35,F,6726,7517,14243,791,0.1176033303597978
25242,01810,25,Under 35,F,6946,7298,14244,352,0.0506766484307515
28809,94112,54,50-54,M,6931,7314,14245,383,0.0552589813879671
18491,78132,54,50-54,F,7029,7216,14245,187,0.0266040688575899
16642,80537,58,55-59,F,6443,7802,14245,1359,0.2109265869936365
22664,97403,55,55-59,F,7012,7234,14246,222,0.0316600114090131
15840,75228,52,50-54,F,6773,7473,14246,700,0.1033515428908903
10699,75229,47,45-49,M,5919,8327,14246,2408,0.406825477276567
17129,43613,40,40-44,F,6691,7556,14247,865,0.1292781348079509
21057,23113,53,50-54,F,7000,7247,14247,247,0.0352857142857142
16968,14221,46,45-49,F,6194,8053,14247,1859,0.3001291572489506
7839,33131,57,55-59,M,5747,8501,14248,2754,0.4792065425439359
22525,34994,58,55-59,F,6703,7545,14248,842,0.1256153960913024
15888,07045,59,55-59,F,7079,7169,14248,90,0.012713660121486
23209,24141,67,65-69,F,6918,7331,14249,413,0.0596993350679387
19466,94065,49,45-49,F,6633,7617,14250,984,0.1483491632745364
25900,60657,36,35-39,M,6994,7256,14250,262,0.0374606805833571
19591,85255,60,60-64,M,6437,7813,14250,1376,0.213764175858319
20360,90027,47,45-49,F,6867,7384,14251,517,0.0752876073976991
22505,20037,65,65-69,M,6890,7361,14251,471,0.0683599419448476
6192,20009,41,40-44,M,6024,8227,14251,2203,0.3657038512616202
18475,60084,41,40-44,F,6268,7983,14251,1715,0.2736119974473516
19484,90019,61,60-64,M,6395,7858,14253,1463,0.2287724784988272
15879,53126,74,70-74,M,6872,7381,14253,509,0.07406868451688
7534,97068,46,45-49,F,6363,7891,14254,1528,0.2401382995442401
18837,91941,46,45-49,F,6677,7577,14254,900,0.1347910738355549
18878,46383,42,40-44,F,6404,7850,14254,1446,0.2257963772642098
7276,42713,42,40-44,M,6774,7480,14254,706,0.1042220253912016
19464,28012,41,40-44,F,6378,7878,14256,1500,0.2351834430856067
16113,05663,51,50-54,F,6426,7830,14256,1404,0.2184873949579832
18960,48380,47,45-49,F,6493,7763,14256,1270,0.1955952564300015
17003,06457,46,45-49,F,6317,7939,14256,1622,0.2567674529048599
21538,78132,52,50-54,F,7029,7227,14256,198,0.028169014084507
17056,19403,60,60-64,M,6138,8118,14256,1980,0.3225806451612903
24204,02066,38,35-39,F,6640,7617,14257,977,0.1471385542168674
17635,75126,35,35-39,F,6290,7967,14257,1677,0.2666136724960254
18731,94025,44,40-44,F,6719,7538,14257,819,0.1218931388599494
16800,48350,38,35-39,F,6379,7878,14257,1499,0.2349898103150964
15908,80210,57,55-59,F,6946,7312,14258,366,0.0526921969478836
14342,33458,47,45-49,F,6891,7367,14258,476,0.0690756058627194
20771,38002,57,55-59,F,6782,7478,14260,696,0.1026245945148923
12080,98056,48,45-49,M,6793,7467,14260,674,0.0992197850728691
22173,60067,66,65-69,M,6679,7581,14260,902,0.135050157209163
20816,96817,45,45-49,F,6951,7309,14260,358,0.0515033808085167
8107,97211,43,40-44,M,5570,8690,14260,3120,0.5601436265709157
14979,21224,34,Under 35,F,6670,7591,14261,921,0.1380809595202398
14702,98103,30,Under 35,F,6621,7640,14261,1019,0.1539042440718924
25304,02114,26,Under 35,F,6958,7303,14261,345,0.0495832135671169
24531,30338,43,40-44,F,6790,7472,14262,682,0.1004418262150221
18128,33133,37,35-39,F,6575,7688,14263,1113,0.1692775665399239
25904,02118,24,Under 35,M,6877,7386,14263,509,0.0740148320488585
20045,46201,46,45-49,F,6450,7814,14264,1364,0.2114728682170542
20615,01922,48,45-49,F,6684,7581,14265,897,0.1342010771992818
19747,97006,64,60-64,M,6737,7528,14265,791,0.1174113106724061
20358,22664,61,60-64,M,6660,7606,14266,946,0.142042042042042
18299,60608,57,55-59,M,5744,8522,14266,2778,0.4836350974930362
24592,83704,31,Under 35,M,6541,7726,14267,1185,0.181164959486317
15379,92346,44,40-44,F,6570,7697,14267,1127,0.1715372907153729
15380,92346,56,55-59,M,6569,7698,14267,1129,0.1718678642106865
28145,02122,26,Under 35,M,6655,7612,14267,957,0.1438016528925619
24312,02127,27,Under 35,M,6703,7565,14268,862,0.1285991347157989
10836,92688,46,45-49,M,6072,8197,14269,2125,0.3499670619235837
20298,92675,69,65-69,M,6884,7386,14270,502,0.0729227193492155
22121,68010,58,55-59,F,6495,7775,14270,1280,0.1970746728252501
9525,11372,45,45-49,M,6127,8143,14270,2016,0.3290354170066917
21484,53149,59,55-59,F,6741,7530,14271,789,0.1170449488206497
18500,60563,40,40-44,F,6410,7863,14273,1453,0.2266770670826833
19410,29708,47,45-49,F,6594,7680,14274,1086,0.1646951774340309
15880,94945,66,65-69,M,6734,7540,14274,806,0.1196911196911196
25647,33629,40,40-44,M,6275,7999,14274,1724,0.2747410358565737
11847,43081,50,50-54,M,6567,7708,14275,1141,0.1737475255063194
21770,48105,50,50-54,F,6831,7445,14276,614,0.0898843507539159
26391,02127,24,Under 35,F,7013,7263,14276,250,0.0356480821331812
22141,02474,54,50-54,F,6737,7540,14277,803,0.1191925189253376
14675,84790,42,40-44,F,7062,7216,14278,154,0.0218068535825545
12145,84780,40,40-44,F,7056,7222,14278,166,0.0235260770975056
17336,84790,35,35-39,F,7063,7215,14278,152,0.0215206003114823
12204,37027,52,50-54,M,6202,8076,14278,1874,0.3021605933569816
21748,07041,54,50-54,F,6720,7559,14279,839,0.1248511904761904
11425,84770,34,Under 35,F,7055,7224,14279,169,0.0239546420978029
20889,67205,45,45-49,F,7037,7242,14279,205,0.0291317322722751
24567,02066,38,35-39,M,6724,7555,14279,831,0.1235871505056514
13583,68116,50,50-54,M,6174,8106,14280,1932,0.3129251700680272
16347,02138,23,Under 35,F,6277,8004,14281,1727,0.2751314322128405
20000,63090,47,45-49,F,6756,7525,14281,769,0.1138247483718176
21051,90272,60,60-64,M,6833,7449,14282,616,0.0901507390604419
19681,53202,62,60-64,F,6674,7610,14284,936,0.1402457296973329
22866,94022,58,55-59,F,6951,7333,14284,382,0.0549561214213782
20405,80528,60,60-64,M,6710,7574,14284,864,0.1287630402384501
30368,07040,49,45-49,M,6941,7344,14285,403,0.0580607981558853
19196,84780,40,40-44,F,7057,7228,14285,171,0.0242312597421
27307,01983,42,40-44,M,6724,7562,14286,838,0.1246281975014872
20559,55347,50,50-54,F,6786,7501,14287,715,0.1053639846743295
16743,97229,42,40-44,F,6038,8249,14287,2211,0.3661808545876118
22274,78734,67,65-69,M,6932,7356,14288,424,0.0611656087709174
18035,73128,60,60-64,M,6661,7627,14288,966,0.1450232697793124
19843,02038,61,60-64,M,6463,7826,14289,1363,0.2108927742534426
13459,48197,54,50-54,M,6372,7917,14289,1545,0.2424670433145009
15846,07086,63,60-64,M,7038,7251,14289,213,0.0302642796248934
19661,02464,47,45-49,F,6600,7690,14290,1090,0.1651515151515151
19127,43212,44,40-44,F,6685,7605,14290,920,0.137621540762902
21796,01844,51,50-54,F,6756,7534,14290,778,0.1151568975725281
22230,97229,55,55-59,F,6969,7322,14291,353,0.0506528913760941
13777,02043,37,35-39,F,6005,8286,14291,2281,0.37985012489592
17514,75028,55,55-59,M,6869,7422,14291,553,0.0805066239627311
12511,94555,50,50-54,M,6462,7829,14291,1367,0.2115444134942742
17461,92602,52,50-54,F,6815,7477,14292,662,0.0971386647101981
24419,10010,25,Under 35,M,6097,8195,14292,2098,0.3441036575364933
17938,84093,37,35-39,F,6676,7616,14292,940,0.1408028759736369
26511,02118,47,45-49,M,6945,7347,14292,402,0.0578833693304535
28225,07302,39,35-39,M,6638,7655,14293,1017,0.1532087978306719
20707,98502,51,50-54,F,6759,7534,14293,775,0.1146619322384968
21854,29072,53,50-54,F,6951,7342,14293,391,0.0562508991512012
18224,30338,37,35-39,F,6453,7841,14294,1388,0.2150937548427088
15725,92660,72,70-74,M,6796,7498,14294,702,0.1032960565038257
21476,53548,62,60-64,M,6606,7689,14295,1083,0.1639418710263397
9755,27253,43,40-44,F,5882,8413,14295,2531,0.4302958177490649
21673,55378,64,60-64,F,7011,7284,14295,273,0.0389388104407359
15878,58104,61,60-64,F,6840,7456,14296,616,0.0900584795321637
20898,13357,46,45-49,F,6497,7799,14296,1302,0.200400184700631
9881,13304,48,45-49,M,6663,7633,14296,970,0.1455800690379708
20691,83401,61,60-64,M,6844,7453,14297,609,0.0889830508474576
11028,84003,54,50-54,M,6448,7849,14297,1401,0.2172766749379652
10924,02152,53,50-54,M,6019,8278,14297,2259,0.3753115135404552
2440,32807,25,Under 35,M,5848,8449,14297,2601,0.4447674418604651
16875,03231,55,55-59,F,6229,8069,14298,1840,0.2953925188633809
5562,02474,41,40-44,M,5749,8550,14299,2801,0.4872151678552792
16216,46725,27,Under 35,F,6728,7572,14300,844,0.1254458977407847
17966,19380,56,55-59,M,6742,7558,14300,816,0.1210323346188074
19438,90049,40,40-44,F,6535,7766,14301,1231,0.1883703136954858
20700,41051,60,60-64,M,6704,7597,14301,893,0.1332040572792363
12078,57105,25,Under 35,F,6321,7981,14302,1660,0.2626166745768075
19928,94158,61,60-64,M,6496,7806,14302,1310,0.2016625615763546
18429,03833,40,40-44,F,6483,7819,14302,1336,0.2060774332870584
8322,80013,53,50-54,M,5552,8753,14305,3201,0.5765489913544669
20221,76063,48,45-49,F,6812,7493,14305,681,0.0999706400469759
20082,75025,53,50-54,F,6972,7333,14305,361,0.0517785427423981
16454,94114,31,Under 35,F,6694,7611,14305,917,0.136988347774126
22872,17325,65,65-69,M,6943,7363,14306,420,0.060492582457151
26365,02115,34,Under 35,M,6926,7380,14306,454,0.0655501010684377
19457,94132,61,60-64,M,6662,7644,14306,982,0.1474031822275593
30461,28262,41,40-44,F,6846,7460,14306,614,0.0896874087058136
17480,78736,56,55-59,M,6789,7517,14306,728,0.1072322875239357
25810,03060,45,45-49,M,6799,7507,14306,708,0.104132960729519
18979,06067,60,60-64,F,6590,7716,14306,1126,0.1708649468892261
23191,20774,72,70-74,M,6679,7627,14306,948,0.1419374157808055
25408,02129,33,Under 35,F,6713,7597,14310,884,0.131684790704603
21297,06119,60,60-64,F,6896,7414,14310,518,0.0751160092807424
25967,10013,26,Under 35,F,7016,7294,14310,278,0.0396237172177879
14097,45208,56,55-59,M,6486,7825,14311,1339,0.2064446500154178
20425,01886,60,60-64,M,6927,7384,14311,457,0.0659737259997112
16592,80634,37,35-39,F,6520,7792,14312,1272,0.1950920245398773
22637,06614,72,70-74,M,6968,7344,14312,376,0.0539609644087256
18753,19086,63,60-64,M,6759,7554,14313,795,0.1176209498446515
21649,95030,60,60-64,M,6751,7562,14313,811,0.1201303510591023
15637,66221,58,55-59,M,6674,7639,14313,965,0.1445909499550494
9096,92129,61,60-64,M,6135,8178,14313,2043,0.3330073349633252
14909,48189,56,55-59,M,6493,7820,14313,1327,0.204373941167411
15246,89102,29,Under 35,F,7046,7268,14314,222,0.0315072381493045
19075,77381,50,50-54,F,6669,7645,14314,976,0.1463487779277253
26604,30075,42,40-44,M,6036,8278,14314,2242,0.3714380384360504
26711,02130,33,Under 35,F,6717,7597,14314,880,0.1310108679470001
7329,08520,45,45-49,M,5705,8612,14317,2907,0.5095530236634531
16855,10011,40,40-44,F,6385,7932,14317,1547,0.2422866092404072
7964,95008,54,50-54,F,6402,7916,14318,1514,0.2364885973133395
29675,02493,36,35-39,F,7245,7074,14319,-171,-0.0236024844720496
15875,78597,62,60-64,M,6887,7432,14319,545,0.0791346014229708
22423,46037,56,55-59,F,6772,7547,14319,775,0.114441819255759
24205,92117,45,45-49,M,6336,7984,14320,1648,0.2601010101010101
14464,33133,32,Under 35,F,7095,7226,14321,131,0.0184637068357998
16053,76107,30,Under 35,F,6304,8017,14321,1713,0.271732233502538
17337,01970,35,35-39,F,6675,7647,14322,972,0.1456179775280899
18988,34787,44,40-44,F,6403,7919,14322,1516,0.2367640168670935
1660,11249,31,Under 35,M,5043,9280,14323,4237,0.8401744993059687
16419,92620,22,Under 35,F,6952,7371,14323,419,0.0602704257767548
21674,98402,51,50-54,F,6912,7411,14323,499,0.072193287037037
14670,02478,28,Under 35,F,6439,7885,14324,1446,0.2245690324584562
19924,99577,45,45-49,F,6672,7652,14324,980,0.1468824940047961
18420,32073,41,40-44,F,6445,7879,14324,1434,0.2224980605120248
7332,25304,40,40-44,M,5665,8659,14324,2994,0.5285083848190645
10052,94539,55,55-59,M,6909,7417,14326,508,0.073527283253727
14229,48383,53,50-54,M,6148,8180,14328,2032,0.3305139882888744
14907,92657,58,55-59,M,6123,8205,14328,2082,0.3400293973542381
26813,02155,22,Under 35,F,6993,7335,14328,342,0.0489060489060489
16980,45255,36,35-39,F,6195,8133,14328,1938,0.3128329297820823
13968,28081,41,40-44,F,6370,7959,14329,1589,0.2494505494505494
6350,95843,47,45-49,F,6382,7948,14330,1566,0.2453776245691006
21009,48430,59,55-59,F,6823,7507,14330,684,0.1002491572622013
16805,80538,39,35-39,F,6708,7622,14330,914,0.1362552176505665
21669,33149,50,50-54,F,6985,7346,14331,361,0.0516821760916249
9002,78015,39,35-39,F,5496,8836,14332,3340,0.6077147016011645
19238,68154,45,45-49,F,6681,7652,14333,971,0.1453375243227062
20737,55345,49,45-49,F,6822,7511,14333,689,0.1009967751392553
10671,10033,45,45-49,M,5791,8542,14333,2751,0.4750474874805733
17155,97232,41,40-44,F,6870,7464,14334,594,0.0864628820960698
15182,33312,55,55-59,M,6132,8202,14334,2070,0.337573385518591
20738,53211,62,60-64,F,6578,7757,14335,1179,0.1792338096685923
16924,45066,61,60-64,M,6472,7863,14335,1391,0.2149258343634116
21149,91207,60,60-64,M,7054,7283,14337,229,0.0324638502977034
20248,02418,48,45-49,F,6787,7552,14339,765,0.1127154854869603
10591,78726,48,45-49,M,6144,8195,14339,2051,0.3338216145833333
14027,37064,55,55-59,M,6313,8028,14341,1715,0.2716616505623317
16067,49855,29,Under 35,F,6345,7996,14341,1651,0.2602048857368006
22761,60029,56,55-59,F,6939,7402,14341,463,0.0667243118604986
7063,84009,39,35-39,M,6676,7665,14341,989,0.1481426003594967
25294,91942,30,Under 35,M,6962,7380,14342,418,0.0600402183280666
21886,92130,50,50-54,F,6833,7509,14342,676,0.0989316552026928
20914,96822,53,50-54,F,6629,7713,14342,1084,0.1635239100920199
18178,70532,39,35-39,F,6663,7679,14342,1016,0.1524838661263695
12330,06812,55,55-59,M,6623,7721,14344,1098,0.165785897629473
20925,71446,49,45-49,F,6846,7498,14344,652,0.0952380952380952
10613,60622,47,45-49,M,6304,8040,14344,1736,0.2753807106598985
21136,20165,49,45-49,F,6832,7513,14345,681,0.0996779859484777
13670,97060,44,40-44,F,6408,7939,14347,1531,0.238920099875156
22916,49428,68,65-69,M,7127,7220,14347,93,0.0130489687105373
19203,06902,48,45-49,F,6724,7623,14347,899,0.1337001784651993
17273,48187,41,40-44,F,6582,7765,14347,1183,0.1797326040717107
16423,27410,44,40-44,F,6562,7786,14348,1224,0.1865284974093264
20552,94596,57,55-59,F,6657,7691,14348,1034,0.1553252215712783
20525,76226,56,55-59,F,6519,7831,14350,1312,0.2012578616352201
18017,37091,42,40-44,F,6746,7604,14350,858,0.127186480877557
16992,01545,53,50-54,M,6499,7852,14351,1353,0.2081858747499615
15601,02478,47,45-49,F,6844,7507,14351,663,0.0968731735827001
24598,02113,27,Under 35,F,6811,7540,14351,729,0.1070327411540155
17364,80550,55,55-59,M,6156,8196,14352,2040,0.3313840155945419
12676,48069,33,Under 35,F,6236,8116,14352,1880,0.3014753046824888
9263,43230,46,45-49,F,6464,7890,14354,1426,0.2206064356435643
19440,01373,70,70-74,M,6752,7602,14354,850,0.125888625592417
21939,55344,54,50-54,F,6706,7648,14354,942,0.1404712198031613
22551,78260,55,55-59,F,6753,7601,14354,848,0.1255738190433881
18436,50311,47,45-49,F,6712,7643,14355,931,0.1387067938021454
19788,55305,46,45-49,F,7153,7202,14355,49,0.0068502726128896
21174,23059,49,45-49,F,6550,7808,14358,1258,0.1920610687022901
18176,44618,38,35-39,F,6596,7762,14358,1166,0.1767738023044269
29009,10009,25,Under 35,M,6885,7473,14358,588,0.0854030501089324
25019,10022,35,35-39,M,7019,7340,14359,321,0.0457330104003419
20974,19530,64,60-64,M,7133,7227,14360,94,0.0131781858965372
13470,94131,40,40-44,F,5876,8484,14360,2608,0.4438393464942137
30386,20003,26,Under 35,F,7108,7253,14361,145,0.0203995498030388
25476,10003,26,Under 35,M,6470,7891,14361,1421,0.219629057187017
22941,77494,55,55-59,F,6991,7370,14361,379,0.0542125590044342
16220,78757,46,45-49,F,6987,7375,14362,388,0.0555317017317876
22603,02465,58,55-59,F,6960,7402,14362,442,0.0635057471264367
18759,11757,46,45-49,F,6659,7703,14362,1044,0.1567802973419432
22359,60025,57,55-59,F,6939,7424,14363,485,0.0698947975212566
10875,40601,51,50-54,M,5912,8452,14364,2540,0.4296346414073071
21409,28270,47,45-49,F,6643,7722,14365,1079,0.162426614481409
24999,02116,55,55-59,F,6797,7568,14365,771,0.1134323966455789
13873,02478,23,Under 35,F,5672,8693,14365,3021,0.5326163610719323
17018,04974,41,40-44,F,6689,7677,14366,988,0.1477051876214681
25852,02125,28,Under 35,M,6269,8097,14366,1828,0.2915935555910033
11987,28078,45,45-49,M,6349,8017,14366,1668,0.2627185383524965
20036,04021,48,45-49,F,6901,7466,14367,565,0.0818721924358788
15439,10011,27,Under 35,F,6964,7403,14367,439,0.0630384836300976
15028,23505,32,Under 35,F,6150,8217,14367,2067,0.3360975609756098
24461,02481,44,40-44,M,6468,7899,14367,1431,0.2212430426716141
19035,14850,60,60-64,M,6665,7703,14368,1038,0.1557389347336834
25775,02332,52,50-54,M,7088,7280,14368,192,0.0270880361173814
25776,02472,54,50-54,M,7088,7281,14369,193,0.0272291196388261
13723,84074,36,35-39,F,6684,7685,14369,1001,0.1497606223818073
14733,92101,35,35-39,F,6112,8258,14370,2146,0.3511125654450261
19222,85254,56,55-59,M,7215,7155,14370,-60,-0.0083160083160083
13243,93722,61,60-64,M,5917,8453,14370,2536,0.4285955720804462
27386,60642,24,Under 35,F,6654,7717,14371,1063,0.1597535317102494
28708,07670,48,45-49,M,6858,7513,14371,655,0.0955088947214931
17687,02143,28,Under 35,F,6920,7451,14371,531,0.0767341040462427
12594,11217,29,Under 35,F,5884,8488,14372,2604,0.442556084296397
10080,12571,53,50-54,M,7066,7306,14372,240,0.0339654684404189
26398,02127,28,Under 35,F,6889,7483,14372,594,0.08622441573523
26817,01602,45,45-49,M,6528,7845,14373,1317,0.2017463235294117
24089,27701,25,Under 35,M,6255,8118,14373,1863,0.297841726618705
29255,01702,39,35-39,M,7079,7294,14373,215,0.0303715214013278
13349,77345,43,40-44,F,6623,7750,14373,1127,0.170164577985807
8212,40165,43,40-44,M,5730,8643,14373,2913,0.5083769633507853
22541,63376,61,60-64,F,6905,7469,14374,564,0.081679942070963
20900,92065,55,55-59,F,6797,7577,14374,780,0.1147565102250993
17432,02127,30,Under 35,F,6778,7597,14375,819,0.120832103865447
22407,75214,56,55-59,F,6742,7635,14377,893,0.1324532779590626
16982,77007,35,35-39,F,6996,7381,14377,385,0.0550314465408805
21255,80027,45,45-49,F,6864,7514,14378,650,0.0946969696969697
22425,75013,58,55-59,F,6962,7417,14379,455,0.0653547831083022
4229,95121,48,45-49,M,5947,8432,14379,2485,0.4178577434000336
20528,08844,45,45-49,F,6715,7665,14380,950,0.1414743112434847
19264,71006,45,45-49,F,7110,7270,14380,160,0.0225035161744022
18024,83616,47,45-49,F,6732,7649,14381,917,0.136215092097445
18844,93706,47,45-49,F,6925,7458,14383,533,0.0769675090252707
25439,10014,24,Under 35,M,5899,8484,14383,2585,0.4382098660789964
22235,20037,51,50-54,F,6878,7505,14383,627,0.0911602209944751
17046,84043,55,55-59,F,6918,7467,14385,549,0.0793581960104076
25708,02169,27,Under 35,F,6536,7849,14385,1313,0.2008873929008568
25451,02129,28,Under 35,F,7034,7351,14385,317,0.0450668183110605
21693,49506,66,65-69,M,6826,7559,14385,733,0.107383533548198
11961,03253,52,50-54,M,6135,8251,14386,2116,0.3449062754686227
21910,02035,60,60-64,M,7073,7315,14388,242,0.0342146189735614
19080,02760,60,60-64,F,6778,7610,14388,832,0.1227500737680731
6635,08820,39,35-39,M,6137,8252,14389,2115,0.344630927163109
21064,81623,51,50-54,F,6565,7824,14389,1259,0.1917745620715917
20058,46112,46,45-49,F,6616,7773,14389,1157,0.1748790810157194
24239,02127,30,Under 35,M,6899,7491,14390,592,0.0858095376141469
26505,02129,27,Under 35,F,6715,7676,14391,961,0.1431124348473566
20239,19128,45,45-49,F,6895,7497,14392,602,0.0873096446700507
22193,92129,52,50-54,F,6973,7420,14393,447,0.0641044026961135
20717,29466,48,45-49,F,6472,7921,14393,1449,0.2238875154511743
22385,60614,62,60-64,F,6834,7559,14393,725,0.1060872110038045
19951,77380,49,45-49,F,6609,7785,14394,1176,0.1779391738538356
22453,37209,68,65-69,M,7160,7234,14394,74,0.0103351955307262
9366,02111,32,Under 35,F,6924,7470,14394,546,0.0788561525129982
13611,92602,50,50-54,M,6699,7697,14396,998,0.1489774593222869
21947,33024,56,55-59,F,6787,7609,14396,822,0.1211138942095182
21191,28173,50,50-54,F,7030,7367,14397,337,0.0479374110953058
17935,44811,37,35-39,F,6652,7745,14397,1093,0.1643114852675887
19036,06525,48,45-49,F,6731,7666,14397,935,0.138909523102065
25503,02129,28,Under 35,F,7105,7293,14398,188,0.026460239268121
18795,83709,43,40-44,F,6766,7634,14400,868,0.1282885013301803
17961,80209,64,60-64,M,6659,7741,14400,1082,0.1624868598888722
19573,77056,45,45-49,F,6488,7912,14400,1424,0.219482120838471
22570,46845,66,65-69,M,7260,7141,14401,-119,-0.0163911845730027
321,32686,29,Under 35,M,6858,7543,14401,685,0.0998833479148439
17352,08724,44,40-44,F,6859,7542,14401,683,0.099577197842251
30252,02115,30,Under 35,M,6397,8004,14401,1607,0.251211505393153
28832,10026,52,50-54,F,7153,7248,14401,95,0.0132811407800922
26273,02127,23,Under 35,M,6771,7631,14402,860,0.1270122581597991
14269,76710,57,55-59,M,6759,7644,14403,885,0.1309365290723479
16297,77096,33,Under 35,F,6901,7504,14405,603,0.087378640776699
1319,02143,26,Under 35,M,6902,7503,14405,601,0.0870762097942625
29114,02143,27,Under 35,F,6902,7504,14406,602,0.0872210953346856
24558,02114,31,Under 35,F,6347,8059,14406,1712,0.269733732472034
20728,76109,69,65-69,M,6756,7650,14406,894,0.1323268206039076
2961,45373,30,Under 35,M,5313,9094,14407,3781,0.7116506681724073
28328,01748,36,35-39,F,7447,6961,14408,-486,-0.0652611789982543
8785,44012,46,45-49,M,6188,8221,14409,2033,0.3285391079508726
19785,11104,50,50-54,F,6707,7702,14409,995,0.1483524675711942
18361,90020,52,50-54,F,6646,7763,14409,1117,0.1680710201625037
24786,02129,37,35-39,M,7460,6950,14410,-510,-0.0683646112600536
19504,60084,60,60-64,M,6670,7741,14411,1071,0.1605697151424288
20232,02760,45,45-49,F,6725,7687,14412,962,0.1430483271375464
10774,37122,49,45-49,M,5597,8815,14412,3218,0.5749508665356441
16744,21043,42,40-44,F,6562,7852,14414,1290,0.1965864065833587
27541,10003,28,Under 35,M,6909,7505,14414,596,0.086264292951223
20132,32205,48,45-49,F,5799,8616,14415,2817,0.4857734092084842
26733,48323,26,Under 35,F,7253,7162,14415,-91,-0.012546532469323
17923,94121,37,35-39,F,6635,7780,14415,1145,0.1725697061039939
24950,02341,25,Under 35,F,6860,7556,14416,696,0.1014577259475218
20150,96146,47,45-49,F,6915,7501,14416,586,0.0847433116413593
27004,84003,52,50-54,F,6937,7479,14416,542,0.0781317572437653
17211,37187,35,35-39,F,6831,7586,14417,755,0.110525545308154
2857,13041,23,Under 35,M,4912,9505,14417,4593,0.935057003257329
24317,01776,58,55-59,M,6759,7658,14417,899,0.1330078413966563
21657,19152,68,65-69,F,6570,7847,14417,1277,0.1943683409436834
16096,14604,26,Under 35,F,6645,7773,14418,1128,0.1697516930022573
21656,02141,55,55-59,F,6901,7518,14419,617,0.0894073322706854
17117,11237,38,35-39,F,6582,7837,14419,1255,0.1906715284108174
12628,84102,23,Under 35,F,6108,8312,14420,2204,0.3608382449246889
14913,02135,26,Under 35,F,5962,8459,14421,2497,0.4188191881918819
19485,30269,43,40-44,F,6591,7830,14421,1239,0.1879836140191169
22465,55441,67,65-69,M,6577,7844,14421,1267,0.1926410217424357
15852,10035,57,55-59,F,6836,7587,14423,751,0.1098595669982445
18044,77316,43,40-44,F,6646,7777,14423,1131,0.1701775504062594
24139,03258,36,35-39,F,6703,7721,14424,1018,0.1518722959868715
7982,80132,57,55-59,F,6792,7633,14425,841,0.1238221436984687
10651,02360,49,45-49,M,5989,8436,14425,2447,0.4085824010686258
7984,02446,46,45-49,F,6731,7694,14425,963,0.1430693804783836
16753,35213,41,40-44,F,6464,7962,14426,1498,0.2317450495049505
22816,07082,63,60-64,F,7134,7293,14427,159,0.0222876366694701
20643,75075,57,55-59,F,6948,7480,14428,532,0.0765687967760506
22050,19606,50,50-54,F,7035,7393,14428,358,0.0508884150675195
5760,13148,26,Under 35,F,5606,8823,14429,3217,0.5738494470210489
18809,77581,40,40-44,F,6542,7887,14429,1345,0.2055946193824518
8299,60189,59,55-59,M,6931,7499,14430,568,0.0819506564709277
23292,36604,60,60-64,F,7049,7383,14432,334,0.0473826074620513
21981,91011,57,55-59,F,6727,7706,14433,979,0.1455329270105544
29170,02067,43,40-44,M,6358,8075,14433,1717,0.2700534759358289
12300,91006,52,50-54,F,6602,7831,14433,1229,0.1861557103907906
22224,53703,50,50-54,F,6934,7499,14433,565,0.0814825497548312
22391,19460,65,65-69,M,6910,7523,14433,613,0.088712011577424
28277,02054,20,Under 35,M,6763,7671,14434,908,0.1342599438119177
20778,01760,60,60-64,M,6298,8138,14436,1840,0.2921562400762146
21700,44432,57,55-59,F,6702,7734,14436,1032,0.1539838854073411
15500,92101,59,55-59,M,6221,8215,14436,1994,0.3205272464234046
15564,03844,28,Under 35,F,6554,7882,14436,1328,0.2026243515410436
22386,38133,59,55-59,F,6852,7586,14438,734,0.1071220081727962
17807,94123,55,55-59,M,6335,8103,14438,1768,0.279084451460142
7998,08085,46,45-49,F,6743,7696,14439,953,0.1413317514459439
24166,02127,29,Under 35,F,7172,7268,14440,96,0.0133853876185164
21542,19139,48,45-49,F,6850,7590,14440,740,0.1080291970802919
22773,21668,58,55-59,F,7021,7419,14440,398,0.0566870816123059
1195,40205,40,40-44,M,6378,8062,14440,1684,0.2640326121041079
19241,40205,41,40-44,F,6378,8062,14440,1684,0.2640326121041079
26885,07604,37,35-39,M,6558,7882,14440,1324,0.2018908203720646
28159,01827,35,35-39,M,6915,7526,14441,611,0.0883586406362979
20664,84302,62,60-64,M,6638,7803,14441,1165,0.1755046700813498
22695,41017,66,65-69,M,7032,7409,14441,377,0.0536120591581342
28250,60707,39,35-39,M,6456,7986,14442,1530,0.2369888475836431
21911,95020,53,50-54,F,6923,7520,14443,597,0.0862342914921276
19441,92009,57,55-59,F,6846,7597,14443,751,0.109699094361671
20882,54650,46,45-49,F,6812,7631,14443,819,0.1202290076335877
21047,95118,60,60-64,M,6818,7626,14444,808,0.1185098269287181
25526,02155,27,Under 35,M,6621,7825,14446,1204,0.1818456426521673
27249,02451,47,45-49,F,7065,7383,14448,318,0.0450106157112526
16080,03820,35,35-39,F,6436,8012,14448,1576,0.2448725916718458
26930,28211,43,40-44,F,7079,7369,14448,290,0.0409662381692329
19516,11377,48,45-49,F,6776,7672,14448,896,0.1322314049586777
21126,43044,46,45-49,F,6703,7745,14448,1042,0.1554527823362673
18427,97420,58,55-59,F,6967,7485,14452,518,0.0743505095449978
1563,07030,38,35-39,M,6195,8257,14452,2062,0.3328490718321227
14625,14485,55,55-59,M,6123,8329,14452,2206,0.3602809080516087
26017,02030,23,Under 35,F,6473,7980,14453,1507,0.2328132241619032
16942,94403,43,40-44,F,6907,7548,14455,641,0.092804401331982
27383,01890,19,Under 35,F,6885,7571,14456,686,0.0996368917937545
7849,24018,49,45-49,M,5610,8846,14456,3236,0.5768270944741533
23096,01810,68,65-69,M,6955,7502,14457,547,0.0786484543493889
9226,07670,50,50-54,M,6890,7567,14457,677,0.0982583454281567
19771,02129,45,45-49,F,6892,7565,14457,673,0.0976494486360998
14682,92037,22,Under 35,F,6172,8286,14458,2114,0.3425145819831497
17259,28117,58,55-59,M,6294,8165,14459,1871,0.2972672386399745
20331,22902,64,60-64,M,6734,7725,14459,991,0.1471636471636471
30445,90242,40,40-44,M,6885,7575,14460,690,0.1002178649237472
13136,22101,36,35-39,F,6804,7657,14461,853,0.1253674309229864
15163,93436,57,55-59,M,5861,8600,14461,2739,0.4673263948131718
14817,53092,59,55-59,M,6340,8121,14461,1781,0.2809148264984227
25438,02129,27,Under 35,M,6987,7475,14462,488,0.0698439959925576
20154,55419,46,45-49,F,6735,7728,14463,993,0.1474387527839643
25817,01949,36,35-39,M,6672,7791,14463,1119,0.1677158273381295
15214,55125,22,Under 35,F,6866,7597,14463,731,0.1064666472473055
17976,80923,39,35-39,F,6921,7544,14465,623,0.0900158936569859
26256,06824,19,Under 35,M,7153,7313,14466,160,0.0223682371033132
19394,13346,56,55-59,F,6725,7742,14467,1017,0.1512267657992565
21954,60126,50,50-54,F,6949,7519,14468,570,0.0820261908188228
22666,96719,57,55-59,F,7023,7446,14469,423,0.0602306706535668
26932,55115,46,45-49,M,7034,7435,14469,401,0.0570088143303952
22794,20015,66,65-69,M,6964,7505,14469,541,0.0776852383687535
26070,08527,29,Under 35,M,6091,8379,14470,2288,0.3756361845345591
25352,02048,26,Under 35,F,7302,7168,14470,-134,-0.0183511366748835
22280,08330,58,55-59,F,6841,7630,14471,789,0.1153340154948107
21327,12208,61,60-64,M,6589,7882,14471,1293,0.1962361511610259
10775,96804,49,45-49,M,6224,8247,14471,2023,0.3250321336760925
25687,01702,33,Under 35,M,6866,7606,14472,740,0.1077774541217593
17563,94122,36,35-39,F,6674,7798,14472,1124,0.16841474378184
16353,90004,55,55-59,M,6137,8335,14472,2198,0.3581554505458693
21988,95693,55,55-59,F,6834,7639,14473,805,0.1177933860111208
18527,84121,42,40-44,F,6528,7945,14473,1417,0.2170649509803921
28541,02493,51,50-54,M,6742,7731,14473,989,0.1466923761495105
22205,63105,59,55-59,F,7032,7442,14474,410,0.0583048919226393
9573,37891,33,Under 35,F,5834,8640,14474,2806,0.4809736030167981
19685,82604,45,45-49,F,7013,7461,14474,448,0.0638813631826607
24593,02332,41,40-44,F,6800,7675,14475,875,0.1286764705882352
19063,07011,49,45-49,F,7036,7441,14477,405,0.0575611142694712
18915,12158,41,40-44,F,6820,7657,14477,837,0.1227272727272727
21168,60622,45,45-49,F,6764,7715,14479,951,0.1405972797161443
29304,80302,55,55-59,M,7176,7303,14479,127,0.0176978818283166
20945,13090,47,45-49,F,6866,7613,14479,747,0.1087969705796679
20821,77407,62,60-64,M,6565,7916,14481,1351,0.2057882711348058
19038,98036,41,40-44,F,6616,7866,14482,1250,0.1889359129383313
29825,92109,25,Under 35,F,7101,7382,14483,281,0.0395718912829179
19200,33647,59,55-59,M,6659,7824,14483,1165,0.1749511938729539
20769,66062,67,65-69,M,6394,8089,14483,1695,0.2650922740068814
22560,18049,60,60-64,F,6774,7710,14484,936,0.1381753764393268
20841,32937,45,45-49,F,6411,8074,14485,1663,0.2593979098424582
21551,32256,48,45-49,F,6945,7541,14486,596,0.0858171346292296
20923,55416,54,50-54,F,6991,7498,14489,507,0.0725218137605492
21809,16066,51,50-54,F,6740,7749,14489,1009,0.1497032640949555
21095,59718,50,50-54,F,6938,7552,14490,614,0.0884981262611703
22658,20024,65,65-69,M,6841,7649,14490,808,0.11811138722409
18652,28605,51,50-54,F,7052,7439,14491,387,0.0548780487804878
7502,22312,47,45-49,M,6247,8245,14492,1998,0.319833520089643
26014,01564,34,Under 35,M,6498,7995,14493,1497,0.2303785780240073
30315,11222,31,Under 35,F,6724,7770,14494,1046,0.1555621653777513
20257,43551,57,55-59,F,6399,8095,14494,1696,0.2650414127207376
14120,55902,65,65-69,M,6870,7625,14495,755,0.1098981077147016
21773,28203,52,50-54,F,6857,7638,14495,781,0.1138982062126294
24577,02210,27,Under 35,F,7239,7257,14496,18,0.002486531288852
12642,37921,26,Under 35,F,6210,8286,14496,2076,0.3342995169082126
28968,01915,37,35-39,M,6589,7907,14496,1318,0.2000303536196691
6882,07086,42,40-44,M,6140,8356,14496,2216,0.3609120521172638
24484,02118,26,Under 35,M,7168,7329,14497,161,0.0224609375
8560,13603,40,40-44,M,5801,8697,14498,2896,0.499224271677297
20249,55374,49,45-49,F,6864,7634,14498,770,0.1121794871794871
14599,11215,32,Under 35,F,6998,7501,14499,503,0.0718776793369534
28142,10003,25,Under 35,F,6929,7570,14499,641,0.092509741665464
16223,19036,41,40-44,F,5882,8618,14500,2736,0.4651479088745324
17946,60035,58,55-59,M,6869,7631,14500,762,0.1109331780462949
19077,18444,40,40-44,F,6638,7863,14501,1225,0.184543537210003
15873,22911,61,60-64,F,6700,7802,14502,1102,0.1644776119402985
29098,02481,46,45-49,F,7090,7412,14502,322,0.0454160789844851
12791,32828,46,45-49,M,6509,7994,14503,1485,0.2281456444922415
16652,75070,55,55-59,M,6114,8392,14506,2278,0.3725875040889761
22530,21085,55,55-59,F,6900,7606,14506,706,0.1023188405797101
25507,02116,41,40-44,M,6706,7801,14507,1095,0.1632866090068595
24745,03833,34,Under 35,M,6660,7847,14507,1187,0.1782282282282282
8775,46060,42,40-44,M,5944,8563,14507,2619,0.4406123822341857
16527,08542,24,Under 35,F,6274,8235,14509,1961,0.3125597704813516
13953,44236,23,Under 35,F,6157,8352,14509,2195,0.3565047912944616
20281,28306,48,45-49,F,6872,7638,14510,766,0.1114668218859138
24926,02420,59,55-59,M,6733,7777,14510,1044,0.1550571810485667
24141,56003,41,40-44,M,6638,7872,14510,1234,0.1858993672793009
21183,01588,60,60-64,M,6822,7688,14510,866,0.1269422456757549
29895,07452,50,50-54,M,7082,7429,14511,347,0.0489974583451002
20935,41048,48,45-49,F,6669,7842,14511,1173,0.1758884390463337
26166,02481,50,50-54,M,6568,7944,14512,1376,0.2095006090133983
25475,02118,23,Under 35,M,7101,7411,14512,310,0.0436558231235037
17367,91351,49,45-49,F,6744,7768,14512,1024,0.1518386714116251
20797,62221,47,45-49,F,6612,7900,14512,1288,0.1947973381730187
19972,06410,61,60-64,M,6745,7768,14513,1023,0.1516679021497405
15604,60563,55,55-59,F,6804,7709,14513,905,0.1330099941211052
8706,83301,45,45-49,M,6343,8170,14513,1827,0.2880340532870881
19181,19046,42,40-44,F,6647,7866,14513,1219,0.1833910034602076
16793,02116,59,55-59,M,6158,8355,14513,2197,0.3567716791165963
21373,83686,53,50-54,F,7008,7506,14514,498,0.0710616438356164
24815,10028,40,40-44,M,6363,8151,14514,1788,0.280999528524281
26431,02645,36,35-39,M,6498,8016,14514,1518,0.2336103416435826
18336,83616,55,55-59,M,6876,7638,14514,762,0.1108202443280977
24962,01752,39,35-39,M,6660,7858,14518,1198,0.1798798798798798
19859,02025,58,55-59,F,6639,7880,14519,1241,0.1869257418285886
12425,43085,25,Under 35,F,6222,8297,14519,2075,0.3334940533590485
4563,43085,24,Under 35,F,6223,8296,14519,2073,0.3331190744014141
4069,97132,26,Under 35,M,5184,9335,14519,4151,0.800733024691358
21672,05602,56,55-59,F,6485,8035,14520,1550,0.2390131071703932
9303,84098,52,50-54,M,6836,7685,14521,849,0.1241954359274429
20757,83713,50,50-54,F,6799,7723,14522,924,0.1359023385792028
28994,02131,35,35-39,F,7203,7320,14523,117,0.0162432319866722
30318,02129,29,Under 35,M,6826,7698,14524,872,0.1277468502783475
14381,49423,23,Under 35,F,6798,7727,14525,929,0.1366578405413356
22907,28173,58,55-59,F,6735,7790,14525,1055,0.1566443949517446
10823,12801,52,50-54,M,6291,8234,14525,1943,0.3088539182959783
16788,92592,43,40-44,F,6485,8041,14526,1556,0.2399383191981495
21630,60124,65,65-69,M,6648,7879,14527,1231,0.1851684717208183
14976,94947,44,40-44,F,7317,7211,14528,-106,-0.014486811534782
22181,49841,59,55-59,F,7283,7248,14531,-35,-0.0048057119318961
20730,92887,57,55-59,F,7042,7489,14531,447,0.0634762851462652
19506,84038,45,45-49,F,7077,7457,14534,380,0.0536950685318637
24679,30308,51,50-54,M,6535,7999,14534,1464,0.2240244835501147
10230,10543,48,45-49,M,7016,7520,14536,504,0.0718358038768529
6174,66062,52,50-54,M,5655,8881,14536,3226,0.5704686118479222
21004,54405,66,65-69,M,6820,7716,14536,896,0.1313782991202346
19479,94563,59,55-59,F,6689,7849,14538,1160,0.1734190461952459
27794,01901,27,Under 35,M,6613,7926,14539,1313,0.1985483139271132
23313,75034,60,60-64,F,6873,7667,14540,794,0.1155245162229012
20043,94519,46,45-49,F,6631,7909,14540,1278,0.1927311114462373
17323,06037,58,55-59,M,6242,8298,14540,2056,0.3293816084588273
29562,23703,34,Under 35,M,6762,7779,14541,1017,0.1503992901508429
18100,06239,68,65-69,M,7215,7327,14542,112,0.0155232155232155
18651,80138,40,40-44,F,6928,7614,14542,686,0.0990184757505773
23130,93274,61,60-64,F,6591,7951,14542,1360,0.2063419814899104
14763,02030,33,Under 35,F,6958,7585,14543,627,0.0901121011784995
19245,33067,45,45-49,F,6820,7723,14543,903,0.1324046920821114
25073,02125,25,Under 35,M,6910,7633,14543,723,0.1046309696092619
25151,02127,24,Under 35,F,6977,7566,14543,589,0.0844202379246094
19420,80439,60,60-64,F,6795,7749,14544,954,0.1403973509933775
20946,90013,52,50-54,F,6817,7728,14545,911,0.133636496992812
20064,34787,46,45-49,F,6699,7847,14546,1148,0.1713688610240334
26224,02115,27,Under 35,M,7003,7543,14546,540,0.0771098100813936
11420,46260,50,50-54,M,5589,8958,14547,3369,0.6027911969940956
12342,40213,26,Under 35,F,6157,8390,14547,2233,0.3626766282280331
26178,02127,26,Under 35,F,6653,7894,14547,1241,0.1865323914023748
21822,23238,53,50-54,F,6718,7830,14548,1112,0.1655254540041679
19198,60448,44,40-44,F,6949,7600,14549,651,0.0936825442509713
21145,01778,60,60-64,M,6677,7873,14550,1196,0.1791223603414707
22599,08034,52,50-54,F,7028,7522,14550,494,0.0702902675014228
18906,90712,43,40-44,F,6937,7613,14550,676,0.0974484647542165
14876,45208,50,50-54,M,6067,8484,14551,2417,0.3983847041371353
21091,84010,49,45-49,F,6749,7802,14551,1053,0.1560231145354867
15462,91731,58,55-59,M,7028,7523,14551,495,0.0704325554923164
27259,01460,52,50-54,F,6803,7749,14552,946,0.1390562986917536
11603,60629,46,45-49,M,6442,8110,14552,1668,0.2589257994411673
25323,02215,31,Under 35,F,7177,7376,14553,199,0.0277274627281594
20222,87104,61,60-64,M,6765,7788,14553,1023,0.1512195121951219
28461,01432,24,Under 35,F,6831,7722,14553,891,0.1304347826086956
20874,55110,46,45-49,F,6717,7837,14554,1120,0.1667411046598183
21606,73750,45,45-49,F,6892,7663,14555,771,0.1118688334300638
3168,02139,33,Under 35,M,5331,9224,14555,3893,0.7302569874320015
14167,44646,59,55-59,M,6315,8240,14555,1925,0.3048297703879651
25587,10024,35,35-39,F,7054,7502,14556,448,0.0635100652112276
30578,77084,25,Under 35,M,6521,8035,14556,1514,0.2321729796043551
22953,99205,55,55-59,F,6997,7560,14557,563,0.0804630555952551
23124,48864,62,60-64,F,6815,7742,14557,927,0.1360234776228907
20131,32789,48,45-49,F,6535,8023,14558,1488,0.2276970160673297
23162,01982,65,65-69,M,7293,7265,14558,-28,-0.003839297956945
13699,33703,48,45-49,F,6344,8214,14558,1870,0.2947667087011349
20108,15767,52,50-54,F,6522,8036,14558,1514,0.2321373811714198
16801,60134,64,60-64,F,6650,7909,14559,1259,0.1893233082706767
22164,27514,67,65-69,M,6878,7681,14559,803,0.1167490549578365
20118,08028,46,45-49,F,6942,7617,14559,675,0.0972342264477096
18121,27609,31,Under 35,F,6877,7682,14559,805,0.1170568561872909
28218,44333,44,40-44,F,7241,7318,14559,77,0.0106338903466372
20708,63021,50,50-54,F,6891,7669,14560,778,0.1129008852125961
20581,60565,55,55-59,F,6705,7855,14560,1150,0.1715137956748695
19268,28562,44,40-44,F,7202,7358,14560,156,0.0216606498194945
14091,55410,55,55-59,M,6461,8100,14561,1639,0.2536759015632255
7716,10601,36,35-39,M,6756,7806,14562,1050,0.1554174067495559
24009,96734,37,35-39,F,7081,7481,14562,400,0.0564891964411806
16100,18017,47,45-49,F,5984,8578,14562,2594,0.4334893048128342
18573,77062,42,40-44,F,6409,8154,14563,1745,0.2722733655796536
21736,28805,52,50-54,F,6882,7681,14563,799,0.1160999709386806
17622,28104,60,60-64,M,6227,8338,14565,2111,0.339007547775815
21498,48178,63,60-64,M,6758,7807,14565,1049,0.1552234388872447
19741,44657,45,45-49,F,6523,8042,14565,1519,0.2328683121263222
22176,70448,53,50-54,F,6809,7756,14565,947,0.1390806285798208
21410,89301,62,60-64,M,6702,7866,14568,1164,0.1736794986571172
22924,02129,67,65-69,M,7008,7560,14568,552,0.0787671232876712
18537,37347,61,60-64,M,6325,8243,14568,1918,0.3032411067193676
9029,89451,39,35-39,M,6152,8416,14568,2264,0.3680104031209363
20111,98027,46,45-49,F,6690,7878,14568,1188,0.1775784753363228
20531,08043,45,45-49,F,6840,7728,14568,888,0.1298245614035087
24264,60302,36,35-39,M,6422,8146,14568,1724,0.2684521955777016
18338,77493,57,55-59,M,6817,7752,14569,935,0.1371571072319202
16634,95129,55,55-59,M,6271,8298,14569,2027,0.3232339339818211
24232,10010,26,Under 35,F,7134,7435,14569,301,0.0421923184749088
22335,74501,58,55-59,F,6735,7835,14570,1100,0.1633259094283593
21157,80130,45,45-49,F,6909,7661,14570,752,0.1088435374149659
18571,26003,45,45-49,F,6684,7886,14570,1202,0.1798324356672651
21124,48642,61,60-64,M,6808,7762,14570,954,0.1401292596944771
30142,02139,51,50-54,F,7076,7494,14570,418,0.0590729225551158
20044,44224,45,45-49,F,6736,7834,14570,1098,0.1630047505938242
22640,95129,55,55-59,F,6972,7599,14571,627,0.0899311531841652
22132,03824,49,45-49,F,7015,7557,14572,542,0.0772630078403421
12060,01960,33,Under 35,F,6350,8223,14573,1873,0.2949606299212598
19695,90041,44,40-44,F,6619,7954,14573,1335,0.2016920985043057
24308,01754,47,45-49,M,6095,8479,14574,2384,0.3911402789171452
21752,12061,50,50-54,F,7010,7565,14575,555,0.079172610556348
21012,02421,61,60-64,M,6920,7655,14575,735,0.1062138728323699
21909,76071,50,50-54,F,6954,7622,14576,668,0.0960598216853609
21533,80108,47,45-49,F,6845,7733,14578,888,0.1297297297297297
25185,02119,40,40-44,M,6965,7614,14579,649,0.0931801866475233
19204,05201,46,45-49,F,6686,7893,14579,1207,0.1805264732276398
28226,02467,39,35-39,F,6998,7583,14581,585,0.0835953129465561
22652,33812,55,55-59,F,6989,7593,14582,604,0.086421519530691
20926,85138,52,50-54,F,6608,7975,14583,1367,0.2068704600484261
20096,78750,50,50-54,F,6724,7859,14583,1135,0.1687983343248066
24628,01810,47,45-49,M,6584,7999,14583,1415,0.2149149453219927
4071,10025,33,Under 35,M,5168,9416,14584,4248,0.8219814241486069
19736,53593,47,45-49,F,6616,7968,14584,1352,0.2043530834340991
15499,92630,55,55-59,M,6333,8251,14584,1918,0.3028580451602716
20706,01951,60,60-64,M,6955,7630,14585,675,0.0970524802300503
28407,02459,52,50-54,M,6671,7914,14585,1243,0.1863288862239544
20985,91214,46,45-49,F,7113,7474,14587,361,0.0507521439617601
14290,60452,41,40-44,F,6808,7779,14587,971,0.142626321974148
22491,20171,56,55-59,F,6959,7628,14587,669,0.0961345020836327
11111,02110,28,Under 35,F,6537,8051,14588,1514,0.2316047116414257
27615,02458,39,35-39,F,6972,7616,14588,644,0.0923694779116465
22265,48103,61,60-64,M,7056,7532,14588,476,0.0674603174603174
17969,95630,37,35-39,F,6589,8000,14589,1411,0.2141447867658218
18982,10536,51,50-54,F,6751,7838,14589,1087,0.1610131832321137
22947,61282,55,55-59,F,7170,7419,14589,249,0.0347280334728033
22270,30306,50,50-54,F,7186,7403,14589,217,0.0301976064569997
27468,02067,38,35-39,F,6639,7951,14590,1312,0.1976201235125771
17403,95037,57,55-59,M,6543,8047,14590,1504,0.2298639767690661
22249,92210,66,65-69,M,6991,7600,14591,609,0.0871120011443284
1026,03461,23,Under 35,M,4906,9685,14591,4779,0.9741133306155728
19765,16156,46,45-49,F,6797,7795,14592,998,0.146829483595704
26707,02739,38,35-39,F,7139,7453,14592,314,0.0439837512256618
20442,22152,41,40-44,F,7059,7534,14593,475,0.0672899844170562
21980,06890,59,55-59,F,6846,7747,14593,901,0.1316096990943616
13861,15221,25,Under 35,F,6432,8161,14593,1729,0.2688121890547263
22352,92120,67,65-69,M,6492,8101,14593,1609,0.2478434996919285
22922,06032,57,55-59,F,6909,7684,14593,775,0.1121725285859024
2351,03768,27,Under 35,F,6652,7941,14593,1289,0.1937763078773301
12953,03766,42,40-44,F,6658,7935,14593,1277,0.1917993391408831
18220,07203,36,35-39,F,6722,7872,14594,1150,0.1710800357036596
24242,02478,43,40-44,F,6782,7812,14594,1030,0.1518726039516366
24234,02038,31,Under 35,M,6854,7741,14595,887,0.1294134811788736
20634,04280,47,45-49,F,7144,7451,14595,307,0.0429731243001119
20174,27455,69,65-69,M,6843,7753,14596,910,0.132982609966389
17916,07750,36,35-39,F,6859,7737,14596,878,0.1280069981046799
20588,50035,59,55-59,F,6689,7909,14598,1220,0.1823889968605172
20766,22308,49,45-49,F,6821,7777,14598,956,0.1401554024336607
25801,33604,29,Under 35,F,6628,7973,14601,1345,0.2029269764634882
25115,20744,35,35-39,M,6663,7938,14601,1275,0.1913552453849617
21731,32082,51,50-54,F,7016,7585,14601,569,0.0811003420752565
11753,85028,37,35-39,F,6569,8032,14601,1463,0.2227127416653981
7638,10019,57,55-59,M,6671,7930,14601,1259,0.1887273272372957
26283,02649,26,Under 35,M,6490,8111,14601,1621,0.249768875192604
26385,01890,44,40-44,F,6227,8374,14601,2147,0.3447888228681548
17472,75204,37,35-39,F,6593,8008,14601,1415,0.214621568330047
20854,92109,49,45-49,F,6829,7774,14603,945,0.1383804363742861
14345,94596,26,Under 35,F,6837,7766,14603,929,0.1358783091999414
20780,03431,47,45-49,F,6830,7773,14603,943,0.1380673499267935
23183,92692,61,60-64,F,6716,7888,14604,1172,0.1745086360929124
22768,75077,55,55-59,F,6865,7739,14604,874,0.1273124544792425
22859,30064,63,60-64,F,7001,7604,14605,603,0.0861305527781745
15349,10001,57,55-59,M,6216,8390,14606,2174,0.3497425997425997
16395,01267,56,55-59,M,6298,8308,14606,2010,0.3191489361702128
7934,77433,53,50-54,F,6551,8055,14606,1504,0.2295832697298122
19631,77479,47,45-49,F,6801,7807,14608,1006,0.1479194236141743
28413,02466,39,35-39,F,6674,7935,14609,1261,0.1889421636200179
18673,89145,55,55-59,F,6970,7640,14610,670,0.0961262553802008
27279,01923,47,45-49,M,6189,8421,14610,2232,0.3606398448860882
21919,07024,68,65-69,M,6667,7943,14610,1276,0.191390430478476
19875,84062,55,55-59,F,7227,7384,14611,157,0.0217240902172409
17749,97446,41,40-44,F,6386,8226,14612,1840,0.288130284998434
19918,60564,45,45-49,F,6780,7832,14612,1052,0.1551622418879056
21495,46383,50,50-54,F,6757,7858,14615,1101,0.162942134083173
21968,37209,54,50-54,F,6727,7888,14615,1161,0.1725880778950498
22377,44333,51,50-54,F,7040,7576,14616,536,0.0761363636363636
20892,97203,48,45-49,F,6811,7806,14617,995,0.1460872118631625
13889,95120,54,50-54,M,6208,8410,14618,2202,0.3547036082474227
20715,76240,50,50-54,F,6768,7850,14618,1082,0.159869976359338
12470,10019,53,50-54,M,6609,8009,14618,1400,0.2118323498259948
19588,22182,61,60-64,M,7243,7375,14618,132,0.0182244926135579
20666,87122,54,50-54,F,6858,7761,14619,903,0.13167104111986
13064,49456,57,55-59,M,5967,8652,14619,2685,0.4499748617395676
15848,22902,56,55-59,F,7036,7583,14619,547,0.0777430358158044
19790,34683,64,60-64,M,6549,8071,14620,1522,0.2324018934188425
21540,63090,47,45-49,F,6838,7782,14620,944,0.1380520620064346
22705,34104,63,60-64,F,6998,7622,14620,624,0.0891683338096599
22124,99712,69,65-69,M,6979,7642,14621,663,0.0949992835649806
7911,49008,45,45-49,F,6986,7635,14621,649,0.0929000858860578
4817,49008,40,40-44,M,6986,7635,14621,649,0.0929000858860578
18383,18042,46,45-49,F,6671,7951,14622,1280,0.1918752810673062
19590,33146,48,45-49,F,6782,7840,14622,1058,0.1560011795930404
26593,02043,26,Under 35,M,6826,7798,14624,972,0.1423967184295341
21084,06450,60,60-64,M,6745,7879,14624,1134,0.1681245366938473
29111,02143,25,Under 35,F,7190,7434,14624,244,0.0339360222531293
22100,06840,64,60-64,M,7029,7596,14625,567,0.0806658130601792
16091,28208,27,Under 35,F,6782,7843,14625,1061,0.1564435269831908
14698,78645,38,35-39,F,6750,7876,14626,1126,0.1668148148148148
19135,11375,40,40-44,F,6741,7885,14626,1144,0.1697077584928052
18863,36547,41,40-44,F,6824,7802,14626,978,0.1433177022274326
27838,19067,28,Under 35,F,7251,7376,14627,125,0.0172390015170321
29392,02145,29,Under 35,M,7285,7342,14627,57,0.0078242964996568
25465,02110,41,40-44,F,7152,7476,14628,324,0.0453020134228187
20966,19020,52,50-54,F,6747,7881,14628,1134,0.1680746998666074
18506,06019,42,40-44,F,6609,8019,14628,1410,0.2133454380390377
24946,02452,33,Under 35,M,6907,7722,14629,815,0.1179962357029101
16430,95370,34,Under 35,F,6683,7947,14630,1264,0.1891366152925332
11340,07928,53,50-54,M,5802,8829,14631,3027,0.5217166494312306
20184,23059,56,55-59,F,6840,7792,14632,952,0.1391812865497076
24671,32082,31,Under 35,F,6762,7871,14633,1109,0.1640047323277137
18904,78759,45,45-49,F,6615,8018,14633,1403,0.2120937263794406
22483,02492,51,50-54,F,7095,7539,14634,444,0.0625792811839323
20653,06457,48,45-49,F,7064,7570,14634,506,0.0716308040770102
17239,30316,31,Under 35,F,6892,7742,14634,850,0.1233313987231572
29810,02467,31,Under 35,M,7181,7453,14634,272,0.0378777329062804
5782,92130,44,40-44,M,6475,8160,14635,1685,0.2602316602316602
10676,02144,45,45-49,M,6723,7912,14635,1189,0.1768555704298676
21381,23226,48,45-49,F,6759,7877,14636,1118,0.1654090841840509
17544,61114,55,55-59,M,6941,7696,14637,755,0.1087739518801325
3100,02832,25,Under 35,M,5780,8857,14637,3077,0.5323529411764706
14691,80127,46,45-49,F,6976,7662,14638,686,0.0983371559633027
25328,94546,31,Under 35,F,7177,7461,14638,284,0.0395708513306395
6842,95628,43,40-44,M,6978,7661,14639,683,0.0978790484379478
9906,42001,48,45-49,M,6012,8628,14640,2616,0.4351297405189621
14358,95630,36,35-39,F,6996,7646,14642,650,0.0929102344196683
24812,01890,18,Under 35,F,7074,7568,14642,494,0.0698331919705965
7706,95630,56,55-59,M,7042,7601,14643,559,0.0793808577108775
21722,80305,56,55-59,F,6826,7817,14643,991,0.1451801933782596
27639,02128,23,Under 35,F,6498,8147,14645,1649,0.2537703908895045
24639,02125,24,Under 35,F,7025,7620,14645,595,0.0846975088967971
20913,94062,57,55-59,F,6886,7759,14645,873,0.1267789718268951
24448,02125,20,Under 35,M,6887,7760,14647,873,0.1267605633802817
13396,01930,33,Under 35,F,6169,8478,14647,2309,0.3742908088831253
26456,96825,24,Under 35,F,7115,7532,14647,417,0.0586085734364019
7866,52246,45,45-49,F,6815,7832,14647,1017,0.1492296404988994
21029,13088,47,45-49,F,6967,7682,14649,715,0.1026266685804506
14488,60134,42,40-44,F,6671,7978,14649,1307,0.1959226502773197
17872,49201,55,55-59,M,6563,8086,14649,1523,0.2320585098278226
22115,06443,59,55-59,F,6816,7833,14649,1017,0.1492077464788732
15052,95682,56,55-59,M,6978,7671,14649,693,0.0993121238177128
22088,61864,54,50-54,F,7086,7564,14650,478,0.0674569573807507
20297,20147,48,45-49,F,7008,7642,14650,634,0.0904680365296803
24591,33418,32,Under 35,F,7077,7573,14650,496,0.0700861947152748
23126,90049,67,65-69,M,6919,7732,14651,813,0.1175025292672351
13899,84010,59,55-59,M,6127,8524,14651,2397,0.3912191937326587
25987,02129,40,40-44,F,7101,7551,14652,450,0.0633713561470215
20905,75401,47,45-49,F,7144,7508,14652,364,0.0509518477043673
21032,95129,62,60-64,M,6710,7943,14653,1233,0.1837555886736214
19814,54701,60,60-64,M,6921,7733,14654,812,0.1173240861147233
23017,03905,70,70-74,M,6869,7785,14654,916,0.1333527442131314
24595,07940,22,Under 35,M,6533,8122,14655,1589,0.243226695239553
22499,99801,67,65-69,M,7036,7619,14655,583,0.0828595793064241
15911,97408,61,60-64,F,7224,7432,14656,208,0.0287929125138427
22608,98115,71,70-74,M,7108,7550,14658,442,0.0621834552616769
21291,78613,48,45-49,F,6719,7940,14659,1221,0.1817234707545765
25245,85308,39,35-39,M,6904,7755,14659,851,0.1232618771726535
27063,07701,36,35-39,F,6577,8083,14660,1506,0.2289797780142922
19692,01742,65,65-69,M,6474,8186,14660,1712,0.2644423849243126
19188,84660,48,45-49,F,6979,7681,14660,702,0.1005874767158618
13752,84660,50,50-54,M,6979,7681,14660,702,0.1005874767158618
7974,03057,52,50-54,F,6547,8115,14662,1568,0.2394990071788605
20387,55902,49,45-49,F,6577,8085,14662,1508,0.2292838680249354
24364,48236,23,Under 35,M,6891,7772,14663,881,0.1278479175736467
20516,01923,48,45-49,F,6532,8131,14663,1599,0.2447948560930802
22480,11768,56,55-59,F,7205,7458,14663,253,0.0351145038167938
15106,02632,56,55-59,M,6551,8113,14664,1562,0.2384368798656693
21805,98021,50,50-54,F,6886,7778,14664,892,0.129538193435957
22498,02090,56,55-59,F,6885,7780,14665,895,0.1299927378358751
22749,33629,57,55-59,F,7169,7497,14666,328,0.0457525456828009
13771,27510,23,Under 35,F,6465,8201,14666,1736,0.268522815158546
24757,02128,31,Under 35,M,6163,8503,14666,2340,0.3796852182378711
17122,98042,41,40-44,F,6781,7888,14669,1107,0.1632502580740303
19779,06241,60,60-64,M,6659,8010,14669,1351,0.2028833158131851
18595,32806,43,40-44,F,6363,8307,14670,1944,0.3055162659123055
15869,30030,53,50-54,F,6858,7812,14670,954,0.1391076115485564
23077,41076,65,65-69,M,7034,7637,14671,603,0.0857264714245095
26572,07945,63,60-64,M,6531,8140,14671,1609,0.2463634971673557
21570,98055,53,50-54,F,6820,7851,14671,1031,0.1511730205278592
22797,02061,56,55-59,F,7177,7496,14673,319,0.0444475407551901
18059,37043,58,55-59,M,7368,7306,14674,-62,-0.008414766558089
22144,74011,63,60-64,F,6871,7803,14674,932,0.1356425556687527
27050,11226,45,45-49,F,7108,7566,14674,458,0.0644344400675295
21270,68122,56,55-59,F,7018,7657,14675,639,0.0910515816471929
16636,20171,60,60-64,M,6342,8333,14675,1991,0.3139388205613371
20631,03909,57,55-59,F,6562,8113,14675,1551,0.2363608655897592
30120,10801,43,40-44,M,6907,7768,14675,861,0.1246561459389025
18322,63005,55,55-59,M,6456,8220,14676,1764,0.2732342007434944
10175,84062,48,45-49,M,6327,8350,14677,2023,0.3197407934250039
25918,02144,28,Under 35,F,6641,8037,14678,1396,0.2102093058274356
23053,28207,55,55-59,F,6976,7702,14678,726,0.1040711009174311
25945,02134,38,35-39,F,6885,7794,14679,909,0.1320261437908496
21234,94941,46,45-49,F,7019,7660,14679,641,0.0913235503632996
22360,02492,66,65-69,M,6910,7770,14680,860,0.1244573082489146
20397,48084,49,45-49,F,6753,7927,14680,1174,0.1738486598548793
14427,44221,57,55-59,M,6249,8432,14681,2183,0.3493358937429989
19952,08833,67,65-69,M,6632,8050,14682,1418,0.2138118214716526
25457,10001,29,Under 35,M,6570,8113,14683,1543,0.234855403348554
21352,98004,57,55-59,F,6552,8132,14684,1580,0.2411477411477411
26947,28210,33,Under 35,F,7020,7665,14685,645,0.0918803418803418
18639,80401,54,50-54,F,6586,8099,14685,1513,0.2297297297297297
20698,19962,60,60-64,M,6771,7915,14686,1144,0.1689558410869886
17351,98020,42,40-44,F,6629,8057,14686,1428,0.2154171066525871
22828,23322,57,55-59,F,6805,7882,14687,1077,0.1582659808963997
13432,92691,54,50-54,M,6975,7712,14687,737,0.1056630824372759
6488,37934,36,35-39,M,6541,8147,14688,1606,0.2455282066962238
19293,44136,49,45-49,F,6592,8096,14688,1504,0.2281553398058252
20895,19146,51,50-54,F,6857,7831,14688,974,0.1420446259297068
23136,01760,65,65-69,M,7017,7671,14688,654,0.0932022231722958
30359,11211,40,40-44,M,6994,7696,14690,702,0.1003717472118959
21575,95008,49,45-49,F,6445,8245,14690,1800,0.2792862684251357
19597,92129,64,60-64,M,6861,7831,14692,970,0.1413788077539717
6536,49315,37,35-39,M,5793,8900,14693,3107,0.5363369583980666
27796,85298,55,55-59,F,6987,7708,14695,721,0.1031916416201517
10860,48104,40,40-44,F,6310,8386,14696,2076,0.3290015847860539
19281,22031,44,40-44,F,6989,7707,14696,718,0.1027328659321791
28371,11968,37,35-39,M,7324,7373,14697,49,0.0066903331512834
20374,01060,52,50-54,F,6957,7742,14699,785,0.1128359925255138
20452,10021,45,45-49,F,7208,7492,14700,284,0.039400665926748
19939,01810,54,50-54,F,7113,7587,14700,474,0.0666385491353859
4271,44709,38,35-39,M,5696,9005,14701,3309,0.5809339887640449
19436,48306,44,40-44,F,6840,7861,14701,1021,0.1492690058479532
22461,95070,60,60-64,F,6961,7742,14703,781,0.1121965234880046
22592,01073,69,65-69,M,7023,7680,14703,657,0.0935497650576676
21236,07081,58,55-59,F,7058,7646,14704,588,0.0833097194672711
22919,30132,72,70-74,M,6903,7801,14704,898,0.1300883673765029
22041,01915,53,50-54,F,6846,7858,14704,1012,0.1478235465965527
20875,50472,47,45-49,F,6861,7843,14704,982,0.1431278239323713
8288,44691,45,45-49,F,6668,8037,14705,1369,0.2053089382123575
17178,03842,61,60-64,F,6833,7872,14705,1039,0.1520561978633104
19784,44691,52,50-54,F,6667,8038,14705,1371,0.2056397180140993
22784,37215,57,55-59,F,7023,7683,14706,660,0.0939769329346433
10419,44675,60,60-64,M,5511,9195,14706,3684,0.668481219379423
26730,02116,28,Under 35,F,6917,7789,14706,872,0.1260662136764493
11765,04102,48,45-49,M,6619,8088,14707,1469,0.2219368484665357
17423,55902,35,35-39,F,7093,7615,14708,522,0.0735936839137177
1656,55904,29,Under 35,M,4890,9818,14708,4928,1.0077709611451944
22607,54913,68,65-69,M,6964,7745,14709,781,0.1121481906950028
22468,02144,60,60-64,F,6734,7976,14710,1242,0.1844371844371844
15612,07924,62,60-64,F,6707,8004,14711,1297,0.1933800506933055
22697,01824,56,55-59,F,6826,7885,14711,1059,0.1551421037210665
24693,85142,46,45-49,M,6776,7939,14715,1163,0.1716351829988193
22841,77339,66,65-69,M,7111,7605,14716,494,0.0694698354661791
22905,53705,58,55-59,F,7057,7659,14716,602,0.0853053705540598
22643,98118,55,55-59,F,6892,7825,14717,933,0.1353743470690656
18777,33446,47,45-49,F,6919,7798,14717,879,0.1270414799826564
19664,60169,60,60-64,F,7166,7551,14717,385,0.0537259279933017
28506,02127,28,Under 35,M,6892,7828,14720,936,0.1358096343586767
24465,02466,30,Under 35,F,6957,7763,14720,806,0.1158545350007187
20100,07836,49,45-49,F,6787,7934,14721,1147,0.1689995579784882
21978,98103,47,45-49,F,6913,7809,14722,896,0.1296108780558368
28480,02135,18,Under 35,M,6591,8131,14722,1540,0.2336519496282809
22290,63141,62,60-64,F,6793,7929,14722,1136,0.1672309730605034
3379,78201,40,40-44,M,5855,8867,14722,3012,0.5144321093082835
18085,55416,39,35-39,F,6831,7892,14723,1061,0.1553213292343727
16381,60008,25,Under 35,F,6746,7977,14723,1231,0.1824785057812036
19716,97140,53,50-54,F,6579,8146,14725,1567,0.2381820945432436
21786,60463,65,65-69,M,6717,8008,14725,1291,0.1921988983177013
12693,84059,35,35-39,F,6957,7768,14725,811,0.1165732355900531
17594,91784,56,55-59,M,5991,8735,14726,2744,0.458020363879152
20095,10022,52,50-54,F,6759,7967,14726,1208,0.1787246634117473
22256,20147,64,60-64,F,7012,7714,14726,702,0.1001140901312036
17593,91784,57,55-59,M,6534,8192,14726,1658,0.253749617385981
21082,94024,52,50-54,F,7020,7706,14726,686,0.0977207977207977
25015,02171,27,Under 35,F,7277,7450,14727,173,0.0237735330493335
18374,60618,41,40-44,F,6667,8060,14727,1393,0.2089395530223488
25660,03842,30,Under 35,M,7123,7605,14728,482,0.0676681173662782
14983,60525,60,60-64,M,6170,8559,14729,2389,0.3871961102106969
20689,92109,47,45-49,F,6920,7809,14729,889,0.1284682080924855
24557,94117,32,Under 35,F,7373,7356,14729,-17,-0.0023057100230571
21671,78657,57,55-59,F,6767,7963,14730,1196,0.1767400620659081
22431,98023,65,65-69,M,7221,7510,14731,289,0.0400221575959008
17419,60803,61,60-64,M,6397,8335,14732,1938,0.302954509926528
17528,18960,57,55-59,M,6522,8212,14734,1690,0.2591229684145967
18426,55410,42,40-44,F,6501,8235,14736,1734,0.2667281956622058
1955,75165,30,Under 35,M,4806,9930,14736,5124,1.066167290886392
18700,06903,57,55-59,F,6484,8252,14736,1768,0.2726711906230721
20457,11215,47,45-49,F,6879,7857,14736,978,0.1421718273004797
20445,70809,63,60-64,M,6808,7929,14737,1121,0.1646592244418331
30447,02186,48,45-49,F,7182,7555,14737,373,0.0519353940406571
14367,52722,57,55-59,M,7102,7635,14737,533,0.0750492818924246
27533,01721,43,40-44,M,7035,7703,14738,668,0.0949538024164889
18755,29708,47,45-49,F,6517,8221,14738,1704,0.2614700015344484
23134,98011,62,60-64,F,7240,7498,14738,258,0.0356353591160221
20482,48152,46,45-49,F,6940,7799,14739,859,0.1237752161383285
25607,02140,40,40-44,F,7004,7736,14740,732,0.1045117075956596
14184,28312,38,35-39,F,6406,8334,14740,1928,0.3009678426475179
22382,02906,59,55-59,F,7288,7452,14740,164,0.022502744237102
15245,98226,33,Under 35,F,6819,7922,14741,1103,0.1617539228625898
24177,60045,24,Under 35,F,6887,7854,14741,967,0.14040946711195
21561,60657,60,60-64,M,6692,8050,14742,1358,0.202928870292887
17347,64081,51,50-54,F,6665,8077,14742,1412,0.2118529632408102
19098,01545,35,35-39,F,6599,8147,14746,1548,0.2345809971207758
15000,90814,60,60-64,M,7184,7562,14746,378,0.0526169265033407
19481,83709,49,45-49,F,6966,7781,14747,815,0.1169968418030433
18461,92648,55,55-59,F,6831,7916,14747,1085,0.1588347240521153
15832,77381,51,50-54,F,7119,7629,14748,510,0.0716392751790981
21801,90623,58,55-59,F,7084,7665,14749,581,0.0820158102766798
19674,04105,60,60-64,M,6700,8050,14750,1350,0.2014925373134328
14363,53073,36,35-39,F,6306,8444,14750,2138,0.3390421820488424
12448,27517,50,50-54,M,6049,8701,14750,2652,0.4384195734832203
14651,80211,26,Under 35,F,6385,8366,14751,1981,0.3102584181675802
28670,10312,39,35-39,M,6631,8120,14751,1489,0.2245513497210073
21755,02760,49,45-49,F,6878,7873,14751,995,0.1446641465542308
4786,10040,42,40-44,M,5355,9397,14752,4042,0.7548085901027077
20539,27549,49,45-49,F,6685,8067,14752,1382,0.206731488406881
25430,02043,36,35-39,M,6722,8030,14752,1308,0.194584944956858
20310,85295,54,50-54,F,7000,7752,14752,752,0.1074285714285714
22589,90605,59,55-59,F,6834,7919,14753,1085,0.1587649985367281
20936,77079,46,45-49,F,6699,8054,14753,1355,0.2022689953724436
26858,02113,29,Under 35,M,6968,7786,14754,818,0.1173938002296211
21431,20191,61,60-64,M,6733,8022,14755,1289,0.1914451210455963
18668,37922,48,45-49,F,6678,8078,14756,1400,0.2096436058700209
23338,75070,62,60-64,F,7249,7508,14757,259,0.0357290660780797
27582,18069,44,40-44,F,6839,7918,14757,1079,0.1577716040356777
22624,77494,55,55-59,F,7023,7734,14757,711,0.1012387868432293
19612,21214,61,60-64,M,6527,8231,14758,1704,0.2610694040140953
17463,02144,62,60-64,M,6648,8111,14759,1463,0.2200661853188929
20093,02140,46,45-49,F,7366,7393,14759,27,0.0036654900896008
10043,95120,50,50-54,M,7384,7375,14759,-9,-0.0012188515709642
22646,78028,56,55-59,F,7230,7529,14759,299,0.0413554633471645
25496,01501,31,Under 35,F,7010,7751,14761,741,0.1057061340941512
22455,98012,60,60-64,F,6993,7768,14761,775,0.1108251108251108
20231,99639,62,60-64,M,7153,7608,14761,455,0.0636096742625471
26380,03820,27,Under 35,F,7169,7593,14762,424,0.0591435346631329
21573,75231,46,45-49,F,7047,7715,14762,668,0.0947921101177806
19958,27616,51,50-54,F,6725,8038,14763,1313,0.1952416356877323
22834,49506,62,60-64,F,7401,7362,14763,-39,-0.0052695581678151
19576,29036,45,45-49,F,6604,8160,14764,1556,0.2356147789218655
5053,72116,47,45-49,M,6631,8133,14764,1502,0.2265118383350927
20022,90732,62,60-64,M,6778,7987,14765,1209,0.1783712009442313
15390,92373,37,35-39,F,7081,7684,14765,603,0.0851574636350798
9947,94065,53,50-54,M,6338,8427,14765,2089,0.3295992426633007
26887,29407,41,40-44,F,7466,7299,14765,-167,-0.0223680685775515
11816,33860,57,55-59,M,5931,8837,14768,2906,0.4899679649300286
25602,04038,27,Under 35,F,7057,7711,14768,654,0.0926739407680317
20218,48103,49,45-49,F,6811,7957,14768,1146,0.1682572309499339
20337,04011,62,60-64,M,6942,7827,14769,885,0.1274848746758859
15281,84660,23,Under 35,F,6501,8268,14769,1767,0.2718043377941855
22503,35242,56,55-59,F,7066,7704,14770,638,0.0902915369374469
22246,48381,55,55-59,F,7086,7684,14770,598,0.0843917583968388
20028,77479,48,45-49,F,6901,7870,14771,969,0.1404144326909143
19652,54701,47,45-49,F,7054,7717,14771,663,0.0939892259710802
21485,47906,65,65-69,M,7069,7703,14772,634,0.0896873673786957
28074,80525,40,40-44,F,7639,7134,14773,-505,-0.0661081293363005
26619,02155,28,Under 35,M,6464,8310,14774,1846,0.2855816831683168
20214,78124,60,60-64,M,6647,8129,14776,1482,0.2229577252896043
20956,08033,57,55-59,F,6708,8068,14776,1360,0.2027429934406678
17182,77905,58,55-59,M,6269,8507,14776,2238,0.3569947360025522
23099,20721,69,65-69,M,6984,7793,14777,809,0.115836197021764
22174,44256,52,50-54,F,7202,7575,14777,373,0.0517911691196889
20686,23188,59,55-59,F,6559,8218,14777,1659,0.2529348986125934
22117,01863,55,55-59,F,6819,7958,14777,1139,0.1670332893386127
19208,92691,55,55-59,F,6900,7878,14778,978,0.1417391304347826
27552,02113,25,Under 35,F,6861,7917,14778,1056,0.1539134236991692
13888,48302,51,50-54,M,6782,7997,14779,1215,0.1791506930109112
19967,06333,65,65-69,M,6920,7859,14779,939,0.1356936416184971
15338,38017,61,60-64,M,6370,8411,14781,2041,0.3204081632653061
20349,94519,47,45-49,F,6495,8287,14782,1792,0.2759045419553502
15851,87402,51,50-54,F,6733,8049,14782,1316,0.195455220555473
24997,33410,47,45-49,M,6278,8505,14783,2227,0.3547308059891685
22408,60093,67,65-69,M,6863,7920,14783,1057,0.1540142794696197
22755,02132,55,55-59,F,7043,7740,14783,697,0.0989635098679539
22014,90077,58,55-59,F,6972,7812,14784,840,0.1204819277108433
14991,02121,48,45-49,M,6566,8219,14785,1653,0.2517514468473957
13688,92869,27,Under 35,F,6462,8323,14785,1861,0.2879913339523367
30046,10011,48,45-49,M,7138,7648,14786,510,0.0714485850378257
16263,03104,36,35-39,F,6103,8683,14786,2580,0.4227429133213173
6362,02130,40,40-44,M,5702,9085,14787,3383,0.5933005962820063
19427,40245,60,60-64,M,6996,7791,14787,795,0.1136363636363636
22595,30519,65,65-69,M,6923,7865,14788,942,0.136068178535317
20378,98272,56,55-59,F,6421,8367,14788,1946,0.3030680579349011
19428,46074,41,40-44,F,6825,7963,14788,1138,0.1667399267399267
24055,02116,24,Under 35,F,7041,7747,14788,706,0.1002698480329498
24370,28203,24,Under 35,F,7272,7516,14788,244,0.0335533553355335
19602,04002,48,45-49,F,6576,8212,14788,1636,0.2487834549878345
26852,02144,35,35-39,F,7125,7665,14790,540,0.0757894736842105
20256,17013,65,65-69,M,6777,8013,14790,1236,0.182381584772023
15173,77354,52,50-54,M,6673,8117,14790,1444,0.2163944252959688
21781,19464,52,50-54,F,6987,7804,14791,817,0.1169314441104909
16613,75243,62,60-64,M,6449,8344,14793,1895,0.2938440068227632
20410,78704,66,65-69,M,7090,7704,14794,614,0.0866008462623413
18756,02210,60,60-64,M,6666,8128,14794,1462,0.2193219321932193
7996,33431,66,65-69,M,6956,7839,14795,883,0.1269407705577918
20404,96069,63,60-64,M,6391,8404,14795,2013,0.3149741824440619
20754,77007,47,45-49,F,6885,7912,14797,1027,0.1491648511256354
26404,02116,37,35-39,F,7247,7551,14798,304,0.0419483924382503
14354,92845,56,55-59,M,6779,8020,14799,1241,0.1830653488715149
14305,02476,59,55-59,M,6255,8544,14799,2289,0.365947242206235
18477,98077,66,65-69,F,7263,7536,14799,273,0.0375877736472532
22140,20872,67,65-69,F,7120,7680,14800,560,0.0786516853932584
16262,53548,55,55-59,M,6283,8517,14800,2234,0.3555626293172051
17610,95658,61,60-64,M,6434,8366,14800,1932,0.3002797637550513
24080,02468,48,45-49,F,6713,8089,14802,1376,0.2049754208252644
12032,82520,57,55-59,M,6459,8345,14804,1886,0.2919956649636167
7738,11209,33,Under 35,M,7034,7770,14804,736,0.104634631788456
21507,14612,70,70-74,F,7005,7799,14804,794,0.1133476088508208
22322,20152,56,55-59,F,6875,7930,14805,1055,0.1534545454545454
25166,02118,40,40-44,M,6890,7915,14805,1025,0.148766328011611
29025,02186,42,40-44,M,6939,7866,14805,927,0.1335927367055771
24731,02129,34,Under 35,F,6893,7914,14807,1021,0.1481212824604671
22586,61073,66,65-69,M,6646,8162,14808,1516,0.2281071321095395
17581,03079,39,35-39,F,6536,8272,14808,1736,0.2656058751529987
17959,45215,68,65-69,M,6588,8221,14809,1633,0.2478749241044323
22010,60015,53,50-54,F,7244,7567,14811,323,0.0445886250690226
21500,88012,52,50-54,F,7086,7727,14813,641,0.0904600620942703
21395,37934,46,45-49,F,6808,8005,14813,1197,0.1758225616921269
13276,97408,30,Under 35,F,6122,8691,14813,2569,0.4196341065011434
16179,80540,30,Under 35,F,6908,7906,14814,998,0.1444701795020266
18441,80121,42,40-44,F,6645,8169,14814,1524,0.2293453724604966
19170,06447,40,40-44,F,6796,8018,14814,1222,0.1798116539140671
22806,95135,65,65-69,M,7123,7692,14815,569,0.0798820721606064
16574,84097,35,35-39,F,6936,7879,14815,943,0.135957324106113
25371,80204,30,Under 35,F,7192,7624,14816,432,0.0600667408231368
28606,02128,36,35-39,M,6678,8139,14817,1461,0.2187780772686433
28525,02026,24,Under 35,F,6842,7976,14818,1134,0.1657410114001754
27354,27517,45,45-49,M,6662,8156,14818,1494,0.2242569798859201
17924,92011,55,55-59,M,6197,8622,14819,2425,0.3913183798612232
18644,37135,43,40-44,F,6894,7925,14819,1031,0.1495503336234406
28967,01569,34,Under 35,M,6826,7995,14821,1169,0.1712569586873718
20950,07463,49,45-49,F,7021,7800,14821,779,0.1109528557185586
27368,01913,39,35-39,F,7241,7580,14821,339,0.0468167380196105
25678,02113,27,Under 35,M,7175,7648,14823,473,0.0659233449477351
19174,17837,61,60-64,M,7216,7608,14824,392,0.0543237250554323
24776,01835,58,55-59,M,6450,8376,14826,1926,0.2986046511627907
18579,20009,40,40-44,F,7081,7745,14826,664,0.0937720660923598
29544,06277,29,Under 35,F,7140,7686,14826,546,0.0764705882352941
15729,02482,56,55-59,M,6797,8030,14827,1233,0.1814035603942916
22885,77024,65,65-69,M,7139,7688,14827,549,0.0769015268244852
15882,04605,66,65-69,M,7027,7800,14827,773,0.1100042692471894
25527,02035,52,50-54,M,7099,7730,14829,631,0.0888857585575433
25010,10003,28,Under 35,M,7102,7727,14829,625,0.0880033793297662
23515,60601,61,60-64,F,7404,7425,14829,21,0.002836304700162
22719,47401,62,60-64,F,7034,7797,14831,763,0.1084731305089565
11081,92127,48,45-49,M,6144,8687,14831,2543,0.4138997395833333
20614,06340,63,60-64,M,6632,8199,14831,1567,0.2362786489746682
24925,02459,37,35-39,M,6267,8565,14832,2298,0.3666826232647199
20593,34952,45,45-49,F,7188,7645,14833,457,0.0635781858653311
24549,29585,56,55-59,M,6858,7975,14833,1117,0.1628754738990959
12810,20191,28,Under 35,F,6200,8634,14834,2434,0.3925806451612903
8709,92651,51,50-54,M,6919,7915,14834,996,0.1439514380690851
21440,18914,54,50-54,F,6758,8076,14834,1318,0.1950281148268718
18134,55926,49,45-49,F,6902,7932,14834,1030,0.1492321066357577
17215,02176,58,55-59,M,6291,8543,14834,2252,0.3579717056111905
25109,02114,34,Under 35,M,6892,7943,14835,1051,0.1524956471271039
14253,54143,35,35-39,F,6699,8137,14836,1438,0.2146589043140767
11206,01749,50,50-54,M,6677,8160,14837,1483,0.222105736109031
28038,02115,25,Under 35,M,6265,8572,14837,2307,0.3682362330407023
16269,47250,40,40-44,F,6607,8231,14838,1624,0.2457999091872256
16474,75442,39,35-39,F,6511,8328,14839,1817,0.2790661956688681
19349,36830,44,40-44,F,6816,8024,14840,1208,0.1772300469483568
27869,02138,21,Under 35,M,6651,8189,14840,1538,0.2312434220417982
23241,98607,61,60-64,F,7246,7594,14840,348,0.0480264973778636
22850,33175,69,65-69,M,7065,7775,14840,710,0.1004953998584571
29724,02127,26,Under 35,M,7127,7714,14841,587,0.0823628455170478
29723,02127,26,Under 35,F,7126,7715,14841,589,0.0826550659556553
26621,02038,37,35-39,F,7343,7498,14841,155,0.0211085387443824
29602,23435,23,Under 35,M,6690,8151,14841,1461,0.2183856502242152
21635,94018,56,55-59,F,6733,8110,14843,1377,0.204515075003713
19794,12401,49,45-49,F,6828,8015,14843,1187,0.1738429994141769
15071,81623,37,35-39,F,6827,8017,14844,1190,0.1743078951223085
21085,43920,46,45-49,F,7041,7806,14847,765,0.1086493395824456
13805,92602,50,50-54,M,6233,8614,14847,2381,0.3819990373816782
16796,11731,52,50-54,F,6985,7863,14848,878,0.1256979241231209
22681,80210,69,65-69,M,7136,7712,14848,576,0.0807174887892376
25752,10502,44,40-44,M,6781,8067,14848,1286,0.1896475446099395
15905,02645,55,55-59,F,6942,7906,14848,964,0.1388648804379141
21416,77382,55,55-59,F,6807,8042,14849,1235,0.1814308799764948
18090,84106,46,45-49,F,7053,7796,14849,743,0.1053452431589394
20624,84020,47,45-49,F,6862,7988,14850,1126,0.164092101428155
20138,02116,47,45-49,F,6971,7879,14850,908,0.1302539090517859
21605,75091,50,50-54,F,7282,7569,14851,287,0.0394122493820379
25740,06489,20,Under 35,F,7278,7574,14852,296,0.0406705138774388
27807,14609,42,40-44,M,7111,7741,14852,630,0.0885951342989734
1795,30680,30,Under 35,M,5904,8949,14853,3045,0.5157520325203252
18177,96326,35,35-39,F,6887,7966,14853,1079,0.1566719907071293
18305,55082,59,55-59,M,6558,8296,14854,1738,0.2650198231168039
21715,80231,57,55-59,F,7037,7817,14854,780,0.1108426886457297
21986,08520,53,50-54,F,6829,8025,14854,1196,0.1751354517498901
20916,46375,45,45-49,F,6875,7980,14855,1105,0.1607272727272727
22104,94303,50,50-54,F,6980,7875,14855,895,0.1282234957020057
6003,93003,42,40-44,M,6321,8535,14856,2214,0.3502610346464167
21289,77316,49,45-49,F,6984,7874,14858,890,0.1274341351660939
21238,94558,47,45-49,F,6799,8059,14858,1260,0.185321370789822
17300,20121,55,55-59,M,6993,7866,14859,873,0.1248391248391248
22836,60614,70,70-74,M,7015,7844,14859,829,0.118175338560228
16860,24202,57,55-59,M,6436,8423,14859,1987,0.3087321317588564
2066,06511,39,35-39,M,5413,9447,14860,4034,0.7452429336781822
17062,03833,43,40-44,F,6348,8512,14860,2164,0.3408947700063012
20155,06712,63,60-64,M,7106,7755,14861,649,0.0913312693498452
26865,02118,41,40-44,F,7041,7820,14861,779,0.1106376935094446
18910,02760,47,45-49,F,6841,8021,14862,1180,0.1724894021341909
19819,27712,46,45-49,F,6778,8085,14863,1307,0.1928297432871053
21803,94582,46,45-49,F,6869,7994,14863,1125,0.1637792982966953
27857,02467,36,35-39,F,7038,7825,14863,787,0.111821540210287
25700,10013,33,Under 35,M,7371,7493,14864,122,0.0165513498846832
25646,02116,33,Under 35,M,7208,7656,14864,448,0.0621531631520532
19646,29464,46,45-49,F,7156,7708,14864,552,0.0771380659586361
22990,60613,67,65-69,M,6864,8002,14866,1138,0.1657925407925408
27341,91206,38,35-39,M,6791,8076,14867,1285,0.1892210278309527
25794,19035,27,Under 35,F,7145,7722,14867,577,0.0807557732680196
23324,12531,62,60-64,F,6894,7974,14868,1080,0.1566579634464752
21620,07980,54,50-54,F,6715,8156,14871,1441,0.2145941921072226
24818,02180,37,35-39,M,6142,8729,14871,2587,0.4211983067404754
18110,75074,58,55-59,M,7097,7774,14871,677,0.0953924193321121
17090,53716,61,60-64,M,7081,7791,14872,710,0.1002683236830956
19210,64057,54,50-54,F,6692,8180,14872,1488,0.2223550508069336
15311,94025,25,Under 35,F,6868,8005,14873,1137,0.1655503785672684
29801,02110,28,Under 35,M,6774,8099,14873,1325,0.1956008266902864
11784,11235,52,50-54,M,5967,8906,14873,2939,0.4925423160717278
20746,43209,48,45-49,F,6848,8026,14874,1178,0.1720210280373831
21058,04350,48,45-49,F,6970,7905,14875,935,0.1341463414634146
22789,49508,68,65-69,M,6980,7895,14875,915,0.1310888252148997
29160,02339,35,35-39,M,6842,8033,14875,1191,0.1740719087985969
22348,07648,55,55-59,F,7133,7742,14875,609,0.085377821393523
11939,78254,35,35-39,F,6695,8181,14876,1486,0.2219566840926064
2305,97217,33,Under 35,M,5026,9850,14876,4824,0.9598089932351772
7896,67357,52,50-54,M,6832,8044,14876,1212,0.1774004683840749
23202,95603,60,60-64,F,6988,7888,14876,900,0.1287922152261019
18726,02719,49,45-49,F,6391,8486,14877,2095,0.3278047253950868
29616,02109,37,35-39,M,7225,7652,14877,427,0.0591003460207612
10825,01746,47,45-49,M,6648,8230,14878,1582,0.2379663056558363
30550,59714,34,Under 35,M,6140,8738,14878,2598,0.4231270358306189
19328,06515,41,40-44,F,6593,8285,14878,1692,0.256635825875929
27850,02779,35,35-39,F,6879,8000,14879,1121,0.1629597325192615
21220,92692,46,45-49,F,6970,7910,14880,940,0.1348637015781922
21273,60044,54,50-54,F,7033,7849,14882,816,0.1160244561353618
24780,02081,40,40-44,F,6990,7893,14883,903,0.1291845493562231
21884,21229,51,50-54,F,6893,7990,14883,1097,0.1591469606847526
20495,45140,41,40-44,F,7122,7762,14884,640,0.089862398202752
28783,02138,21,Under 35,F,7604,7280,14884,-324,-0.0426091530773277
21532,67654,51,50-54,F,6805,8079,14884,1274,0.1872152828802351
22855,33813,55,55-59,F,7358,7527,14885,169,0.0229681978798586
24803,01867,31,Under 35,M,6638,8247,14885,1609,0.2423922868333835
28352,01748,37,35-39,F,7259,7626,14885,367,0.0505579280892685
25110,02186,43,40-44,F,6794,8093,14887,1299,0.1911981159846923
18350,99352,64,60-64,M,6444,8443,14887,1999,0.3102110490378647
15730,02840,60,60-64,M,7169,7719,14888,550,0.0767192076998186
25959,02111,30,Under 35,M,6880,8008,14888,1128,0.163953488372093
14550,49306,36,35-39,F,6887,8003,14890,1116,0.1620444315376797
22236,63105,53,50-54,F,7033,7857,14890,824,0.1171619508033556
6950,84780,41,40-44,M,6122,8769,14891,2647,0.432375040836328
19229,27713,50,50-54,F,6656,8235,14891,1579,0.2372295673076923
19903,10705,52,50-54,F,6405,8486,14891,2081,0.3249024199843872
19579,47630,54,50-54,F,6936,7956,14892,1020,0.1470588235294117
22685,90404,59,55-59,F,7080,7812,14892,732,0.1033898305084745
21486,30307,52,50-54,F,6535,8358,14893,1823,0.2789594491201224
11860,28562,48,45-49,M,6670,8223,14893,1553,0.2328335832083958
22183,10506,70,70-74,M,6835,8059,14894,1224,0.1790782735918068
18743,28273,49,45-49,F,6393,8501,14894,2108,0.3297356483653996
13800,83660,50,50-54,M,6460,8435,14895,1975,0.3057275541795665
23228,92127,70,70-74,M,7087,7808,14895,721,0.1017355721744038
21930,10128,51,50-54,F,7104,7793,14897,689,0.0969876126126126
12726,43081,54,50-54,F,6701,8197,14898,1496,0.2232502611550514
18776,48168,49,45-49,F,6575,8324,14899,1749,0.2660076045627376
21861,22003,60,60-64,F,6683,8218,14901,1535,0.2296872661978153
20315,80228,49,45-49,F,7177,7724,14901,547,0.0762156890065487
23152,27587,71,70-74,M,7248,7653,14901,405,0.0558774834437086
30517,02332,19,Under 35,M,6344,8559,14903,2215,0.3491488020176544
19560,03034,50,50-54,F,6441,8463,14904,2022,0.3139264089427107
21837,07450,51,50-54,F,6854,8050,14904,1196,0.174496644295302
22618,80535,56,55-59,F,7164,7741,14905,577,0.0805415968732551
29817,94109,30,Under 35,F,7182,7723,14905,541,0.0753272069061542
17733,02114,58,55-59,M,6814,8092,14906,1278,0.1875550337540358
16886,96816,45,45-49,F,6399,8507,14906,2108,0.3294264728863885
22602,38852,60,60-64,F,7076,7830,14906,754,0.1065573770491803
19033,27514,61,60-64,M,7488,7420,14908,-68,-0.0090811965811965
22518,44236,56,55-59,F,6777,8131,14908,1354,0.1997934189169249
25002,03032,44,40-44,M,6946,7964,14910,1018,0.1465591707457529
21335,02492,62,60-64,M,6361,8549,14910,2188,0.3439710737305455
29495,94539,42,40-44,M,6836,8074,14910,1238,0.1811000585137507
6947,10309,40,40-44,M,6709,8202,14911,1493,0.222536890743777
25631,02116,30,Under 35,F,6878,8034,14912,1156,0.168072113986624
20377,02364,71,70-74,M,7039,7873,14912,834,0.1184827390254297
23065,07024,58,55-59,F,7193,7720,14913,527,0.0732656749617683
14667,31404,31,Under 35,F,6893,8020,14913,1127,0.1634992020890758
24540,02481,24,Under 35,F,6957,7956,14913,999,0.1435963777490297
29965,02128,35,35-39,M,6803,8111,14914,1308,0.1922681170072027
27917,02050,26,Under 35,M,7199,7716,14915,517,0.0718155299347131
15822,11791,66,65-69,F,7075,7841,14916,766,0.1082685512367491
11983,95678,50,50-54,M,6710,8206,14916,1496,0.2229508196721311
25289,02120,21,Under 35,F,6749,8169,14918,1420,0.2104015409690324
21361,95120,52,50-54,F,6902,8016,14918,1114,0.1614024920312952
21734,02769,72,70-74,M,7162,7756,14918,594,0.0829377268919296
26524,80209,42,40-44,M,6887,8031,14918,1144,0.1661100624364745
18358,84043,49,45-49,F,6937,7981,14918,1044,0.1504973331411273
20246,80123,49,45-49,F,6860,8059,14919,1199,0.1747813411078717
27430,01860,30,Under 35,M,7067,7852,14919,785,0.111079666053488
11566,44224,46,45-49,M,6644,8276,14920,1632,0.2456351595424443
16562,78746,55,55-59,M,6376,8545,14921,2169,0.3401819322459222
18327,85255,40,40-44,F,6690,8233,14923,1543,0.230642750373692
22439,80403,66,65-69,M,6840,8085,14925,1245,0.1820175438596491
20209,95138,62,60-64,M,6666,8260,14926,1594,0.2391239123912391
20486,03071,48,45-49,F,6980,7946,14926,966,0.1383954154727793
26594,03038,28,Under 35,M,6728,8199,14927,1471,0.2186385255648038
30649,02144,32,Under 35,M,6657,8270,14927,1613,0.2423013369385609
15716,44709,51,50-54,M,6740,8187,14927,1447,0.2146884272997032
15720,77346,57,55-59,F,6992,7935,14927,943,0.1348684210526315
21864,02081,66,65-69,M,6794,8134,14928,1340,0.1972328525169267
19425,07871,46,45-49,F,6804,8125,14929,1321,0.1941504997060552
27574,01748,48,45-49,F,6981,7948,14929,967,0.1385188368428591
15545,07856,64,60-64,M,6264,8665,14929,2401,0.3833014048531289
24300,02116,33,Under 35,F,7363,7567,14930,204,0.0277060980578568
14594,98908,47,45-49,F,6826,8105,14931,1279,0.1873718136536771
23502,02468,60,60-64,F,7027,7905,14932,878,0.1249466344101323
25129,84108,47,45-49,M,7066,7867,14933,801,0.1133597509198981
23393,02324,60,60-64,F,7107,7827,14934,720,0.1013085690164626
16756,40513,41,40-44,F,6331,8604,14935,2273,0.3590270099510346
20153,92806,62,60-64,M,7111,7824,14935,713,0.1002671916748699
9655,97078,49,45-49,M,6547,8388,14935,1841,0.2811974950358943
22948,44410,57,55-59,F,7272,7664,14936,392,0.0539053905390539
17856,43551,57,55-59,M,6384,8552,14936,2168,0.3395989974937343
15631,85259,54,50-54,M,7074,7865,14939,791,0.111817924795024
20616,60134,64,60-64,M,6532,8409,14941,1877,0.2873545621555419
15902,40503,72,70-74,M,7204,7739,14943,535,0.0742642976124375
25664,02116,28,Under 35,F,7071,7872,14943,801,0.113279592702588
19985,76210,49,45-49,F,7192,7751,14943,559,0.0777252502780867
28885,01915,34,Under 35,M,6464,8479,14943,2015,0.3117264851485148
13864,49464,52,50-54,M,6820,8123,14943,1303,0.1910557184750733
20542,28139,50,50-54,F,6824,8119,14943,1295,0.1897713950762016
19748,95125,66,65-69,M,7075,7868,14943,793,0.1120848056537102
29905,03110,23,Under 35,F,7366,7578,14944,212,0.0287808851479771
7709,43560,55,55-59,F,6884,8060,14944,1176,0.1708309122603137
19437,74953,40,40-44,F,6767,8177,14944,1410,0.2083641199940889
26016,02027,24,Under 35,F,7645,7300,14945,-345,-0.0451275343361674
28268,01915,20,Under 35,M,6357,8588,14945,2231,0.3509517067799276
23276,97703,61,60-64,F,7239,7706,14945,467,0.0645116728829948
19396,94024,66,65-69,M,6886,8059,14945,1173,0.1703456288120824
18926,20854,58,55-59,M,6948,7997,14945,1049,0.15097869890616
22735,33709,60,60-64,F,7175,7771,14946,596,0.0830662020905923
17512,97703,54,50-54,F,6306,8641,14947,2335,0.3702822708531557
10297,01602,28,Under 35,F,6355,8592,14947,2237,0.3520062942564909
21218,16365,47,45-49,F,7106,7842,14948,736,0.1035744441317196
19963,06776,60,60-64,M,6896,8052,14948,1156,0.1676334106728538
29205,05464,29,Under 35,M,7251,7697,14948,446,0.0615087574127706
20915,04210,49,45-49,F,6761,8187,14948,1426,0.2109155450377163
23097,30030,59,55-59,F,7195,7754,14949,559,0.0776928422515635
21076,21668,62,60-64,M,6660,8289,14949,1629,0.2445945945945946
22625,94303,55,55-59,F,7226,7723,14949,497,0.0687794076944367
25265,20009,27,Under 35,F,6974,7976,14950,1002,0.1436765127616862
25731,02339,23,Under 35,F,7127,7823,14950,696,0.0976567980917637
19723,98272,60,60-64,F,6716,8235,14951,1519,0.2261762954139368
22476,36109,55,55-59,F,6826,8125,14951,1299,0.1903017872839144
22984,48114,71,70-74,M,7293,7659,14952,366,0.0501851090086384
26834,31901,24,Under 35,M,7239,7713,14952,474,0.065478657273104
20215,78154,47,45-49,F,7106,7846,14952,740,0.104137348719392
22820,02630,64,60-64,F,7073,7879,14952,806,0.1139544747631839
26824,02364,24,Under 35,M,6157,8796,14953,2639,0.4286178333604027
21368,40206,48,45-49,F,7025,7929,14954,904,0.1286832740213523
21418,38139,47,45-49,F,7089,7865,14954,776,0.1094653688813655
21040,95993,50,50-54,F,6841,8114,14955,1273,0.1860839058617161
20417,60656,46,45-49,F,6913,8043,14956,1130,0.1634601475480978
24164,02048,22,Under 35,F,7212,7745,14957,533,0.0739046034387132
16971,93950,58,55-59,M,6669,8290,14959,1621,0.2430649272754536
26496,01701,47,45-49,M,6638,8321,14959,1683,0.2535402229587225
6861,60625,40,40-44,M,5556,9404,14960,3848,0.6925845932325414
7336,06422,44,40-44,M,6164,8797,14961,2633,0.4271576898118105
21614,76054,62,60-64,M,7155,7806,14961,651,0.0909853249475891
19822,74037,61,60-64,M,6874,8087,14961,1213,0.1764620308408495
20443,77008,48,45-49,F,6775,8187,14962,1412,0.2084132841328413
20399,57702,45,45-49,F,6980,7985,14965,1005,0.1439828080229226
16975,92103,57,55-59,M,6440,8525,14965,2085,0.3237577639751552
21161,98367,49,45-49,F,6895,8070,14965,1175,0.1704133430021754
21079,98028,48,45-49,F,6881,8084,14965,1203,0.1748292399360558
21488,77494,53,50-54,F,7411,7555,14966,144,0.0194305761705572
21501,91011,63,60-64,M,7236,7731,14967,495,0.0684079601990049
15745,01719,64,60-64,M,6939,8028,14967,1089,0.1569390402075227
19340,78628,40,40-44,F,6771,8198,14969,1427,0.2107517353418992
17836,10028,39,35-39,F,7515,7454,14969,-61,-0.0081170991350632
26465,01545,30,Under 35,M,6974,7995,14969,1021,0.1464009176942931
24196,02210,39,35-39,M,7124,7846,14970,722,0.1013475575519371
19850,45002,47,45-49,F,6528,8443,14971,1915,0.2933517156862745
13822,46038,53,50-54,M,6344,8628,14972,2284,0.3600252206809584
16811,83401,45,45-49,F,7148,7824,14972,676,0.0945719082260772
17017,83406,41,40-44,F,7148,7824,14972,676,0.0945719082260772
29928,01583,25,Under 35,F,7109,7865,14974,756,0.1063440708960472
21831,90278,55,55-59,F,6781,8195,14976,1414,0.2085238165462321
28093,01867,22,Under 35,M,6831,8145,14976,1314,0.1923583662714097
6300,65721,40,40-44,M,6988,7989,14977,1001,0.1432455638236977
12528,64870,42,40-44,F,6988,7989,14977,1001,0.1432455638236977
21263,40515,60,60-64,M,6832,8145,14977,1313,0.1921838407494145
23466,34996,60,60-64,F,7365,7612,14977,247,0.0335369993211133
22667,93581,67,65-69,M,7282,7696,14978,414,0.0568525130458665
25617,10005,24,Under 35,M,7245,7733,14978,488,0.0673567977915804
24855,60618,49,45-49,M,6825,8153,14978,1328,0.1945787545787546
22867,99827,67,65-69,M,7170,7808,14978,638,0.0889818688981868
24167,01890,28,Under 35,M,7056,7923,14979,867,0.1228741496598639
25975,02359,27,Under 35,M,7057,7923,14980,866,0.1227150347173019
30615,54650,44,40-44,M,7027,7953,14980,926,0.1317774299131919
21134,60189,68,65-69,F,6944,8037,14981,1093,0.1574020737327189
22188,27403,65,65-69,M,7032,7949,14981,917,0.1304038680318544
20551,04105,43,40-44,F,7055,7926,14981,871,0.123458540042523
15891,02881,65,65-69,M,7013,7970,14983,957,0.1364608584058177
24213,02171,27,Under 35,F,7400,7583,14983,183,0.0247297297297297
22318,73127,62,60-64,F,6984,8000,14984,1016,0.145475372279496
23049,11363,67,65-69,M,7075,7909,14984,834,0.1178798586572438
20538,49849,65,65-69,M,7171,7814,14985,643,0.0896667131501882
9392,80126,25,Under 35,F,5847,9138,14985,3291,0.5628527449974345
24633,11767,25,Under 35,M,6471,8514,14985,2043,0.3157162726008345
21780,77049,54,50-54,F,7035,7950,14985,915,0.1300639658848614
6584,07646,36,35-39,M,5666,9319,14985,3653,0.6447229085774797
20540,91001,45,45-49,F,6889,8097,14986,1208,0.1753520104514443
14821,64055,42,40-44,F,6658,8328,14986,1670,0.2508260738960648
23078,91775,69,65-69,M,7102,7884,14986,782,0.1101098282174035
28930,02061,42,40-44,F,6984,8003,14987,1019,0.1459049255441008
18328,73013,37,35-39,F,6631,8357,14988,1726,0.2602925652239481
21785,32524,53,50-54,F,6837,8153,14990,1316,0.1924820827848471
22662,49508,68,65-69,M,7152,7838,14990,686,0.095917225950783
22559,02421,54,50-54,F,6950,8040,14990,1090,0.1568345323741007
14926,04240,59,55-59,M,6127,8864,14991,2737,0.4467112779500571
17680,95120,48,45-49,F,6848,8143,14991,1295,0.1891063084112149
28205,02760,60,60-64,M,7147,7844,14991,697,0.097523436406884
27010,03824,52,50-54,M,6683,8310,14993,1627,0.2434535388298668
20285,53211,60,60-64,M,6643,8351,14994,1708,0.2571127502634352
21473,91011,60,60-64,M,7282,7713,14995,431,0.0591870365284262
21007,22101,60,60-64,M,6574,8422,14996,1848,0.281107392759355
28530,10024,46,45-49,M,7306,7691,14997,385,0.0526964139063783
21026,07869,53,50-54,F,6737,8260,14997,1523,0.226065014101232
15237,99218,43,40-44,F,7464,7533,14997,69,0.0092443729903536
9123,41091,20,Under 35,F,6153,8846,14999,2693,0.4376726799934991
19399,74105,50,50-54,F,6740,8260,15000,1520,0.2255192878338278
20815,84010,47,45-49,F,6935,8066,15001,1131,0.1630857966834895
6799,27519,36,35-39,M,6031,8972,15003,2941,0.4876471563588128
22847,20659,63,60-64,F,7137,7866,15003,729,0.1021437578814628
27880,01950,59,55-59,F,7298,7706,15004,408,0.0559057275966018
23198,22901,63,60-64,F,7415,7589,15004,174,0.0234659474039109
17611,91316,40,40-44,F,7323,7682,15005,359,0.0490236241977331
3013,20011,29,Under 35,M,6128,8877,15005,2749,0.4485966057441253
21703,02539,53,50-54,F,6900,8105,15005,1205,0.1746376811594203
3944,20002,29,Under 35,M,6129,8877,15006,2748,0.4483602545276554
30001,02474,46,45-49,M,7201,7805,15006,604,0.0838772392723233
14341,20002,30,Under 35,F,6130,8876,15006,2746,0.4479608482871126
20124,78704,56,55-59,F,6884,8123,15007,1239,0.1799825682742591
13991,33444,43,40-44,M,6668,8340,15008,1672,0.250749850029994
21923,01907,53,50-54,F,7540,7468,15008,-72,-0.0095490716180371
22006,07960,56,55-59,F,7052,7956,15008,904,0.1281905842314237
28715,02360,25,Under 35,F,7222,7786,15008,564,0.0780947106064802
17111,27215,40,40-44,F,6936,8072,15008,1136,0.1637831603229527
29698,01532,54,50-54,M,7139,7870,15009,731,0.1023952934584675
20049,26717,63,60-64,M,6412,8597,15009,2185,0.3407673112913287
17091,90272,57,55-59,M,6890,8121,15011,1231,0.1786647314949201
22047,04412,57,55-59,F,6971,8041,15012,1070,0.1534930426050781
26100,02324,27,Under 35,M,7584,7428,15012,-156,-0.0205696202531645
12860,32571,50,50-54,M,6419,8594,15013,2175,0.3388378252064184
20065,19803,45,45-49,F,7041,7973,15014,932,0.1323675614259338
26918,27410,43,40-44,M,6804,8212,15016,1408,0.2069370958259847
14254,12508,56,55-59,M,6565,8455,15020,1890,0.2878903274942879
21548,94566,47,45-49,F,6867,8153,15020,1286,0.1872724625018203
17509,02446,25,Under 35,F,6900,8121,15021,1221,0.1769565217391304
22874,94025,72,70-74,F,7347,7674,15021,327,0.0445079624336463
18962,97209,69,65-69,M,6656,8366,15022,1710,0.2569110576923077
20294,60540,46,45-49,F,7262,7760,15022,498,0.0685761498209859
15597,60657,38,35-39,M,7133,7890,15023,757,0.1061264545072199
13557,60515,51,50-54,M,6473,8551,15024,2078,0.3210257994747412
19510,78750,63,60-64,M,6859,8166,15025,1307,0.1905525586820236
22579,06379,63,60-64,F,7134,7892,15026,758,0.1062517521726941
26410,02114,32,Under 35,F,6999,8029,15028,1030,0.1471638805543649
21976,33157,50,50-54,F,6950,8079,15029,1129,0.1624460431654676
20768,28205,55,55-59,F,6685,8345,15030,1660,0.2483171278982797
18355,84020,41,40-44,F,6735,8295,15030,1560,0.2316258351893095
21251,10023,46,45-49,F,7008,8024,15032,1016,0.1449771689497717
17413,62049,40,40-44,F,6762,8271,15033,1509,0.2231588287488908
19943,15203,46,45-49,F,7102,7931,15033,829,0.1167276823430019
22397,01757,55,55-59,F,7104,7929,15033,825,0.1161317567567567
18337,75209,58,55-59,M,6660,8373,15033,1713,0.2572072072072072
27284,03032,50,50-54,F,7242,7792,15034,550,0.0759458713062689
30547,02459,26,Under 35,F,7356,7678,15034,322,0.043773790103317
5355,84660,45,45-49,M,6608,8426,15034,1818,0.2751210653753027
23424,20878,74,70-74,M,7322,7713,15035,391,0.053400710188473
14255,84059,28,Under 35,F,6746,8289,15035,1543,0.2287281351912244
22113,95932,62,60-64,F,7077,7958,15035,881,0.1244877773067684
29191,20164,51,50-54,F,7242,7793,15035,551,0.076083954708644
5092,14526,40,40-44,M,6530,8506,15036,1976,0.3026033690658499
17629,08901,26,Under 35,F,6779,8257,15036,1478,0.2180262575601121
16050,90503,26,Under 35,F,6780,8256,15036,1476,0.2176991150442478
28534,44106,39,35-39,F,7205,7832,15037,627,0.0870229007633587
13841,60487,50,50-54,M,6818,8219,15037,1401,0.2054854796127896
14927,20814,30,Under 35,F,6555,8482,15037,1927,0.2939740655987795
25363,01453,30,Under 35,M,6856,8182,15038,1326,0.1934072345390898
26657,06492,28,Under 35,F,7084,7955,15039,871,0.122953133822699
22011,92377,66,65-69,F,7107,7932,15039,825,0.1160827353313634
19968,19809,64,60-64,F,6724,8317,15041,1593,0.2369125520523498
26921,28204,24,Under 35,M,6795,8246,15041,1451,0.2135393671817513
16001,90069,43,40-44,F,6838,8204,15042,1366,0.1997660134542263
29172,01752,26,Under 35,F,6699,8344,15043,1645,0.2455590386624869
15046,22204,28,Under 35,F,6475,8569,15044,2094,0.3233976833976834
25441,02109,24,Under 35,F,7108,7936,15044,828,0.11648846370287
20633,08852,61,60-64,M,7288,7756,15044,468,0.0642151481888035
21982,80528,51,50-54,F,6875,8170,15045,1295,0.1883636363636363
21419,23112,45,45-49,F,6891,8154,15045,1263,0.1832825424466695
12435,75098,55,55-59,M,6438,8608,15046,2170,0.3370611991301646
25793,02127,26,Under 35,F,7140,7906,15046,766,0.1072829131652661
21692,02144,69,65-69,F,6849,8197,15046,1348,0.1968170535844648
30604,02150,30,Under 35,M,6827,8221,15048,1394,0.2041892485718471
16325,07071,63,60-64,M,6662,8386,15048,1724,0.2587811468027619
22175,49236,52,50-54,F,7140,7908,15048,768,0.107563025210084
23309,20001,72,70-74,F,7212,7838,15050,626,0.0867997781475319
21586,17406,48,45-49,F,7263,7788,15051,525,0.0722841800908715
22728,02043,59,55-59,F,6979,8073,15052,1094,0.1567559822324115
22166,63385,65,65-69,M,6794,8258,15052,1464,0.2154842508095378
28607,85704,59,55-59,M,7167,7885,15052,718,0.1001813869122366
13582,17543,52,50-54,M,5999,9054,15053,3055,0.509251541923654
21140,04958,49,45-49,F,6901,8153,15054,1252,0.1814229821764961
9271,92706,56,55-59,M,6708,8347,15055,1639,0.244335122242099
18058,24012,57,55-59,M,6660,8395,15055,1735,0.2605105105105105
19783,98006,53,50-54,F,6750,8305,15055,1555,0.2303703703703703
8427,16365,48,45-49,M,7193,7863,15056,670,0.09314611427777
21983,16365,50,50-54,F,7194,7862,15056,668,0.0928551570753405
28341,92677,44,40-44,F,7292,7766,15058,474,0.0650027427317608
26723,02180,26,Under 35,M,6795,8263,15058,1468,0.2160412067696835
22212,27713,50,50-54,F,7334,7725,15059,391,0.0533133351513498
19190,30009,45,45-49,F,6721,8338,15059,1617,0.2405891980360065
14102,18829,42,40-44,F,6610,8449,15059,1839,0.27821482602118
21414,59718,45,45-49,F,7033,8027,15060,994,0.1413337124982226
22026,23009,53,50-54,F,6657,8404,15061,1747,0.2624305242601772
23095,24401,56,55-59,F,7090,7971,15061,881,0.1242595204513399
27493,01748,44,40-44,F,7260,7802,15062,542,0.0746556473829201
20400,02760,50,50-54,F,6747,8316,15063,1569,0.2325477990217874
22716,66213,66,65-69,M,7251,7812,15063,561,0.0773686388084402
26004,02127,23,Under 35,F,7645,7418,15063,-227,-0.0296926095487246
22288,01588,64,60-64,F,7097,7967,15064,870,0.122587008595181
20805,48134,61,60-64,M,6481,8583,15064,2102,0.3243326647122357
26542,30004,64,60-64,M,7119,7945,15064,826,0.1160275319567355
24784,02118,27,Under 35,F,6771,8295,15066,1524,0.2250775365529463
22210,91354,51,50-54,F,6695,8372,15067,1677,0.2504854368932039
10755,85742,46,45-49,M,6007,9060,15067,3053,0.5082403862160813
21679,45371,52,50-54,F,7035,8032,15067,997,0.1417199715707178
18321,14220,37,35-39,F,6541,8526,15067,1985,0.303470417367375
26558,04043,44,40-44,F,6846,8221,15067,1375,0.200847210049664
14791,37934,44,40-44,F,6702,8366,15068,1664,0.2482840943002089
20012,95682,46,45-49,F,7036,8032,15068,996,0.1415577032404775
14265,81601,30,Under 35,F,5995,9074,15069,3079,0.5135946622185155
22029,43560,50,50-54,F,7223,7847,15070,624,0.0863906963865429
22105,01749,58,55-59,F,7080,7990,15070,910,0.1285310734463277
17428,78703,37,35-39,F,7215,7855,15070,640,0.0887040887040887
19043,04105,59,55-59,M,7131,7940,15071,809,0.1134483242182022
22898,04105,56,55-59,F,7131,7940,15071,809,0.1134483242182022
17438,15090,59,55-59,M,6567,8505,15072,1938,0.2951119232526267
24045,02138,26,Under 35,M,7067,8005,15072,938,0.1327295882269704
28672,02127,41,40-44,M,6258,8816,15074,2558,0.4087567913071269
22687,91801,57,55-59,F,7020,8054,15074,1034,0.1472934472934473
27694,01748,38,35-39,M,7229,7847,15076,618,0.0854890026283026
25668,02048,29,Under 35,F,6846,8231,15077,1385,0.2023079170318434
25150,02127,25,Under 35,F,7276,7801,15077,525,0.0721550302363936
22285,06092,45,45-49,F,7159,7919,15078,760,0.1061600782232155
20424,86301,53,50-54,F,6921,8158,15079,1237,0.1787313971969368
24340,10009,23,Under 35,M,6610,8469,15079,1859,0.2812405446293495
13531,77061,53,50-54,M,6925,8156,15081,1231,0.1777617328519855
17716,95831,71,70-74,M,6413,8669,15082,2256,0.3517854358334633
26788,10023,49,45-49,M,6779,8303,15082,1524,0.2248119191621183
21746,84121,49,45-49,F,6488,8598,15086,2110,0.3252157829839704
25024,02116,37,35-39,F,6982,8104,15086,1122,0.1606989401317674
21713,92117,51,50-54,F,7166,7921,15087,755,0.1053586380128384
17348,11366,60,60-64,M,6780,8307,15087,1527,0.2252212389380531
23083,11782,62,60-64,F,7319,7769,15088,450,0.0614838092635606
19994,10025,42,40-44,F,6081,9007,15088,2926,0.4811708600559118
21592,55024,52,50-54,F,7022,8066,15088,1044,0.1486755909997151
18199,84093,41,40-44,F,7166,7922,15088,756,0.105498185877756
20763,10027,67,65-69,M,6698,8392,15090,1694,0.2529113168109883
26025,03087,30,Under 35,F,6878,8213,15091,1335,0.1940971212561791
21867,89122,52,50-54,F,7411,7680,15091,269,0.0362973957630549
22091,48152,65,65-69,M,7034,8059,15093,1025,0.1457207847597384
20939,02638,46,45-49,F,6920,8174,15094,1254,0.1812138728323699
26150,02421,42,40-44,F,7356,7738,15094,382,0.0519303969548667
15728,92612,54,50-54,M,7373,7724,15097,351,0.0476061304760613
29100,02763,19,Under 35,M,6680,8417,15097,1737,0.2600299401197605
30575,01864,43,40-44,M,6854,8244,15098,1390,0.2028012839217975
21162,43221,49,45-49,F,6942,8156,15098,1214,0.1748775569000288
22070,55418,56,55-59,F,7004,8095,15099,1091,0.1557681324957167
23394,80020,60,60-64,F,7284,7815,15099,531,0.0728995057660626
26302,55391,22,Under 35,M,7962,7138,15100,-824,-0.1034915850288872
20517,97232,46,45-49,F,7112,7989,15101,877,0.1233127109111361
22496,60515,57,55-59,F,6986,8115,15101,1129,0.1616089321500143
24069,07931,23,Under 35,F,6819,8284,15103,1465,0.2148408857603754
30376,32708,39,35-39,M,7263,7840,15103,577,0.0794437560236816
29178,02169,41,40-44,M,7046,8057,15103,1011,0.143485665625887
15529,02066,29,Under 35,F,7139,7966,15105,827,0.115842554979689
18548,11218,57,55-59,M,7265,7842,15107,577,0.0794218857536132
19758,49506,64,60-64,M,7021,8087,15108,1066,0.1518302236148696
22325,02465,61,60-64,F,7383,7725,15108,342,0.0463226330759853
17503,55427,59,55-59,M,6859,8252,15111,1393,0.2030908295669922
19521,92119,45,45-49,F,7071,8040,15111,969,0.1370386084005091
22575,01532,54,50-54,F,7347,7765,15112,418,0.056893970328025
27325,02043,19,Under 35,M,7177,7935,15112,758,0.1056151595374111
20675,14526,60,60-64,M,6912,8201,15113,1289,0.1864872685185185
22085,14526,59,55-59,F,6912,8201,15113,1289,0.1864872685185185
20176,92395,64,60-64,F,7316,7797,15113,481,0.0657463094587206
15881,01237,62,60-64,M,6889,8224,15113,1335,0.1937871969806938
10450,76063,46,45-49,M,5628,9487,15115,3859,0.6856787491115849
26616,02421,44,40-44,M,6823,8293,15116,1470,0.2154477502564854
24325,02140,26,Under 35,F,6536,8581,15117,2045,0.3128824969400244
18173,07444,47,45-49,F,6597,8520,15117,1923,0.2914961346066393
10795,20852,55,55-59,M,6468,8650,15118,2182,0.3373531230674088
7848,02481,49,45-49,M,6299,8819,15118,2520,0.4000635021431973
19007,21042,51,50-54,F,7141,7977,15118,836,0.1170704383139616
21055,72903,61,60-64,M,6925,8194,15119,1269,0.1832490974729242
19254,60134,41,40-44,F,6957,8163,15120,1206,0.1733505821474773
21398,75093,55,55-59,F,6992,8128,15120,1136,0.1624713958810068
20513,08852,54,50-54,F,7288,7833,15121,545,0.0747804610318331
22810,02421,69,65-69,M,7208,7913,15121,705,0.0978079911209767
14201,78704,28,Under 35,F,7027,8095,15122,1068,0.1519851999430767
15282,44512,25,Under 35,F,6791,8331,15122,1540,0.2267707259608305
30326,94116,27,Under 35,F,7046,8077,15123,1031,0.1463241555492478
21378,07090,54,50-54,F,7046,8077,15123,1031,0.1463241555492478
15718,33133,52,50-54,F,7786,7339,15125,-447,-0.0574107372206524
26140,01516,24,Under 35,F,7134,7991,15125,857,0.1201289599102887
22261,72714,51,50-54,F,6835,8293,15128,1458,0.2133138258961229
22536,33130,56,55-59,F,7249,7880,15129,631,0.0870464891709201
15172,60614,29,Under 35,F,6209,8920,15129,2711,0.4366242551135448
22915,07728,65,65-69,F,7012,8118,15130,1106,0.1577296063890473
23541,98513,60,60-64,F,7328,7803,15131,475,0.0648198689956331
17226,12156,40,40-44,F,7031,8103,15134,1072,0.1524676432939838
1042,02186,46,45-49,M,5109,10026,15135,4917,0.9624192601291838
19773,02421,60,60-64,M,6528,8608,15136,2080,0.3186274509803921
18852,02554,42,40-44,F,6578,8558,15136,1980,0.3010033444816054
12118,84093,28,Under 35,F,7073,8065,15138,992,0.1402516612469956
20520,08628,49,45-49,F,6745,8393,15138,1648,0.2443291326908821
30513,02467,20,Under 35,F,6991,8147,15138,1156,0.1653554570161636
21642,64501,53,50-54,F,7194,7945,15139,751,0.1043925493466777
22118,23059,65,65-69,M,7090,8049,15139,959,0.1352609308885754
26936,02126,32,Under 35,M,7078,8062,15140,984,0.1390223226900254
9588,98037,48,45-49,M,7148,7992,15140,844,0.1180749860100727
17269,43215,57,55-59,M,6929,8211,15140,1282,0.185019483330928
29611,01588,51,50-54,M,7020,8121,15141,1101,0.1568376068376068
21515,80224,45,45-49,F,7110,8032,15142,922,0.1296765119549929
24907,18104,41,40-44,M,6733,8409,15142,1676,0.248923214020496
25320,60148,35,35-39,F,7197,7947,15144,750,0.1042100875364735
25105,02115,30,Under 35,M,7860,7284,15144,-576,-0.0732824427480916
19599,55410,60,60-64,M,6677,8468,15145,1791,0.2682342369327542
21054,00851,52,50-54,F,6652,8494,15146,1842,0.2769092002405292
22334,01108,57,55-59,F,7172,7974,15146,802,0.1118237590630228
18159,99223,45,45-49,F,6539,8607,15146,2068,0.316256308304022
20060,19348,66,65-69,M,7311,7836,15147,525,0.0718096019696348
22833,77494,55,55-59,F,7012,8135,15147,1123,0.1601540216771249
26513,02118,24,Under 35,M,6771,8377,15148,1606,0.2371880076798109
27987,01590,28,Under 35,M,7441,7708,15149,267,0.0358822738879182
21743,10128,57,55-59,F,6972,8177,15149,1205,0.1728341939185312
27066,28209,23,Under 35,F,7156,7993,15149,837,0.1169647847959754
22814,32034,74,70-74,M,7058,8092,15150,1034,0.1465004250495891
24539,03076,27,Under 35,F,7072,8079,15151,1007,0.1423925339366515
22306,20854,56,55-59,F,7214,7939,15153,725,0.1004990296645411
23013,30097,66,65-69,M,7293,7860,15153,567,0.0777457836281365
26002,02465,29,Under 35,M,7458,7695,15153,237,0.0317779565567176
22414,55063,56,55-59,F,7052,8102,15154,1050,0.1488939307997731
7963,17022,44,40-44,F,6581,8573,15154,1992,0.3026895608570126
29605,94019,25,Under 35,F,7180,7974,15154,794,0.1105849582172702
21895,34683,46,45-49,F,7192,7963,15155,771,0.107202447163515
22422,94121,57,55-59,F,6963,8192,15155,1229,0.1765043802958495
21354,07702,50,50-54,F,6825,8330,15155,1505,0.2205128205128205
24600,02145,42,40-44,F,6600,8556,15156,1956,0.2963636363636364
17488,03431,39,35-39,F,7211,7945,15156,734,0.1017889335737068
26855,11217,35,35-39,F,7086,8071,15157,985,0.1390064916737228
18657,84047,40,40-44,F,6945,8212,15157,1267,0.1824334053275738
24396,02364,35,35-39,M,7012,8147,15159,1135,0.1618653736451797
24199,34110,43,40-44,F,6858,8301,15159,1443,0.210411198600175
21030,78023,53,50-54,F,7031,8129,15160,1098,0.1561655525529796
21435,55387,48,45-49,F,7303,7857,15160,554,0.0758592359304395
8810,33021,50,50-54,M,5784,9376,15160,3592,0.6210235131396957
15876,98208,49,45-49,F,7230,7933,15163,703,0.0972337482710926
22263,28277,51,50-54,F,7434,7731,15165,297,0.0399515738498789
21524,78628,46,45-49,F,7256,7909,15165,653,0.0899944873208379
26318,06255,42,40-44,M,7073,8092,15165,1019,0.1440689947688392
30419,02446,30,Under 35,F,7547,7618,15165,71,0.0094077116735126
19694,11570,46,45-49,F,7256,7909,15165,653,0.0899944873208379
26381,03909,50,50-54,F,7031,8136,15167,1105,0.1571611435073247
24286,02446,25,Under 35,F,7146,8021,15167,875,0.1224461237055695
14716,07980,25,Under 35,F,6527,8641,15168,2114,0.3238853991113835
11579,92728,48,45-49,M,6671,8497,15168,1826,0.2737220806475791
15717,01950,65,65-69,M,7071,8097,15168,1026,0.1450997030123037
16850,20816,45,45-49,F,6119,9051,15170,2932,0.4791632619709103
15471,78233,36,35-39,F,6387,8783,15170,2396,0.3751369970252075
18692,92672,40,40-44,F,6774,8397,15171,1623,0.2395925597874225
25556,02116,60,60-64,M,7509,7662,15171,153,0.020375549340791
20006,02062,58,55-59,F,6523,8648,15171,2125,0.3257703510654606
29010,01864,49,45-49,M,6828,8344,15172,1516,0.2220269478617457
20503,95628,48,45-49,F,7101,8071,15172,970,0.136600478805802
21308,44070,46,45-49,F,7047,8125,15172,1078,0.1529728962679154
20574,97267,48,45-49,F,7017,8156,15173,1139,0.1623200798061849
27330,97211,33,Under 35,M,6008,9165,15173,3157,0.5254660452729694
22767,07717,60,60-64,F,7022,8151,15173,1129,0.1607804044431786
21202,55347,65,65-69,M,7333,7840,15173,507,0.0691395063411973
5540,97210,32,Under 35,F,7333,7840,15173,507,0.0691395063411973
29342,01803,28,Under 35,M,7405,7768,15173,363,0.0490209318028359
15820,90266,68,65-69,M,6851,8323,15174,1472,0.214859144650416
25187,02038,28,Under 35,M,7322,7855,15177,533,0.0727943184922152
6641,78737,37,35-39,M,5718,9461,15179,3743,0.6545995103182931
21177,49269,64,60-64,M,6658,8521,15179,1863,0.2798137578852508
24953,02472,40,40-44,F,7234,7945,15179,711,0.0982858722698368
26189,02116,32,Under 35,M,7120,8060,15180,940,0.1320224719101123
24184,80516,50,50-54,M,6687,8493,15180,1806,0.2700762673844773
26625,01473,37,35-39,F,7290,7891,15181,601,0.0824417009602194
19064,14534,40,40-44,F,6780,8402,15182,1622,0.2392330383480826
16842,55417,38,35-39,F,6648,8534,15182,1886,0.2836943441636582
22940,39402,55,55-59,F,6677,8506,15183,1829,0.273925415605811
14469,77583,41,40-44,F,6740,8443,15183,1703,0.2526706231454006
28493,02445,31,Under 35,M,6433,8751,15184,2318,0.3603295507539251
19275,60056,60,60-64,M,7231,7953,15184,722,0.0998478771954086
17254,11205,37,35-39,F,7406,7778,15184,372,0.0502295436132865
21144,43206,60,60-64,M,7027,8158,15185,1131,0.1609506190408424
15786,04605,66,65-69,M,7504,7681,15185,177,0.0235874200426439
19512,45140,45,45-49,F,6603,8582,15185,1979,0.2997122520066636
22809,77546,69,65-69,M,7039,8147,15186,1108,0.1574087228299474
30441,21217,41,40-44,M,6886,8300,15186,1414,0.2053441765901829
10936,08520,55,55-59,M,7161,8025,15186,864,0.1206535400083787
28449,19460,31,Under 35,M,6978,8209,15187,1231,0.1764115792490685
15865,95219,61,60-64,M,7075,8112,15187,1037,0.1465724381625441
20436,23456,60,60-64,M,7132,8055,15187,923,0.1294167134043746
14643,02115,34,Under 35,F,6467,8721,15188,2254,0.3485387351167465
18140,72034,49,45-49,F,7239,7950,15189,711,0.098217985909656
22387,34210,56,55-59,F,7125,8064,15189,939,0.1317894736842105
21006,60126,63,60-64,M,6654,8536,15190,1882,0.2828373910429816
11811,77345,66,65-69,M,6492,8700,15192,2208,0.3401109057301293
23048,19539,58,55-59,F,7052,8140,15192,1088,0.1542824730572887
20185,28205,54,50-54,F,7004,8188,15192,1184,0.1690462592804112
26869,95492,57,55-59,F,7265,7927,15192,662,0.0911218169304886
23425,49507,63,60-64,F,7402,7790,15192,388,0.0524182653336936
14307,50320,37,35-39,F,6762,8431,15193,1669,0.2468204673173617
4362,80487,37,35-39,M,6601,8593,15194,1992,0.301772458718376
10790,75070,45,45-49,M,6066,9128,15194,3062,0.5047807451368282
15868,28036,66,65-69,M,6780,8415,15195,1635,0.2411504424778761
18318,37043,39,35-39,F,6467,8729,15196,2262,0.3497757847533632
18007,03861,40,40-44,F,6769,8428,15197,1659,0.2450879007238883
29195,06413,43,40-44,M,7027,8170,15197,1143,0.1626583179166073
29267,02180,27,Under 35,M,6708,8489,15197,1781,0.2655038759689923
23360,30809,70,70-74,M,7350,7848,15198,498,0.0677551020408163
19942,10598,45,45-49,F,7078,8120,15198,1042,0.1472167278892342
17833,92024,55,55-59,M,6828,8371,15199,1543,0.2259812536613942
11588,02171,45,45-49,M,6159,9041,15200,2882,0.4679331060237051
16909,01760,41,40-44,F,6785,8417,15202,1632,0.2405305821665438
3582,28277,34,Under 35,M,6802,8400,15202,1598,0.2349309026756836
20121,05495,63,60-64,F,6925,8278,15203,1353,0.1953790613718411
13774,05495,52,50-54,F,6925,8278,15203,1353,0.1953790613718411
22275,92037,56,55-59,F,6665,8538,15203,1873,0.2810202550637659
28419,02139,25,Under 35,F,7113,8091,15204,978,0.1374947279628848
7721,12205,37,35-39,M,6508,8697,15205,2189,0.3363552550706822
26160,02130,50,50-54,M,7037,8172,15209,1135,0.1612903225806451
22680,49866,71,70-74,M,7194,8017,15211,823,0.1144008896302474
17412,98001,39,35-39,F,6847,8365,15212,1518,0.2217029355922301
21526,01760,63,60-64,M,6568,8645,15213,2077,0.3162302070645554
26602,02110,24,Under 35,F,7108,8105,15213,997,0.1402644907146877
14085,91784,59,55-59,M,5915,9300,15215,3385,0.5722738799661876
27825,02116,35,35-39,F,7072,8143,15215,1071,0.1514423076923076
25633,48430,34,Under 35,M,7180,8036,15216,856,0.1192200557103064
22413,40059,55,55-59,F,7506,7710,15216,204,0.0271782573940847
25138,02127,27,Under 35,F,7572,7644,15216,72,0.0095087163232963
15874,07677,60,60-64,F,6976,8240,15216,1264,0.1811926605504587
21272,44023,65,65-69,M,6578,8639,15217,2061,0.3133171176649437
21571,53719,50,50-54,F,6785,8433,15218,1648,0.2428887251289609
26620,02169,37,35-39,M,7103,8116,15219,1013,0.142615796142475
12006,63141,55,55-59,M,6895,8324,15219,1429,0.2072516316171138
15554,02045,47,45-49,F,6929,8291,15220,1362,0.1965651609178813
22329,91311,67,65-69,M,7345,7875,15220,530,0.0721579305650102
20645,01085,52,50-54,F,6730,8491,15221,1761,0.2616641901931649
21739,94087,66,65-69,M,7192,8030,15222,838,0.1165183537263626
25167,02127,27,Under 35,F,7078,8144,15222,1066,0.1506075162475275
9657,49008,51,50-54,M,6561,8662,15223,2101,0.3202255753696083
28495,10026,36,35-39,M,7007,8216,15223,1209,0.1725417439703154
12850,80210,29,Under 35,F,6646,8577,15223,1931,0.2905507071922961
24522,93013,45,45-49,F,7466,7757,15223,291,0.0389766943477096
12002,94110,46,45-49,M,6997,8227,15224,1230,0.1757896241246248
21955,01460,61,60-64,M,7111,8113,15224,1002,0.1409084516945577
17245,43214,61,60-64,M,6855,8371,15226,1516,0.2211524434719183
26158,33156,46,45-49,F,7300,7926,15226,626,0.0857534246575342
29230,80228,41,40-44,F,7567,7659,15226,92,0.0121580547112462
28193,01702,19,Under 35,M,6978,8249,15227,1271,0.1821438807681284
21036,54481,47,45-49,F,7303,7924,15227,621,0.085033547857045
13439,49855,29,Under 35,F,6664,8564,15228,1900,0.2851140456182473
22031,18465,60,60-64,F,7373,7856,15229,483,0.0655092906550929
15248,11001,29,Under 35,F,6727,8502,15229,1775,0.2638620484614241
21811,20191,57,55-59,F,7110,8119,15229,1009,0.1419127988748242
22817,33931,58,55-59,F,6961,8270,15231,1309,0.1880476942967964
20323,17301,58,55-59,F,7263,7968,15231,705,0.0970673275505989
22046,97008,68,65-69,M,7094,8138,15232,1044,0.1471666196786016
30654,02150,41,40-44,M,7151,8082,15233,931,0.1301915815969794
22445,23322,59,55-59,F,7341,7893,15234,552,0.0751941152431548
19949,11580,40,40-44,F,6810,8425,15235,1615,0.237151248164464
15567,10019,24,Under 35,M,7049,8186,15235,1137,0.1612994751028514
20873,89052,48,45-49,F,7116,8122,15238,1006,0.141371557054525
11010,21532,52,50-54,M,5876,9362,15238,3486,0.5932607215793056
15824,78130,51,50-54,F,7242,7997,15239,755,0.104252968793151
19665,95949,51,50-54,F,7352,7889,15241,537,0.0730413492927094
28330,02339,39,35-39,F,7322,7919,15241,597,0.0815350996995356
20958,96734,47,45-49,F,6506,8735,15241,2229,0.3426068244697202
23061,94501,56,55-59,F,7210,8031,15241,821,0.1138696255201109
28121,01721,39,35-39,M,7138,8104,15242,966,0.1353320257775287
20104,33129,54,50-54,F,7186,8057,15243,871,0.1212079042582799
29946,07030,33,Under 35,F,7293,7951,15244,658,0.0902235019882078
26557,03867,27,Under 35,F,7306,7939,15245,633,0.0866411168902272
27797,02114,34,Under 35,M,7140,8105,15245,965,0.1351540616246498
21341,94010,61,60-64,M,6749,8497,15246,1748,0.2590013335308934
25567,10023,37,35-39,M,7390,7857,15247,467,0.0631935047361299
20767,01742,63,60-64,M,6790,8457,15247,1667,0.2455081001472754
13598,07712,56,55-59,M,6542,8705,15247,2163,0.3306328339957199
21254,37379,67,65-69,M,6974,8274,15248,1300,0.1864066532836248
17170,84045,31,Under 35,F,7149,8101,15250,952,0.1331654776891873
13603,40243,42,40-44,F,6356,8895,15251,2539,0.3994650723725613
29263,02113,22,Under 35,F,7305,7947,15252,642,0.0878850102669404
18881,28387,43,40-44,F,6649,8603,15252,1954,0.2938787787637238
20977,84770,60,60-64,M,7122,8130,15252,1008,0.1415332771693344
21180,92602,75,75-79,M,7354,7898,15252,544,0.0739733478379113
29530,02061,35,35-39,F,7046,8207,15253,1161,0.1647743400510928
21514,20882,61,60-64,M,6883,8370,15253,1487,0.2160395176521865
18895,90094,60,60-64,M,6173,9080,15253,2907,0.4709217560343431
25297,02481,39,35-39,F,6952,8301,15253,1349,0.1940448791714614
16057,22203,26,Under 35,F,6777,8477,15254,1700,0.2508484580197727
22358,02494,65,65-69,M,6948,8306,15254,1358,0.1954519286125503
30418,03055,49,45-49,M,7183,8072,15255,889,0.1237644438256995
12262,98221,61,60-64,M,5650,9605,15255,3955,0.7
11467,06810,46,45-49,M,6233,9023,15256,2790,0.4476175196534574
7798,07508,37,35-39,M,6607,8649,15256,2042,0.3090661419706372
25917,02139,37,35-39,F,6995,8262,15257,1267,0.1811293781272337
30344,30310,46,45-49,M,6858,8399,15257,1541,0.2247010790317876
23158,91739,60,60-64,F,7476,7783,15259,307,0.0410647405029427
15864,92373,50,50-54,F,7072,8188,15260,1116,0.1578054298642534
29031,02122,55,55-59,M,7024,8236,15260,1212,0.1725512528473804
22209,07950,50,50-54,F,6992,8270,15262,1278,0.1827803203661327
22702,33477,56,55-59,F,7110,8152,15262,1042,0.1465541490857946
30013,01721,42,40-44,M,6940,8322,15262,1382,0.1991354466858789
19881,52411,47,45-49,F,7102,8160,15262,1058,0.1489721205294283
25530,01970,49,45-49,M,6857,8406,15263,1549,0.2259005395945749
16644,92129,55,55-59,M,7089,8174,15263,1085,0.1530540273663422
22008,92129,51,50-54,F,7089,8175,15264,1086,0.1531950909860347
23122,22202,62,60-64,F,7199,8066,15265,867,0.1204333935268787
25393,02138,22,Under 35,F,6936,8329,15265,1393,0.200836216839677
15894,75032,64,60-64,F,7122,8144,15266,1022,0.1434990171300196
13076,33614,53,50-54,M,6169,9099,15268,2930,0.4749554222726536
21281,53226,46,45-49,F,7175,8093,15268,918,0.1279442508710801
28398,01748,35,35-39,M,6799,8469,15268,1670,0.2456243565230181
25012,02446,24,Under 35,F,7155,8114,15269,959,0.1340321453529
25031,02446,25,Under 35,F,6988,8281,15269,1293,0.1850314825414997
24727,02215,20,Under 35,M,6806,8465,15271,1659,0.243755509844255
26585,02176,39,35-39,M,7256,8015,15271,759,0.1046030871003307
22257,22314,63,60-64,F,7162,8110,15272,948,0.1323652611002513
23287,80919,60,60-64,F,7333,7939,15272,606,0.0826401200054547
21591,77055,66,65-69,M,7166,8107,15273,941,0.1313145408875244
10087,18013,52,50-54,M,5695,9579,15274,3884,0.6820017559262511
10701,56085,26,Under 35,F,6556,8718,15274,2162,0.3297742525930445
21075,84043,50,50-54,F,7148,8127,15275,979,0.1369613878007834
6681,53204,47,45-49,M,6911,8364,15275,1453,0.210244537693532
20704,48103,64,60-64,M,6744,8531,15275,1787,0.2649762752075919
22096,55902,52,50-54,F,7215,8064,15279,849,0.1176715176715176
22906,60525,57,55-59,F,7457,7823,15280,366,0.0490814000268204
12508,20164,52,50-54,M,7183,8097,15280,914,0.1272448837533064
24774,02118,31,Under 35,M,6868,8412,15280,1544,0.2248107163657542
22558,46208,67,65-69,F,7276,8005,15281,729,0.1001924134139637
28508,01038,58,55-59,M,6963,8318,15281,1355,0.1946000287232514
23322,77479,71,70-74,M,7642,7640,15282,-2,-0.0002617115938236
19280,02140,41,40-44,F,6856,8426,15282,1570,0.2289964994165694
25260,03886,34,Under 35,F,7413,7870,15283,457,0.0616484554161608
19069,48197,43,40-44,F,6867,8417,15284,1550,0.2257171981942624
22501,01833,65,65-69,F,7188,8096,15284,908,0.1263216471897607
21747,93021,54,50-54,F,7263,8021,15284,758,0.1043645876359631
26909,97701,44,40-44,M,6449,8837,15286,2388,0.3702899674368119
16056,17110,30,Under 35,F,6546,8742,15288,2196,0.3354720439963336
9844,30097,58,55-59,M,7207,8082,15289,875,0.1214097405300402
15354,94063,34,Under 35,F,6220,9070,15290,2850,0.4581993569131832
20134,77379,63,60-64,M,6875,8415,15290,1540,0.224
25163,10023,36,35-39,M,7025,8266,15291,1241,0.1766548042704626
27840,10075,26,Under 35,F,7062,8229,15291,1167,0.165250637213254
21324,92804,62,60-64,M,6747,8545,15292,1798,0.266488809841411
15903,89511,59,55-59,F,7268,8024,15292,756,0.1040176114474408
14096,01970,56,55-59,M,6941,8354,15295,1413,0.2035729721942083
28737,11740,35,35-39,F,6987,8308,15295,1321,0.1890654071847717
29002,01863,29,Under 35,M,6996,8300,15296,1304,0.1863922241280732
2615,90717,39,35-39,M,6183,9113,15296,2930,0.4738799935306486
17764,43016,46,45-49,F,6991,8306,15297,1315,0.1880989844085252
23340,06840,64,60-64,F,7327,7970,15297,643,0.0877576088440016
24456,02916,43,40-44,M,6874,8423,15297,1549,0.2253418679080593
19763,06410,64,60-64,M,6881,8417,15298,1536,0.2232233686964104
12907,92841,58,55-59,M,6137,9161,15298,3024,0.4927489001140622
24000,02446,23,Under 35,F,7326,7974,15300,648,0.0884520884520884
21432,01887,47,45-49,F,6793,8507,15300,1714,0.2523185632268511
22967,30506,66,65-69,M,6516,8785,15301,2269,0.348219766728054
29345,02125,32,Under 35,M,6720,8581,15301,1861,0.2769345238095238
17329,54701,37,35-39,F,7356,7946,15302,590,0.0802066340402392
29418,02135,26,Under 35,F,7414,7890,15304,476,0.0642028594550849
23780,02128,59,55-59,F,7185,8120,15305,935,0.1301322199025748
21688,34787,55,55-59,F,7224,8081,15305,857,0.1186323366555924
21600,83713,50,50-54,F,7194,8111,15305,917,0.1274673338893522
23208,97202,71,70-74,M,7387,7919,15306,532,0.0720184107215378
24173,02482,46,45-49,M,7150,8156,15306,1006,0.1406993006993007
14385,03820,34,Under 35,F,7225,8081,15306,856,0.118477508650519
19556,07652,64,60-64,M,6615,8692,15307,2077,0.3139833711262282
19511,32765,48,45-49,F,7096,8212,15308,1116,0.157271702367531
21795,48152,50,50-54,F,7246,8062,15308,816,0.1126138559205078
25281,02130,33,Under 35,F,7033,8275,15308,1242,0.1765960472060287
22239,32708,57,55-59,F,7096,8212,15308,1116,0.157271702367531
21788,92833,67,65-69,M,7140,8170,15310,1030,0.1442577030812324
16428,80015,28,Under 35,F,6370,8940,15310,2570,0.4034536891679748
19613,28277,60,60-64,M,6629,8682,15311,2053,0.3096998038919897
21744,98020,55,55-59,F,6873,8439,15312,1566,0.2278481012658227
19018,55359,44,40-44,F,6994,8318,15312,1324,0.1893051186731484
18641,16803,60,60-64,M,6671,8643,15314,1972,0.2956078548943187
21214,07719,52,50-54,F,7163,8151,15314,988,0.1379310344827586
25583,01940,57,55-59,M,7021,8293,15314,1272,0.1811707733941034
23321,27606,64,60-64,F,7493,7822,15315,329,0.0439076471373281
28974,10034,43,40-44,M,6798,8517,15315,1719,0.2528684907325684
15807,30308,60,60-64,M,6741,8580,15321,1839,0.2728081886960392
22068,96913,58,55-59,F,7180,8141,15321,961,0.1338440111420613
9084,11967,48,45-49,M,5888,9433,15321,3545,0.6020720108695652
23395,32968,63,60-64,F,7253,8070,15323,817,0.1126430442575486
23147,17022,57,55-59,F,7126,8198,15324,1072,0.1504350266629245
20824,23055,57,55-59,F,7237,8088,15325,851,0.1175901616691999
17606,22204,58,55-59,M,6850,8475,15325,1625,0.2372262773722627
20466,13027,65,65-69,M,6570,8759,15329,2189,0.3331811263318112
26863,23356,43,40-44,M,6866,8463,15329,1597,0.2325953976114186
30323,33134,50,50-54,M,7071,8259,15330,1188,0.1680101824352991
29983,11209,52,50-54,M,7100,8231,15331,1131,0.1592957746478873
21028,91755,48,45-49,F,7441,7890,15331,449,0.0603413519688213
23009,97219,65,65-69,M,7160,8171,15331,1011,0.1412011173184357
28165,80206,31,Under 35,F,7298,8033,15331,735,0.1007125239791723
22502,19711,58,55-59,F,7135,8197,15332,1062,0.148843728100911
29483,02494,51,50-54,M,6911,8421,15332,1510,0.2184922587179858
17702,44107,38,35-39,F,6631,8701,15332,2070,0.312170110088976
21020,01060,54,50-54,F,6918,8415,15333,1497,0.2163920208152645
7968,77004,53,50-54,F,6904,8429,15333,1525,0.2208864426419467
13530,49267,51,50-54,M,6718,8616,15334,1898,0.2825245608812146
8163,02905,40,40-44,M,6876,8459,15335,1583,0.2302210587550901
24246,46544,27,Under 35,F,7313,8023,15336,710,0.0970873786407767
10528,19426,60,60-64,M,6743,8593,15336,1850,0.2743585940975827
24717,10006,42,40-44,M,7084,8253,15337,1169,0.1650197628458498
15727,48307,53,50-54,M,6639,8698,15337,2059,0.310137068835668
22337,90272,66,65-69,M,7131,8207,15338,1076,0.1508904781938017
28568,02122,31,Under 35,M,7112,8227,15339,1115,0.1567772778402699
22517,91748,57,55-59,F,7086,8254,15340,1168,0.1648320632232571
28773,02136,37,35-39,M,7178,8162,15340,984,0.1370855391473948
15915,54963,71,70-74,M,7272,8070,15342,798,0.1097359735973597
23246,22033,61,60-64,F,7251,8091,15342,840,0.1158460901944559
29849,02790,52,50-54,F,7274,8069,15343,795,0.1092933736596095
15858,22207,63,60-64,F,6955,8389,15344,1434,0.2061826024442846
24873,02116,24,Under 35,F,7321,8025,15346,704,0.0961617265400901
21483,77328,46,45-49,F,7157,8190,15347,1033,0.1443342182478692
14227,11040,55,55-59,M,7101,8246,15347,1145,0.1612448950851992
7994,77024,63,60-64,M,6932,8416,15348,1484,0.2140796306982112
28632,01867,53,50-54,M,6661,8687,15348,2026,0.3041585347545413
10978,14610,24,Under 35,F,6390,8958,15348,2568,0.4018779342723004
23242,34685,58,55-59,F,7180,8169,15349,989,0.1377437325905292
19391,01890,42,40-44,F,6564,8785,15349,2221,0.3383607556368068
20776,46032,61,60-64,M,6889,8460,15349,1571,0.2280447089563071
24747,10016,25,Under 35,F,7243,8107,15350,864,0.1192875880160154
16940,92833,57,55-59,F,7119,8231,15350,1112,0.1562017137238376
21459,60527,63,60-64,M,6772,8578,15350,1806,0.2666863555818074
7966,77007,36,35-39,F,6535,8815,15350,2280,0.3488905891354246
20812,45248,61,60-64,M,6496,8855,15351,2359,0.3631465517241379
18487,91362,44,40-44,F,6843,8509,15352,1666,0.2434604705538506
17070,90036,28,Under 35,F,6991,8361,15352,1370,0.1959662423115434
21845,95032,52,50-54,F,7100,8252,15352,1152,0.1622535211267605
21294,48060,45,45-49,F,7107,8245,15352,1138,0.1601238215843534
20721,48079,50,50-54,F,7108,8244,15352,1136,0.1598199212155318
25593,22201,30,Under 35,M,7016,8337,15353,1321,0.1882839224629418
19459,43040,41,40-44,F,7055,8298,15353,1243,0.1761871013465627
28298,02917,56,55-59,M,7043,8312,15355,1269,0.1801789010364901
29940,02122,41,40-44,F,7212,8146,15358,934,0.1295063782584581
15590,78701,40,40-44,M,6931,8427,15358,1496,0.215841869860049
7823,34145,58,55-59,F,6435,8924,15359,2489,0.3867909867909868
22764,34145,55,55-59,F,6434,8925,15359,2491,0.387161952129313
21351,01776,48,45-49,F,6917,8443,15360,1526,0.2206158739337863
23086,50607,55,55-59,F,6794,8568,15362,1774,0.2611127465410656
16666,48302,46,45-49,F,7266,8096,15362,830,0.1142306633636113
22351,11693,68,65-69,M,7487,7875,15362,388,0.05182316014425
25605,02134,29,Under 35,F,6900,8462,15362,1562,0.2263768115942029
22143,08005,50,50-54,F,7487,7875,15362,388,0.05182316014425
22942,11421,59,55-59,F,7488,7874,15362,386,0.0515491452991452
22626,21157,56,55-59,F,7207,8155,15362,948,0.131538781739975
30498,01550,32,Under 35,M,7451,7911,15362,460,0.0617366796403167
16609,91702,36,35-39,F,6718,8645,15363,1927,0.2868413218219708
23323,14609,60,60-64,F,7337,8026,15363,689,0.0939075916587161
22194,01876,53,50-54,F,7323,8041,15364,718,0.0980472483954663
24652,02127,26,Under 35,F,7115,8250,15365,1135,0.1595221363316936
19413,43551,42,40-44,F,6894,8471,15365,1577,0.2287496373658253
22056,76126,54,50-54,F,7056,8309,15365,1253,0.1775793650793651
24738,33140,47,45-49,F,7119,8248,15367,1129,0.1585896895631409
17550,13159,31,Under 35,F,7234,8134,15368,900,0.1244124965440973
23101,95630,55,55-59,F,7345,8023,15368,678,0.0923076923076923
17781,60022,60,60-64,M,6701,8668,15369,1967,0.2935382778689748
26701,60025,22,Under 35,M,6958,8412,15370,1454,0.2089680942799655
24982,03031,50,50-54,M,7242,8128,15370,886,0.1223418945042805
14630,19038,42,40-44,F,6553,8818,15371,2265,0.3456432168472455
24944,02141,27,Under 35,F,7289,8082,15371,793,0.1087940732610783
26744,02118,27,Under 35,M,6930,8442,15372,1512,0.2181818181818181
26931,75025,45,45-49,M,7385,7987,15372,602,0.0815165876777251
19417,84097,44,40-44,F,7318,8056,15374,738,0.1008472260180377
16084,45040,33,Under 35,F,6641,8734,15375,2093,0.3151633790091853
7105,11530,36,35-39,M,7115,8261,15376,1146,0.1610681658468025
9623,02370,48,45-49,M,5670,9707,15377,4037,0.7119929453262787
19714,43081,49,45-49,F,6855,8522,15377,1667,0.2431801604668125
20291,03060,50,50-54,F,7118,8259,15377,1141,0.1602978364709188
19810,80004,53,50-54,F,7190,8189,15379,999,0.13894297635605
21718,84651,67,65-69,M,6747,8632,15379,1885,0.279383429672447
16276,01945,64,60-64,F,7132,8247,15379,1115,0.1563376332024677
23244,03909,60,60-64,F,7460,7921,15381,461,0.0617962466487935
20193,14222,46,45-49,F,6751,8632,15383,1881,0.2786253888312842
25694,02186,21,Under 35,F,7137,8247,15384,1110,0.1555275325767129
1590,97209,26,Under 35,M,6299,9085,15384,2786,0.4422924273694237
17496,98632,57,55-59,M,6299,9086,15385,2787,0.442451182727417
28625,06365,24,Under 35,M,5941,9444,15385,3503,0.589631375189362
23348,32168,64,60-64,F,7234,8151,15385,917,0.126762510367708
29264,02459,20,Under 35,F,7543,7845,15388,302,0.0400371205090812
6931,93263,35,35-39,M,6111,9277,15388,3166,0.5180821469481264
12988,77030,56,55-59,M,5634,9754,15388,4120,0.7312744053958111
27530,10021,30,Under 35,F,7003,8386,15389,1383,0.1974867913751249
25117,02125,26,Under 35,F,7130,8260,15390,1130,0.1584852734922861
27636,01721,49,45-49,F,6918,8473,15391,1555,0.224775946805435
24103,02144,29,Under 35,F,7136,8255,15391,1119,0.1568105381165919
26504,02143,30,Under 35,F,7436,7955,15391,519,0.0697955890263582
22868,60189,69,65-69,F,7596,7797,15393,201,0.0264612954186413
18828,68136,44,40-44,F,6913,8482,15395,1569,0.2269636915955446
30585,94024,48,45-49,M,6685,8710,15395,2025,0.3029169783096485
30471,92119,35,35-39,F,7193,8202,15395,1009,0.1402752676212985
17774,48170,59,55-59,M,6878,8517,15395,1639,0.2382960162838034
24193,02874,26,Under 35,F,7214,8182,15396,968,0.1341835320210701
21449,43606,49,45-49,F,7487,7910,15397,423,0.0564979297448911
22987,07076,65,65-69,M,7346,8052,15398,706,0.0961067247481622
24730,02109,24,Under 35,F,7114,8284,15398,1170,0.1644644363227438
29088,92054,30,Under 35,F,7173,8225,15398,1052,0.1466610901993587
15740,73034,71,70-74,M,7420,7980,15400,560,0.0754716981132075
20944,08873,60,60-64,M,6853,8549,15402,1696,0.2474828542244272
26641,77069,38,35-39,M,7106,8297,15403,1191,0.167604840979454
24319,54650,31,Under 35,F,7100,8304,15404,1204,0.1695774647887324
27281,02155,42,40-44,M,6790,8614,15404,1824,0.2686303387334315
22204,41042,56,55-59,F,7126,8279,15405,1153,0.1618018523715969
15073,90045,28,Under 35,F,6554,8852,15406,2298,0.3506255721696674
21457,15143,47,45-49,F,7138,8268,15406,1130,0.1583076492014569
15420,93311,47,45-49,F,7561,7848,15409,287,0.0379579420711546
25655,02129,25,Under 35,F,6977,8432,15409,1455,0.2085423534470402
21534,01230,61,60-64,M,6546,8863,15409,2317,0.3539566147265505
21893,73801,51,50-54,F,6973,8437,15410,1464,0.2099526746020364
18768,91604,44,40-44,F,7444,7966,15410,522,0.0701235894680279
23562,82717,60,60-64,F,7627,7784,15411,157,0.0205847646518945
26650,02134,52,50-54,M,7043,8370,15413,1327,0.18841402811302
17443,30033,58,55-59,M,6928,8487,15415,1559,0.2250288683602771
24833,02186,34,Under 35,F,7536,7879,15415,343,0.0455148619957537
7980,60491,61,60-64,F,6820,8595,15415,1775,0.2602639296187683
25152,33446,22,Under 35,F,7294,8122,15416,828,0.1135179599670962
20241,60068,53,50-54,F,6704,8713,15417,2009,0.2996718377088305
20804,48367,61,60-64,M,6816,8602,15418,1786,0.2620305164319249
22612,14580,55,55-59,F,6628,8790,15418,2162,0.3261919130959565
23442,95973,62,60-64,F,7383,8036,15419,653,0.0884464309901124
22252,91364,53,50-54,F,7394,8027,15421,633,0.0856099540167703
13691,32210,52,50-54,M,6882,8540,15422,1658,0.2409183376925312
22747,78231,69,65-69,M,7302,8120,15422,818,0.1120241029854834
21322,78746,61,60-64,M,6820,8603,15423,1783,0.2614369501466275
24809,02043,30,Under 35,F,7113,8312,15425,1199,0.1685646000281175
11114,19406,31,Under 35,F,7015,8410,15425,1395,0.1988595866001425
20801,30002,51,50-54,F,7064,8362,15426,1298,0.1837485843714609
25885,02210,35,35-39,M,7205,8221,15426,1016,0.1410131852879944
23025,24201,56,55-59,F,7631,7795,15426,164,0.0214912855458
27571,02111,44,40-44,M,7566,7861,15427,295,0.0389902194025905
27834,02139,25,Under 35,F,7638,7790,15428,152,0.0199004975124378
21477,28803,61,60-64,M,7179,8249,15428,1070,0.1490458281097645
28521,02176,32,Under 35,M,6724,8705,15429,1981,0.2946162998215348
22179,94024,50,50-54,F,7318,8111,15429,793,0.1083629406941787
14494,78257,42,40-44,F,6785,8646,15431,1861,0.2742815033161385
17926,78258,45,45-49,F,6785,8646,15431,1861,0.2742815033161385
25983,02141,41,40-44,M,6775,8656,15431,1881,0.2776383763837638
26749,33130,26,Under 35,M,6892,8540,15432,1648,0.2391178177597214
15862,68505,65,65-69,M,7233,8200,15433,967,0.133692796903083
22170,98053,52,50-54,F,7122,8312,15434,1190,0.167087896658242
20055,11218,45,45-49,F,6628,8806,15434,2178,0.3286059143029571
19177,08108,60,60-64,M,6626,8808,15434,2182,0.329308783579837
22381,58504,69,65-69,M,7030,8404,15434,1374,0.1954480796586059
23006,59901,68,65-69,M,7111,8324,15435,1213,0.1705807903248488
22679,60625,62,60-64,F,6720,8717,15437,1997,0.297172619047619
7975,32789,62,60-64,M,6707,8730,15437,2023,0.301625167735202
30179,02163,26,Under 35,F,7336,8102,15438,766,0.1044165757906216
28614,14886,54,50-54,M,6924,8516,15440,1592,0.2299248989023685
25964,02482,30,Under 35,F,7193,8248,15441,1055,0.1466703739746976
27793,60655,53,50-54,M,7525,7916,15441,391,0.0519601328903654
20839,90065,52,50-54,F,7417,8024,15441,607,0.0818390184710799
25420,02127,27,Under 35,F,7461,7981,15442,520,0.0696957512397802
22972,49042,63,60-64,F,7238,8204,15442,966,0.1334622823984526
22500,63301,67,65-69,M,7095,8348,15443,1253,0.1766032417195208
27576,02169,36,35-39,M,7147,8298,15445,1151,0.1610465929760738
20537,37027,61,60-64,M,6859,8586,15445,1727,0.2517859746318705
22770,80906,59,55-59,F,7190,8256,15446,1066,0.1482614742698192
21818,55068,66,65-69,M,6964,8483,15447,1519,0.2181217690982194
15624,38117,39,35-39,F,7680,7769,15449,89,0.0115885416666666
27076,10580,40,40-44,M,7106,8343,15449,1237,0.1740782437376864
22742,96815,68,65-69,M,7391,8059,15450,668,0.0903801921255581
21108,03110,50,50-54,F,6851,8600,15451,1749,0.2552911983652021
22937,27705,68,65-69,M,7148,8303,15451,1155,0.1615836597649692
17223,80939,38,35-39,F,7265,8188,15453,923,0.1270474879559532
21877,53531,70,70-74,M,7328,8125,15453,797,0.1087609170305676
15708,01106,67,65-69,M,6704,8750,15454,2046,0.3051909307875895
22058,15237,58,55-59,F,6876,8580,15456,1704,0.2478184991273996
10076,66206,46,45-49,M,5596,9860,15456,4264,0.7619728377412437
14559,06037,58,55-59,M,6832,8625,15457,1793,0.2624414519906323
22019,76065,53,50-54,F,6797,8660,15457,1863,0.274091510960718
23414,28443,64,60-64,F,7364,8093,15457,729,0.0989951113525258
14770,12449,61,60-64,F,6749,8709,15458,1960,0.2904133945769743
18026,02632,56,55-59,M,7049,8409,15458,1360,0.1929351681089516
16028,85750,33,Under 35,F,7367,8091,15458,724,0.0982760961042486
22918,35242,59,55-59,F,7229,8230,15459,1001,0.1384700511827362
19746,08054,47,45-49,F,6870,8589,15459,1719,0.2502183406113537
25616,01890,20,Under 35,M,7160,8303,15463,1143,0.1596368715083798
27220,37040,38,35-39,M,6422,9041,15463,2619,0.4078168794767985
25013,01778,42,40-44,F,6661,8802,15463,2141,0.321423209728269
12623,02144,25,Under 35,F,6090,9375,15465,3285,0.5394088669950738
16369,84041,55,55-59,M,6748,8718,15466,1970,0.2919383521043272
25789,02139,43,40-44,M,7182,8285,15467,1103,0.1535783904204956
28555,10028,48,45-49,F,7579,7888,15467,309,0.0407705502045124
20414,80126,54,50-54,F,6679,8790,15469,2111,0.3160652792334181
15009,90004,35,35-39,F,6387,9082,15469,2695,0.4219508376389541
9491,94597,32,Under 35,F,6121,9349,15470,3228,0.5273648096716222
21758,95864,53,50-54,F,7011,8461,15472,1450,0.2068178576522607
18278,01775,68,65-69,M,6921,8552,15473,1631,0.2356595867649183
30411,01543,54,50-54,M,7201,8273,15474,1072,0.1488682127482294
24235,10011,28,Under 35,M,7153,8322,15475,1169,0.1634279323360827
20030,03857,54,50-54,F,7410,8065,15475,655,0.0883940620782726
22578,20871,56,55-59,F,7970,7505,15475,-465,-0.0583437892095357
24928,01887,40,40-44,M,6386,9090,15476,2704,0.4234262449107422
14178,56723,55,55-59,M,6715,8763,15478,2048,0.3049888309754281
25870,01742,37,35-39,F,7441,8038,15479,597,0.0802311517269184
27629,49028,39,35-39,M,7094,8385,15479,1291,0.1819847758669298
18655,02760,43,40-44,F,7065,8416,15481,1351,0.1912243453644727
22087,95746,50,50-54,F,7041,8441,15482,1400,0.1988353926999005
30016,06426,23,Under 35,M,7162,8320,15482,1158,0.1616866796984082
22295,68854,62,60-64,F,6842,8641,15483,1799,0.2629348143817597
25354,27607,29,Under 35,M,6997,8486,15483,1489,0.2128054880663141
21499,19034,59,55-59,F,6667,8819,15486,2152,0.3227838608069596
21087,10543,47,45-49,F,7111,8377,15488,1266,0.1780340317817466
11221,91343,53,50-54,M,6514,8974,15488,2460,0.3776481424623887
29444,02466,45,45-49,F,7276,8212,15488,936,0.1286421110500274
21156,93291,60,60-64,M,6914,8574,15488,1660,0.2400925658085045
15735,80487,66,65-69,F,7566,7925,15491,359,0.0474491144594237
30225,02186,23,Under 35,M,6400,9091,15491,2691,0.42046875
19048,53562,63,60-64,M,6877,8616,15493,1739,0.2528718918132907
22740,07090,62,60-64,F,7389,8104,15493,715,0.0967654621735011
18629,44217,40,40-44,F,6976,8519,15495,1543,0.2211869266055046
20195,47203,48,45-49,F,7250,8245,15495,995,0.1372413793103448
25202,02210,31,Under 35,F,6986,8511,15497,1525,0.2182937303177784
26406,02127,24,Under 35,F,7440,8057,15497,617,0.0829301075268817
13034,91326,50,50-54,M,6752,8745,15497,1993,0.2951718009478673
7697,03060,26,Under 35,M,6702,8796,15498,2094,0.3124440465532677
7244,29492,43,40-44,M,6711,8787,15498,2076,0.3093428699150648
18563,12159,45,45-49,F,7019,8481,15500,1462,0.2082917794557629
4262,12159,41,40-44,M,7019,8481,15500,1462,0.2082917794557629
24995,01778,43,40-44,M,6818,8683,15501,1865,0.2735406277500733
16956,91107,55,55-59,M,6490,9011,15501,2521,0.3884437596302003
20450,80237,54,50-54,F,7193,8309,15502,1116,0.1551508410955095
20463,53095,61,60-64,M,6996,8507,15503,1511,0.2159805603201829
23462,01876,63,60-64,F,7448,8055,15503,607,0.0814983888292159
27337,55347,45,45-49,F,7201,8305,15506,1104,0.1533120399944452
11472,60175,49,45-49,M,6277,9229,15506,2952,0.4702883543093835
24989,03053,38,35-39,M,7238,8270,15508,1032,0.1425808234318872
28662,02122,48,45-49,M,7298,8210,15508,912,0.1249657440394628
28437,02466,40,40-44,M,7088,8420,15508,1332,0.1879232505643341
19284,75225,64,60-64,F,6927,8581,15508,1654,0.2387758048217121
25543,02116,24,Under 35,F,7211,8297,15508,1086,0.1506032450422965
20857,95014,55,55-59,F,7054,8455,15509,1401,0.1986107173235043
23253,92833,71,70-74,M,7483,8026,15509,543,0.0725644794868368
22638,07024,64,60-64,F,7020,8490,15510,1470,0.2094017094017094
13049,07024,60,60-64,M,6548,8962,15510,2414,0.368662186927306
26674,03826,23,Under 35,M,7256,8256,15512,1000,0.1378169790518192
24145,02108,30,Under 35,F,7448,8065,15513,617,0.0828410311493018
25688,02127,27,Under 35,M,6946,8568,15514,1622,0.2335156924848833
19916,78641,46,45-49,F,6901,8614,15515,1713,0.2482248949427619
23171,48236,66,65-69,F,7430,8085,15515,655,0.0881561238223418
14964,43614,55,55-59,M,6952,8563,15515,1611,0.2317318757192175
18901,98844,49,45-49,F,6980,8536,15516,1556,0.2229226361031518
25090,01106,36,35-39,F,7040,8476,15516,1436,0.2039772727272727
12927,60515,50,50-54,M,6846,8670,15516,1824,0.2664329535495179
19050,60614,40,40-44,F,6987,8529,15516,1542,0.2206955775010734
11381,19958,54,50-54,M,5778,9739,15517,3961,0.6855313257182416
22539,60616,55,55-59,F,7176,8343,15519,1167,0.1626254180602006
25592,07733,30,Under 35,F,7447,8073,15520,626,0.0840606955821136
17164,60025,51,50-54,F,6866,8654,15520,1788,0.2604136323914943
19096,43202,50,50-54,F,7222,8298,15520,1076,0.1489891996676821
20984,77018,47,45-49,F,7039,8483,15522,1444,0.2051427759624946
26187,28277,36,35-39,M,7084,8438,15522,1354,0.1911349520045172
20963,23452,60,60-64,M,6795,8727,15522,1932,0.284326710816777
20550,55417,64,60-64,M,7047,8476,15523,1429,0.2027813253866893
23214,60012,68,65-69,F,7135,8389,15524,1254,0.1757533286615276
17780,90245,59,55-59,M,6830,8695,15525,1865,0.2730600292825769
20212,80302,59,55-59,F,7214,8312,15526,1098,0.1522040476850568
19209,17545,68,65-69,M,6828,8698,15526,1870,0.2738722905682484
26226,03079,40,40-44,M,6996,8530,15526,1534,0.2192681532304173
18947,13037,40,40-44,F,7549,7977,15526,428,0.0566962511590939
20864,17602,61,60-64,M,6829,8698,15527,1869,0.2736857519402548
23469,02673,61,60-64,F,7369,8160,15529,791,0.1073415660198127
17404,75149,57,55-59,M,6284,9245,15529,2961,0.4711966900063654
22403,05602,67,65-69,M,6983,8547,15530,1564,0.2239725046541601
26463,02152,46,45-49,M,6414,9116,15530,2702,0.4212659806672903
26474,97306,19,Under 35,M,6483,9047,15530,2564,0.3954959123862409
28308,02145,29,Under 35,F,7285,8248,15533,963,0.1321894303363074
22015,77082,52,50-54,F,6888,8645,15533,1757,0.2550813008130081
26208,03885,25,Under 35,M,7732,7803,15535,71,0.0091826176927056
18452,54130,43,40-44,F,7130,8405,15535,1275,0.1788218793828892
19882,94116,62,60-64,M,7173,8363,15536,1190,0.1658999024118221
15831,37069,45,45-49,F,7164,8372,15536,1208,0.1686208821887213
23454,91105,61,60-64,F,7038,8498,15536,1460,0.2074452969593634
21216,38120,46,45-49,F,6873,8664,15537,1791,0.2605848974247053
18334,98382,60,60-64,M,7005,8534,15539,1529,0.2182726623840114
20597,18902,66,65-69,M,7306,8233,15539,927,0.1268820147823706
21288,29063,48,45-49,F,7309,8230,15539,921,0.1260090299630592
17934,28739,62,60-64,M,6720,8822,15542,2102,0.312797619047619
20371,56273,63,60-64,M,7205,8337,15542,1132,0.1571131158917418
17624,77494,58,55-59,M,6853,8689,15542,1836,0.2679118634174814
25761,02143,25,Under 35,M,7009,8533,15542,1524,0.2174347267798544
18075,21037,55,55-59,M,6853,8689,15542,1836,0.2679118634174814
14331,98004,39,35-39,F,6442,9103,15545,2661,0.4130704750077615
18535,22102,58,55-59,M,6189,9356,15545,3167,0.5117143318791404
16873,55331,60,60-64,M,7037,8509,15546,1472,0.2091800483160437
25219,02127,33,Under 35,F,7026,8520,15546,1494,0.2126387702818104
22876,19130,64,60-64,F,7505,8041,15546,536,0.0714190539640239
24338,02446,25,Under 35,F,7209,8337,15546,1128,0.1564710778193924
23005,94553,66,65-69,M,7059,8488,15547,1429,0.2024366057515229
26101,01701,41,40-44,M,6752,8795,15547,2043,0.3025770142180095
24320,02114,24,Under 35,F,7365,8184,15549,819,0.1112016293279022
24673,02379,25,Under 35,F,7462,8087,15549,625,0.0837577057089252
24413,02127,26,Under 35,F,7247,8303,15550,1056,0.1457154684697116
23468,12184,70,70-74,M,7626,7924,15550,298,0.039076842381327
28952,02718,39,35-39,M,7135,8416,15551,1281,0.1795374912403644
29137,02718,38,35-39,F,7135,8417,15552,1282,0.1796776454099509
25442,02186,37,35-39,M,7039,8514,15553,1475,0.2095468106265094
30262,10075,43,40-44,M,6911,8647,15558,1736,0.2511937490956446
29683,02127,40,40-44,M,7076,8482,15558,1406,0.1986998304126625
21268,10461,61,60-64,M,6803,8756,15559,1953,0.2870792297515802
29525,02115,24,Under 35,M,6988,8572,15560,1584,0.2266742987979393
16441,77035,56,55-59,M,7397,8164,15561,767,0.1036906854130052
15733,29631,65,65-69,M,7044,8518,15562,1474,0.2092561044860874
19040,84604,50,50-54,F,7109,8453,15562,1344,0.1890561260374173
27003,19701,34,Under 35,F,7099,8464,15563,1365,0.1922806029018171
30596,63005,43,40-44,M,7747,7817,15564,70,0.0090357557764295
11301,02109,32,Under 35,F,6972,8592,15564,1620,0.2323580034423407
22895,11766,59,55-59,F,6972,8592,15564,1620,0.2323580034423407
19403,13413,46,45-49,F,6867,8697,15564,1830,0.2664919178680646
27588,34119,32,Under 35,F,7862,7703,15565,-159,-0.0202238616128211
23443,87410,62,60-64,F,7362,8203,15565,841,0.1142352621570225
27521,03070,54,50-54,M,6864,8702,15566,1838,0.2677738927738928
27327,03051,21,Under 35,M,6864,8702,15566,1838,0.2677738927738928
26664,30342,35,35-39,M,6453,9113,15566,2660,0.4122113745544707
22884,48104,60,60-64,F,7204,8363,15567,1159,0.1608828428650749
23626,80304,66,65-69,F,7691,7876,15567,185,0.0240540891951631
12026,46055,53,50-54,M,6865,8702,15567,1837,0.2675892206846322
30024,85209,40,40-44,M,6705,8864,15569,2159,0.3219985085756898
27046,92130,64,60-64,M,7393,8177,15570,784,0.1060462599756526
26775,02474,32,Under 35,M,6961,8610,15571,1649,0.2368912512570033
29642,02360,38,35-39,M,7302,8270,15572,968,0.1325664201588605
29532,02122,31,Under 35,M,7091,8484,15575,1393,0.1964461994076999
27989,06410,56,55-59,M,7322,8254,15576,932,0.1272876263316034
23692,99006,65,65-69,F,7511,8066,15577,555,0.0738916256157635
27847,22204,35,35-39,F,7556,8021,15577,465,0.0615404976177871
3142,02563,28,Under 35,M,5043,10535,15578,5492,1.0890343049771962
27700,02382,50,50-54,M,7495,8083,15578,588,0.0784523015343562
24194,02026,49,45-49,F,7355,8224,15579,869,0.1181509177430319
23609,92649,65,65-69,F,7576,8004,15580,428,0.05649419218585
19981,34786,46,45-49,F,7031,8551,15582,1520,0.2161854643720665
24365,02492,35,35-39,M,7229,8353,15582,1124,0.1554848526767187
24127,06092,34,Under 35,F,7250,8332,15582,1082,0.1492413793103448
27031,01570,32,Under 35,F,7197,8386,15583,1189,0.165207725441156
25560,20001,27,Under 35,F,7154,8429,15583,1275,0.1782219737209952
22338,11791,55,55-59,F,7349,8234,15583,885,0.1204245475574908
22421,80207,56,55-59,F,7030,8553,15583,1523,0.2166429587482219
15887,92111,54,50-54,F,7011,8575,15586,1564,0.2230780202538867
30496,02135,25,Under 35,M,7361,8226,15587,865,0.1175112077163429
22023,23456,58,55-59,F,7222,8366,15588,1144,0.1584048739961229
17287,90303,56,55-59,M,6918,8670,15588,1752,0.2532523850823938
21179,10069,60,60-64,M,7154,8435,15589,1281,0.1790606653620352
29914,07446,31,Under 35,F,7840,7750,15590,-90,-0.0114795918367346
19768,80701,63,60-64,M,6894,8696,15590,1802,0.261386713083841
20623,54751,46,45-49,F,7381,8210,15591,829,0.1123154044167457
21816,28443,64,60-64,M,7125,8466,15591,1341,0.1882105263157894
21489,78253,61,60-64,M,6952,8639,15591,1687,0.2426639815880322
20455,30101,48,45-49,F,6952,8639,15591,1687,0.2426639815880322
24198,03909,35,35-39,M,7031,8560,15591,1529,0.2174655098847959
21094,98106,50,50-54,F,7270,8321,15591,1051,0.1445667125171939
21278,29577,65,65-69,M,6794,8798,15592,2004,0.2949661465999411
13256,44281,37,35-39,F,6925,8669,15594,1744,0.251841155234657
27387,03070,31,Under 35,F,7580,8014,15594,434,0.0572559366754617
20279,10607,66,65-69,M,6541,9053,15594,2512,0.3840391377465219
21150,44662,61,60-64,M,6840,8755,15595,1915,0.2799707602339181
25107,02143,29,Under 35,M,7114,8484,15598,1370,0.1925780151813325
24477,02116,24,Under 35,M,7189,8409,15598,1220,0.1697037140075114
29299,02127,26,Under 35,M,6961,8637,15598,1676,0.2407700043097256
7946,32765,40,40-44,F,7254,8346,15600,1092,0.1505376344086021
22522,30519,58,55-59,F,7221,8381,15602,1160,0.1606425702811245
22165,04222,52,50-54,F,6901,8701,15602,1800,0.2608317635125344
27023,28211,54,50-54,M,7307,8296,15603,989,0.1353496647050773
24085,02045,49,45-49,M,7086,8517,15603,1431,0.2019475021168501
25220,02127,27,Under 35,F,7193,8410,15603,1217,0.1691922702627554
19667,64151,48,45-49,F,7294,8309,15603,1015,0.1391554702495201
20144,19438,61,60-64,M,6650,8954,15604,2304,0.3464661654135338
22126,88011,67,65-69,M,7298,8306,15604,1008,0.1381200328857221
23666,84065,67,65-69,F,7554,8050,15604,496,0.0656605771776542
26280,02493,30,Under 35,M,7527,8078,15605,551,0.0732031353793011
21023,60559,63,60-64,M,7125,8483,15608,1358,0.1905964912280701
18684,45233,43,40-44,F,6774,8834,15608,2060,0.3041039267788603
11375,23604,50,50-54,M,6614,8995,15609,2381,0.3599939522225582
16519,08034,55,55-59,M,6782,8827,15609,2045,0.3015334709525213
22086,21210,65,65-69,M,6650,8959,15609,2309,0.347218045112782
22934,03462,56,55-59,F,7359,8252,15611,893,0.1213480092403859
24397,10549,40,40-44,F,7061,8550,15611,1489,0.21087664636737
17707,78662,59,55-59,M,6587,9025,15612,2438,0.3701229694853499
26875,02143,31,Under 35,F,7097,8515,15612,1418,0.199802733549387
23479,91311,71,70-74,M,7489,8127,15616,638,0.0851916143677393
17151,91364,59,55-59,F,7046,8570,15616,1524,0.2162929321600908
20760,34994,50,50-54,F,7280,8338,15618,1058,0.1453296703296703
18061,17406,64,60-64,M,6151,9467,15618,3316,0.5390993334417168
17576,90808,46,45-49,F,7031,8587,15618,1556,0.2213056464229839
25195,55419,41,40-44,M,6669,8950,15619,2281,0.3420302893987104
18887,32024,51,50-54,F,7107,8513,15620,1406,0.1978331222738145
23155,32225,60,60-64,F,7697,7923,15620,226,0.0293620891256333
19151,01719,58,55-59,M,6866,8755,15621,1889,0.2751237984270318
30177,01571,38,35-39,M,7324,8297,15621,973,0.1328509011469142
25139,01970,32,Under 35,M,7275,8347,15622,1072,0.1473539518900343
16259,46032,61,60-64,M,7331,8291,15622,960,0.1309507570590642
21390,70508,57,55-59,F,6636,8988,15624,2352,0.3544303797468354
22477,60540,56,55-59,F,7166,8458,15624,1292,0.1802958414736254
30229,43054,53,50-54,M,7179,8445,15624,1266,0.1763476807354785
25844,11222,32,Under 35,F,6723,8902,15625,2179,0.3241112598542317
21985,37067,65,65-69,M,6878,8747,15625,1869,0.2717359697586508
29179,02467,42,40-44,F,7568,8058,15626,490,0.0647463002114164
23038,22620,67,65-69,M,6722,8905,15627,2183,0.3247545373400773
12267,85050,32,Under 35,F,6993,8635,15628,1642,0.2348062348062348
22956,37064,69,65-69,M,7286,8343,15629,1057,0.1450727422454021
23665,02745,79,75-79,M,7541,8088,15629,547,0.072536798833046
23207,20895,62,60-64,F,7451,8181,15632,730,0.09797342638572
20609,46033,62,60-64,M,6523,9109,15632,2586,0.3964433542848383
15168,22401,44,40-44,F,6987,8645,15632,1658,0.2372978388435666
22896,02331,57,55-59,F,7050,8582,15632,1532,0.2173049645390071
22892,12203,55,55-59,F,7442,8191,15633,749,0.1006449879064767
21888,48116,50,50-54,F,7172,8461,15633,1289,0.1797267150027886
17802,84604,59,55-59,F,7526,8108,15634,582,0.0773319160244485
19807,08540,60,60-64,M,6953,8682,15635,1729,0.2486696390047461
28793,07401,20,Under 35,F,7576,8059,15635,483,0.063753959873284
20629,38017,46,45-49,F,6857,8778,15635,1921,0.2801516698264547
24733,30022,20,Under 35,F,7576,8059,15635,483,0.063753959873284
28379,02303,41,40-44,M,7526,8110,15636,584,0.0775976614403401
20187,49506,45,45-49,F,7628,8011,15639,383,0.0502097535395909
20784,75230,62,60-64,M,7126,8513,15639,1387,0.1946393488633174
24775,02115,21,Under 35,F,7673,7966,15639,293,0.0381858464746513
30099,02130,39,35-39,M,6763,8876,15639,2113,0.312435309773769
29702,32081,38,35-39,M,7540,8099,15639,559,0.0741379310344827
24073,02465,34,Under 35,M,6609,9032,15641,2423,0.3666212740202754
25942,01985,26,Under 35,F,7536,8106,15642,570,0.0756369426751592
24219,10282,38,35-39,M,6838,8805,15643,1967,0.2876572097104417
21016,48105,65,65-69,M,7123,8520,15643,1397,0.1961252281342131
22002,21043,52,50-54,F,7598,8046,15644,448,0.0589628849697288
17362,20816,63,60-64,M,6562,9082,15644,2520,0.3840292593721426
22138,27502,54,50-54,F,7321,8324,15645,1003,0.1370031416473159
22873,95864,58,55-59,F,7356,8289,15645,933,0.1268352365415987
27038,02127,23,Under 35,M,7472,8173,15645,701,0.0938169164882227
15415,92130,49,45-49,F,7139,8506,15645,1367,0.1914834010365597
16993,02127,27,Under 35,F,7472,8174,15646,702,0.0939507494646681
21530,07661,51,50-54,F,7544,8102,15646,558,0.073966065747614
14673,95822,41,40-44,F,6625,9021,15646,2396,0.3616603773584905
19645,30621,45,45-49,F,6739,8908,15647,2169,0.3218578424098531
19651,30677,52,50-54,F,6632,9015,15647,2383,0.3593184559710494
30325,60647,38,35-39,M,6839,8808,15647,1969,0.2879075888287761
21928,02539,50,50-54,F,7291,8356,15647,1065,0.1460704978740913
29353,02032,33,Under 35,M,6752,8896,15648,2144,0.3175355450236967
25055,02703,33,Under 35,F,6877,8772,15649,1895,0.2755562018321942
23002,94131,55,55-59,F,7291,8359,15650,1068,0.1464819640652859
24819,06013,44,40-44,M,7025,8625,15650,1600,0.2277580071174377
23332,75125,62,60-64,F,7199,8454,15653,1255,0.1743297680233365
21783,11217,50,50-54,F,6807,8846,15653,2039,0.2995445864551197
18918,34242,58,55-59,M,7131,8523,15654,1392,0.195204038704249
22077,34232,63,60-64,M,7132,8522,15654,1390,0.1948962422882781
28956,02127,25,Under 35,M,7058,8598,15656,1540,0.2181921224142816
29733,01510,31,Under 35,M,7064,8592,15656,1528,0.2163080407701019
16180,75235,28,Under 35,F,6930,8727,15657,1797,0.2593073593073593
25203,01801,29,Under 35,F,7216,8441,15657,1225,0.1697616407982261
20381,60441,48,45-49,F,7297,8364,15661,1067,0.1462244758119775
22434,01257,61,60-64,F,7285,8377,15662,1092,0.1498970487302676
21127,06423,45,45-49,F,7034,8629,15663,1595,0.2267557577480807
24634,63141,52,50-54,F,7412,8251,15663,839,0.1131948192120885
20345,91377,46,45-49,F,7385,8278,15663,893,0.1209207853757616
27515,02038,55,55-59,M,7273,8391,15664,1118,0.1537192355286676
24894,02474,45,45-49,M,6934,8730,15664,1796,0.2590135563888087
25054,02129,33,Under 35,F,7306,8358,15664,1052,0.1439912400766493
25859,02889,42,40-44,M,7102,8563,15665,1461,0.2057166995212616
21979,10065,56,55-59,F,7065,8600,15665,1535,0.2172682236376504
18963,91360,45,45-49,F,7127,8540,15667,1413,0.1982601375052616
28946,02132,31,Under 35,F,6749,8918,15667,2169,0.3213809453252333
18072,75165,35,35-39,F,7379,8290,15669,911,0.1234584632063965
26787,02130,23,Under 35,F,7598,8072,15670,474,0.0623848381152934
24883,02124,32,Under 35,F,7238,8432,15670,1194,0.1649626968775905
21295,50201,62,60-64,M,6738,8933,15671,2195,0.325764321757198
21670,84092,47,45-49,F,7127,8544,15671,1417,0.1988213834713063
15456,07020,33,Under 35,F,7067,8605,15672,1538,0.2176312438092542
14569,01075,27,Under 35,F,6310,9363,15673,3053,0.4838351822503962
27687,01748,47,45-49,M,7226,8447,15673,1221,0.1689731525048436
20223,20141,60,60-64,M,6506,9168,15674,2662,0.4091607746695358
21557,19104,62,60-64,M,6924,8751,15675,1827,0.2638648180242634
15845,23310,63,60-64,M,7002,8674,15676,1672,0.2387889174521565
26221,11217,29,Under 35,M,7026,8651,15677,1625,0.231283803017364
26261,10589,38,35-39,F,7483,8195,15678,712,0.0951490044099959
20753,92129,60,60-64,M,6849,8830,15679,1981,0.2892393050080303
21167,38826,66,65-69,M,7183,8497,15680,1314,0.182931922595016
10630,91335,35,35-39,F,5815,9866,15681,4051,0.69664660361135
24267,01776,53,50-54,M,7363,8322,15685,959,0.1302458237131604
19876,57702,48,45-49,F,7124,8561,15685,1437,0.2017125210555867
22557,02364,57,55-59,F,7050,8635,15685,1585,0.2248226950354609
20591,95014,63,60-64,M,7064,8623,15687,1559,0.2206964892412231
23132,49058,65,65-69,F,7302,8386,15688,1084,0.1484524787729389
19306,98133,61,60-64,M,6612,9076,15688,2464,0.3726557773744706
17212,02116,26,Under 35,F,6660,9028,15688,2368,0.3555555555555555
24035,02124,32,Under 35,F,7102,8587,15689,1485,0.2090960292875246
22106,02568,60,60-64,F,7108,8581,15689,1473,0.2072312886888013
26405,02155,44,40-44,F,7457,8233,15690,776,0.1040632962317285
24351,02472,29,Under 35,M,7467,8223,15690,756,0.1012454801124949
21472,78005,63,60-64,M,6720,8972,15692,2252,0.3351190476190476
28219,04429,31,Under 35,F,7720,7974,15694,254,0.032901554404145
29812,27514,29,Under 35,M,7720,7974,15694,254,0.032901554404145
25721,21204,22,Under 35,F,7228,8469,15697,1241,0.1716934144991699
12974,01923,42,40-44,F,6348,9349,15697,3001,0.4727473219911783
29710,10458,46,45-49,M,6418,9279,15697,2861,0.4457775007790589
28177,02481,52,50-54,F,7802,7896,15698,94,0.0120481927710843
28072,97210,30,Under 35,F,8063,7638,15701,-425,-0.052709909462979
25800,02021,42,40-44,F,7864,7838,15702,-26,-0.0033062054933875
26927,28203,38,35-39,F,7128,8575,15703,1447,0.2030022446689113
18077,85226,37,35-39,F,7009,8694,15703,1685,0.2404051933228706
26421,01890,32,Under 35,F,7924,7782,15706,-142,-0.0179202423018677
23232,21601,77,75-79,M,7275,8432,15707,1157,0.1590378006872852
22365,02719,60,60-64,F,6728,8980,15708,2252,0.3347205707491082
23636,01606,66,65-69,F,7404,8305,15709,901,0.1216909778498109
5556,20814,37,35-39,M,6302,9408,15710,3106,0.4928594097112028
30408,03047,48,45-49,F,7209,8501,15710,1292,0.1792204189207934
15582,22314,41,40-44,F,7545,8166,15711,621,0.0823061630218687
26319,02115,30,Under 35,M,7253,8458,15711,1205,0.1661381497311457
14639,98908,46,45-49,F,6831,8881,15712,2050,0.3001024740155175
26247,10009,24,Under 35,F,7273,8439,15712,1166,0.1603189880379485
29168,02360,28,Under 35,M,7507,8206,15713,699,0.0931130944451845
22219,12065,53,50-54,F,7408,8305,15713,897,0.121085313174946
29033,02571,33,Under 35,M,7507,8206,15713,699,0.0931130944451845
19954,34685,62,60-64,M,6906,8807,15713,1901,0.2752678830002896
16354,23235,38,35-39,F,6847,8866,15713,2019,0.2948736672995472
7794,10598,53,50-54,M,6964,8749,15713,1785,0.256318207926479
29821,02563,51,50-54,M,7578,8136,15714,558,0.0736342042755344
30433,01821,24,Under 35,M,6812,8902,15714,2090,0.3068115091015854
17196,48082,38,35-39,F,6673,9042,15715,2369,0.3550127378989959
25449,10709,22,Under 35,M,7227,8490,15717,1263,0.1747613117476131
27022,28078,50,50-54,F,7079,8638,15717,1559,0.2202288458821867
29632,15143,38,35-39,M,6907,8810,15717,1903,0.2755175908498624
26097,02124,29,Under 35,M,7496,8221,15717,725,0.096718249733191
24112,01430,61,60-64,M,7512,8205,15717,693,0.0922523961661341
26941,28079,43,40-44,M,6617,9102,15719,2485,0.3755478313435091
22248,48188,58,55-59,F,7087,8633,15720,1546,0.2181459009453929
18693,14895,75,75-79,M,7045,8676,15721,1631,0.2315117104329311
26603,10065,24,Under 35,F,7676,8045,15721,369,0.0480719124544033
25035,02135,21,Under 35,M,7104,8619,15723,1515,0.2132601351351351
15899,33618,74,70-74,M,7537,8189,15726,652,0.0865065675998407
24972,10038,26,Under 35,M,6905,8822,15727,1917,0.2776249094858798
21611,43016,46,45-49,F,6979,8749,15728,1770,0.2536179968476859
20292,30189,52,50-54,F,6761,8967,15728,2206,0.3262830942168318
16831,80923,41,40-44,F,6818,8910,15728,2092,0.3068348489293048
5981,11372,35,35-39,M,7162,8567,15729,1405,0.1961742530019547
26079,10023,31,Under 35,M,7348,8382,15730,1034,0.1407185628742515
20489,04106,47,45-49,F,7106,8624,15730,1518,0.2136222910216718
21754,01810,50,50-54,F,7406,8325,15731,919,0.1240885768295976
23501,76110,62,60-64,F,7679,8053,15732,374,0.0487042583669748
29108,02129,36,35-39,M,7640,8094,15734,454,0.0594240837696335
22367,51503,65,65-69,M,7125,8610,15735,1485,0.2084210526315789
25423,01860,58,55-59,M,7274,8462,15736,1188,0.1633214187517184
27365,01860,25,Under 35,M,7274,8462,15736,1188,0.1633214187517184
28253,90291,25,Under 35,F,7249,8490,15739,1241,0.1711960270382121
22042,02351,48,45-49,F,7105,8634,15739,1529,0.2152005629838142
24890,02130,35,35-39,M,6865,8875,15740,2010,0.29278951201748
24742,10016,24,Under 35,F,7312,8428,15740,1116,0.1526258205689278
19666,49301,45,45-49,F,6862,8881,15743,2019,0.2942290877295249
30665,12603,32,Under 35,M,7050,8693,15743,1643,0.2330496453900709
21603,60657,55,55-59,F,7455,8289,15744,834,0.1118712273641851
28639,02128,43,40-44,M,6959,8786,15745,1827,0.2625377209369162
19237,96818,39,35-39,F,7258,8487,15745,1229,0.169330394047947
25142,35406,35,35-39,M,7036,8709,15745,1673,0.2377771461057419
21469,85381,47,45-49,F,7569,8177,15746,608,0.0803276522658211
2353,78260,37,35-39,M,4938,10809,15747,5871,1.1889428918590523
7725,11372,67,65-69,M,7195,8552,15747,1357,0.1886031966643502
29083,01545,37,35-39,M,7151,8596,15747,1445,0.2020696406097049
21685,29127,51,50-54,F,7479,8269,15748,790,0.1056290947987698
20052,19104,47,45-49,F,7181,8567,15748,1386,0.1930093301768556
24392,02050,56,55-59,M,7142,8608,15750,1466,0.2052646317558107
24051,11377,37,35-39,F,7676,8075,15751,399,0.0519801980198019
15917,96744,60,60-64,F,7342,8410,15752,1068,0.1454644511032416
30426,02119,50,50-54,M,7270,8483,15753,1213,0.1668500687757909
10932,07302,51,50-54,M,5758,9996,15754,4238,0.7360194511983328
25099,02139,24,Under 35,F,7163,8591,15754,1428,0.199357810973056
26188,10014,24,Under 35,F,7099,8655,15754,1556,0.2191858008170164
23377,75098,61,60-64,F,7259,8495,15754,1236,0.1702713872434219
22854,10980,65,65-69,M,6916,8839,15755,1923,0.2780508964719491
25932,02127,23,Under 35,M,6771,8985,15756,2214,0.3269827204253434
18765,95618,46,45-49,F,6978,8779,15757,1801,0.2580968758956721
28477,02061,47,45-49,M,7555,8203,15758,648,0.085771012574454
20651,76712,65,65-69,M,6934,8825,15759,1891,0.2727141620997981
25663,02140,45,45-49,M,6824,8937,15761,2113,0.3096424384525205
23384,37129,62,60-64,F,7327,8435,15762,1108,0.1512215094854647
22177,02838,50,50-54,F,7006,8757,15763,1751,0.249928632600628
23003,08012,57,55-59,F,7161,8602,15763,1441,0.2012288786482335
26137,02127,32,Under 35,M,7063,8701,15764,1638,0.2319127849355798
22778,27513,68,65-69,M,7152,8612,15764,1460,0.2041387024608501
28122,01075,62,60-64,M,7793,7972,15765,179,0.0229693314513024
22291,30269,56,55-59,F,7410,8355,15765,945,0.1275303643724696
11565,95133,49,45-49,M,6715,9051,15766,2336,0.3478778853313477
22619,94566,72,70-74,M,6983,8783,15766,1800,0.2577688672490333
6322,41017,41,40-44,M,5468,10300,15768,4832,0.8836869056327725
28788,02113,55,55-59,F,7131,8638,15769,1507,0.2113308091431776
19302,04105,42,40-44,F,7100,8671,15771,1571,0.2212676056338028
21413,85021,46,45-49,F,7707,8066,15773,359,0.0465810302322563
27506,60654,23,Under 35,F,7391,8382,15773,991,0.1340819916114193
23011,60558,58,55-59,F,7479,8294,15773,815,0.1089717876721486
25268,02093,28,Under 35,F,7252,8522,15774,1270,0.1751241036955322
26881,02127,30,Under 35,F,7464,8310,15774,846,0.1133440514469453
28176,02379,29,Under 35,F,7448,8327,15775,879,0.1180182599355531
26720,03842,24,Under 35,F,7940,7835,15775,-105,-0.0132241813602015
29775,10021,37,35-39,F,7601,8174,15775,573,0.0753848177871332
22562,20854,66,65-69,M,7062,8713,15775,1651,0.2337864627584253
25345,63131,54,50-54,M,7697,8078,15775,381,0.0494998051188774
26119,06371,48,45-49,F,7309,8467,15776,1158,0.1584348064030647
11675,98052,51,50-54,M,6922,8854,15776,1932,0.2791100837908119
26899,93730,37,35-39,M,6125,9652,15777,3527,0.5758367346938775
20850,95032,46,45-49,F,6667,9110,15777,2443,0.3664316784160792
13919,98115,53,50-54,M,6788,8990,15778,2202,0.3243959929286977
22264,50266,53,50-54,F,7060,8719,15779,1659,0.234985835694051
23520,10463,62,60-64,F,7569,8210,15779,641,0.0846875412868278
21953,10025,54,50-54,F,7108,8673,15781,1565,0.2201744513224535
21208,75762,45,45-49,F,7260,8521,15781,1261,0.1736914600550964
29034,02143,46,45-49,M,7545,8237,15782,692,0.091716368455931
24257,02127,34,Under 35,F,7833,7949,15782,116,0.0148091408145027
15634,02114,23,Under 35,F,6837,8946,15783,2109,0.3084686265906099
25930,01720,29,Under 35,M,7084,8701,15785,1617,0.2282608695652173
29552,01562,26,Under 35,M,7136,8650,15786,1514,0.2121636771300448
24037,02554,29,Under 35,F,7462,8324,15786,862,0.1155186277137496
20837,94087,52,50-54,F,7098,8688,15786,1590,0.2240067624683009
20402,27408,65,65-69,M,6798,8989,15787,2191,0.3223006766696087
17790,46038,36,35-39,F,7071,8717,15788,1646,0.2327817847546316
6108,84109,38,35-39,M,6663,9127,15790,2464,0.369803391865526
28595,02056,43,40-44,M,7419,8372,15791,953,0.1284539695376735
17734,77019,55,55-59,M,6552,9240,15792,2688,0.4102564102564102
21626,19446,62,60-64,F,7236,8556,15792,1320,0.1824212271973466
25467,33432,27,Under 35,F,7099,8698,15797,1599,0.2252429919707001
22724,98275,60,60-64,F,6996,8807,15803,1811,0.2588622069754145
19304,84070,43,40-44,F,7273,8530,15803,1257,0.1728310188367936
26583,02118,32,Under 35,F,7132,8671,15803,1539,0.21578799775659
23103,07920,60,60-64,F,7378,8426,15804,1048,0.1420439143399295
25081,01940,31,Under 35,M,7102,8702,15804,1600,0.2252886510842016
27528,01748,34,Under 35,M,6841,8964,15805,2123,0.3103347463821079
23725,03304,56,55-59,F,7138,8668,15806,1530,0.2143457551134771
20484,98004,61,60-64,M,6580,9227,15807,2647,0.4022796352583586
7735,07950,34,Under 35,M,7305,8502,15807,1197,0.1638603696098562
21063,07450,56,55-59,F,7305,8503,15808,1198,0.1639972621492128
22690,30040,62,60-64,F,7175,8633,15808,1458,0.2032055749128919
23507,27012,67,65-69,F,7470,8338,15808,868,0.11619812583668
30392,90232,30,Under 35,F,7681,8129,15810,448,0.058325738836089
27643,02140,59,55-59,M,7716,8094,15810,378,0.0489891135303265
21253,19529,61,60-64,F,7104,8706,15810,1602,0.2255067567567567
21244,19530,51,50-54,F,7104,8707,15811,1603,0.2256475225225225
27814,08857,26,Under 35,F,7602,8210,15812,608,0.0799789529071297
13944,02021,26,Under 35,F,6483,9330,15813,2847,0.4391485423415086
25338,05660,60,60-64,M,7772,8042,15814,270,0.034740092640247
19134,11530,65,65-69,M,6823,8992,15815,2169,0.3178953539498754
25880,03055,22,Under 35,F,7691,8124,15815,433,0.0562995709270576
24718,02141,27,Under 35,F,7602,8214,15816,612,0.0805051302288871
20697,48316,45,45-49,F,7195,8622,15817,1427,0.1983321751216122
15922,13662,60,60-64,F,7471,8346,15817,875,0.1171195288448668
19869,75605,63,60-64,M,6654,9163,15817,2509,0.3770664262097986
25232,02155,27,Under 35,F,7184,8636,15820,1452,0.2021158129175946
22698,01969,56,55-59,F,7305,8516,15821,1211,0.1657768651608487
25161,02128,27,Under 35,M,7321,8500,15821,1179,0.1610435732823384
21343,85298,50,50-54,F,7479,8342,15821,863,0.1153897579890359
29464,01522,39,35-39,M,7302,8520,15822,1218,0.1668036154478225
22005,74008,69,65-69,M,6843,8980,15823,2137,0.312289931316674
28387,01701,37,35-39,M,7234,8589,15823,1355,0.187309925352502
22766,65035,56,55-59,F,7283,8541,15824,1258,0.172731017437869
27595,60521,48,45-49,M,6571,9256,15827,2685,0.408613605235124
24649,01748,34,Under 35,M,6545,9283,15828,2738,0.4183346065699007
28027,11001,28,Under 35,F,7734,8095,15829,361,0.0466770106025342
14024,97227,25,Under 35,F,5705,10126,15831,4421,0.7749342681858019
25873,02035,23,Under 35,M,6916,8916,15832,2000,0.2891844997108155
24736,33704,35,35-39,F,7326,8507,15833,1181,0.1612066612066612
26167,80211,25,Under 35,F,6556,9278,15834,2722,0.4151921903599756
25456,11580,64,60-64,M,7585,8250,15835,665,0.087673038892551
18120,53226,59,55-59,M,6916,8920,15836,2004,0.2897628687102371
17532,33327,39,35-39,F,6762,9074,15836,2312,0.341910677314404
26215,02492,40,40-44,F,7382,8454,15836,1072,0.145218098076402
30554,02118,40,40-44,F,7472,8364,15836,892,0.1193790149892933
29469,78613,50,50-54,M,7056,8781,15837,1725,0.2444727891156462
21952,60181,46,45-49,F,7403,8435,15838,1032,0.1394029447521275
19705,91745,62,60-64,M,7169,8670,15839,1501,0.2093736922862324
22363,44023,57,55-59,F,7067,8773,15840,1706,0.2414037073722937
26576,49770,36,35-39,M,7376,8465,15841,1089,0.1476409978308026
16256,78741,30,Under 35,F,6551,9291,15842,2740,0.4182567546939398
21823,48390,53,50-54,F,6900,8942,15842,2042,0.2959420289855072
21989,48116,53,50-54,F,6900,8942,15842,2042,0.2959420289855072
29373,80222,35,35-39,M,6936,8906,15842,1970,0.2840253748558247
22636,20190,52,50-54,F,7354,8489,15843,1135,0.1543377753603481
22361,27705,69,65-69,F,7366,8478,15844,1112,0.1509638881346728
27677,80521,36,35-39,F,7375,8469,15844,1094,0.1483389830508474
25329,94115,29,Under 35,F,7693,8151,15844,458,0.0595346418822306
26203,22401,52,50-54,M,7258,8588,15846,1330,0.1832460732984293
29163,02127,28,Under 35,M,7710,8136,15846,426,0.0552529182879377
22111,90291,53,50-54,F,7469,8378,15847,909,0.1217030392288124
21682,01876,61,60-64,F,6935,8913,15848,1978,0.2852198990627253
15665,01432,49,45-49,F,7098,8750,15848,1652,0.2327416173570019
29183,07076,27,Under 35,M,7261,8588,15849,1327,0.1827571959785153
26337,01776,50,50-54,M,7501,8348,15849,847,0.1129182775629916
25113,02116,33,Under 35,M,7135,8714,15849,1579,0.2213034337771548
26049,02114,39,35-39,F,7158,8692,15850,1534,0.2143056719754121
20845,92692,48,45-49,F,6457,9394,15851,2937,0.454855195911414
23534,30030,64,60-64,F,7517,8335,15852,818,0.1088200079819076
22692,97520,62,60-64,F,7517,8335,15852,818,0.1088200079819076
20961,77380,54,50-54,F,7118,8734,15852,1616,0.2270300646248946
25322,02116,32,Under 35,F,7406,8446,15852,1040,0.1404266810694031
9188,33635,38,35-39,F,5855,9997,15852,4142,0.7074295473953885
21163,19806,47,45-49,F,7288,8565,15853,1277,0.1752195389681668
29050,01760,41,40-44,M,7326,8527,15853,1201,0.1639366639366639
24383,02114,29,Under 35,F,7940,7914,15854,-26,-0.0032745591939546
28961,02494,18,Under 35,F,7865,7991,15856,126,0.0160203432930705
22606,22206,56,55-59,F,7143,8715,15858,1572,0.2200755984880302
21192,63105,47,45-49,F,7223,8636,15859,1413,0.195625086529143
21420,63119,49,45-49,F,7263,8597,15860,1334,0.1836706595070907
29960,02128,27,Under 35,M,6800,9061,15861,2261,0.3325
25483,07407,29,Under 35,M,8234,7630,15864,-604,-0.0733543842603837
24125,02135,25,Under 35,F,7895,7969,15864,74,0.0093730208993033
29560,01760,24,Under 35,F,7393,8473,15866,1080,0.1460841336399296
23355,02129,63,60-64,F,7204,8662,15866,1458,0.202387562465297
22571,44906,65,65-69,F,6997,8870,15867,1873,0.2676861512076604
15586,20854,55,55-59,M,7345,8522,15867,1177,0.1602450646698434
25577,06117,58,55-59,M,7258,8610,15868,1352,0.1862772113529898
26759,02116,29,Under 35,F,8165,7703,15868,-462,-0.056582976117575
25946,03854,25,Under 35,F,6942,8926,15868,1984,0.285796600403342
22971,77450,57,55-59,F,7169,8700,15869,1531,0.2135583763425861
14746,19406,57,55-59,M,7267,8602,15869,1335,0.1837071693958992
29348,10005,25,Under 35,F,7471,8399,15870,928,0.124213626020613
11513,77381,64,60-64,M,7211,8659,15870,1448,0.2008043267230619
21066,75093,47,45-49,F,7232,8640,15872,1408,0.1946902654867256
24572,02128,32,Under 35,M,7209,8663,15872,1454,0.201692329033153
22024,94306,51,50-54,F,7056,8817,15873,1761,0.2495748299319728
24576,02176,38,35-39,M,7436,8437,15873,1001,0.1346153846153846
30448,03833,30,Under 35,M,7373,8502,15875,1129,0.1531262715312627
24872,94117,27,Under 35,M,7772,8103,15875,331,0.0425887802367472
11615,77007,50,50-54,M,7378,8497,15875,1119,0.1516671184602873
21863,01752,56,55-59,F,6528,9348,15876,2820,0.4319852941176471
7926,81620,65,65-69,M,7279,8597,15876,1318,0.1810688281357329
20858,06098,60,60-64,M,7294,8582,15876,1288,0.1765834932821497
21396,06098,60,60-64,F,7303,8573,15876,1270,0.1739011365192386
15847,77380,57,55-59,F,6979,8898,15877,1919,0.2749677604241295
20162,11210,54,50-54,F,7119,8758,15877,1639,0.230228964742239
22882,91762,55,55-59,F,7441,8436,15877,995,0.1337185862115307
26135,02139,37,35-39,M,6917,8961,15878,2044,0.2955038311406679
30090,02114,31,Under 35,F,7446,8433,15879,987,0.1325543916196615
21069,93003,66,65-69,F,7196,8684,15880,1488,0.206781545302946
24004,08520,40,40-44,M,7064,8816,15880,1752,0.2480181200453001
25591,02130,32,Under 35,F,7379,8502,15881,1123,0.1521886434476216
21730,10471,54,50-54,F,7408,8476,15884,1068,0.1441684665226781
29583,02760,59,55-59,F,7433,8451,15884,1018,0.1369568142069151
26357,01880,25,Under 35,M,7732,8154,15886,422,0.0545783755819968
15146,48348,40,40-44,F,7134,8752,15886,1618,0.2268012335295766
7893,28714,45,45-49,F,6262,9625,15887,3363,0.5370488661769403
21360,85249,53,50-54,F,6819,9069,15888,2250,0.3299604047514298
23248,02632,65,65-69,F,7265,8624,15889,1359,0.1870612525808671
24689,60093,51,50-54,F,7117,8773,15890,1656,0.2326823099620626
24132,01876,36,35-39,M,6764,9126,15890,2362,0.3492016558249556
13885,77008,30,Under 35,F,7395,8496,15891,1101,0.1488843813387424
24282,02632,65,65-69,M,7212,8680,15892,1468,0.2035496394897393
19137,53527,41,40-44,F,7627,8266,15893,639,0.0837813032647174
17045,95355,59,55-59,M,7374,8520,15894,1146,0.1554109031733116
22832,08740,59,55-59,F,7008,8887,15895,1879,0.2681221461187215
24131,02148,31,Under 35,M,7216,8679,15895,1463,0.2027439024390244
30378,02169,28,Under 35,M,7623,8273,15896,650,0.0852682670864489
25795,02145,30,Under 35,M,7104,8792,15896,1688,0.2376126126126126
28542,02122,37,35-39,M,7323,8573,15896,1250,0.1706950703263689
27039,75205,52,50-54,F,7305,8592,15897,1287,0.1761806981519507
23000,20874,56,55-59,F,7214,8684,15898,1470,0.203770446354311
30414,06605,27,Under 35,F,7547,8352,15899,805,0.1066648999602491
20823,45208,64,60-64,M,6916,8985,15901,2069,0.2991613649508386
12246,91106,51,50-54,M,6198,9704,15902,3506,0.5656663439819296
26741,08043,50,50-54,F,7725,8178,15903,453,0.0586407766990291
21643,01803,60,60-64,M,6764,9139,15903,2375,0.351123595505618
20380,01803,60,60-64,M,6781,9122,15903,2341,0.345229317209851
15734,01469,59,55-59,M,7205,8698,15903,1493,0.2072172102706453
22154,01970,50,50-54,F,7154,8749,15903,1595,0.2229521945764607
16638,28460,40,40-44,F,6374,9530,15904,3156,0.4951364919987449
19073,40503,42,40-44,F,6926,8978,15904,2052,0.2962749061507364
29609,11237,42,40-44,M,7803,8103,15906,300,0.0384467512495194
25600,01748,21,Under 35,F,7624,8282,15906,658,0.0863064008394543
23415,08551,65,65-69,F,7490,8416,15906,926,0.1236315086782376
24724,94555,52,50-54,M,7488,8419,15907,931,0.1243322649572649
15877,98922,54,50-54,F,6939,8968,15907,2029,0.2924052457126387
16560,94501,62,60-64,M,7087,8821,15908,1734,0.2446733455622971
26008,02043,20,Under 35,M,7118,8791,15909,1673,0.2350379320033717
24810,20007,22,Under 35,F,7722,8189,15911,467,0.0604765604765604
29984,11435,31,Under 35,M,7836,8076,15912,240,0.0306278713629402
19691,60660,51,50-54,F,7763,8149,15912,386,0.0497230452144789
21154,44272,46,45-49,F,6594,9319,15913,2725,0.4132544737640279
29107,02170,64,60-64,F,7917,7996,15913,79,0.0099785272199065
22704,75201,56,55-59,F,7063,8852,15915,1789,0.2532918023502761
26506,02215,23,Under 35,M,6467,9449,15916,2982,0.4611102520488634
26876,02025,23,Under 35,F,7440,8476,15916,1036,0.139247311827957
15367,99223,34,Under 35,F,7288,8629,15917,1341,0.1840010976948408
24077,01760,43,40-44,M,7317,8600,15917,1283,0.1753450867842012
21317,63383,62,60-64,M,6840,9079,15919,2239,0.3273391812865497
22061,30334,55,55-59,F,7079,8840,15919,1761,0.248763949710411
22189,33525,65,65-69,M,7163,8756,15919,1593,0.2223928521569174
26972,29708,50,50-54,M,6714,9205,15919,2491,0.3710157879058683
24761,01760,37,35-39,M,7101,8820,15921,1719,0.2420785804816223
23705,23505,66,65-69,F,7564,8357,15921,793,0.1048387096774193
15732,29572,48,45-49,M,6724,9197,15921,2473,0.3677870315288519
26527,01913,39,35-39,F,7474,8448,15922,974,0.1303184372491303
22641,16801,65,65-69,M,7112,8810,15922,1698,0.2387514060742407
28224,01748,41,40-44,M,7289,8633,15922,1344,0.1843874331183976
23172,98686,63,60-64,F,7443,8480,15923,1037,0.1393255407765685
25956,02052,25,Under 35,M,7309,8614,15923,1305,0.1785469968531947
21865,94131,62,60-64,M,7317,8608,15925,1291,0.1764384310509771
23056,10309,67,65-69,M,7350,8575,15925,1225,0.1666666666666666
21797,48350,54,50-54,F,7039,8886,15925,1847,0.2623952265946867
21717,95401,51,50-54,F,6983,8944,15927,1961,0.2808248603751969
10554,84062,45,45-49,M,6714,9213,15927,2499,0.372207327971403
25326,02459,29,Under 35,M,7194,8733,15927,1539,0.2139282735613011
7727,02120,48,45-49,M,7918,8009,15927,91,0.0114928012124273
26825,02132,30,Under 35,F,7814,8115,15929,301,0.0385206040440235
25440,22101,57,55-59,F,7480,8449,15929,969,0.1295454545454545
20665,98335,61,60-64,M,6779,9152,15931,2373,0.3500516300339283
22447,02910,57,55-59,F,7247,8685,15932,1438,0.1984269352835656
24993,03031,40,40-44,M,8107,7825,15932,-282,-0.0347847539163685
23555,76904,71,70-74,M,7394,8538,15932,1144,0.1547200432783337
20844,55901,62,60-64,M,7509,8424,15933,915,0.1218537754694366
26297,01760,51,50-54,F,7985,7948,15933,-37,-0.0046336881653099
26811,02127,23,Under 35,F,7507,8427,15934,920,0.1225522845344345
5107,12019,42,40-44,M,5384,10550,15934,5166,0.9595096582466568
11830,60441,45,45-49,M,7242,8693,15935,1451,0.2003590168461751
26481,02762,24,Under 35,F,6732,9204,15936,2472,0.3672014260249554
28618,01772,39,35-39,F,7985,7951,15936,-34,-0.004257983719474
14251,60643,39,35-39,F,7254,8682,15936,1428,0.1968569065343259
26161,01801,46,45-49,M,6989,8947,15936,1958,0.2801545285448562
29032,10473,31,Under 35,F,7378,8558,15936,1180,0.1599349417186229
20409,78732,60,60-64,M,6458,9479,15937,3021,0.4677918860328275
22865,85541,55,55-59,F,7032,8906,15938,1874,0.2664960182025028
25461,32205,55,55-59,M,7040,8900,15940,1860,0.2642045454545454
25144,02118,23,Under 35,M,7249,8691,15940,1442,0.1989239895157953
22668,10128,55,55-59,F,6974,8967,15941,1993,0.2857757384571264
14237,73130,60,60-64,M,7180,8761,15941,1581,0.2201949860724234
27293,02719,61,60-64,M,7605,8337,15942,732,0.0962524654832347
22772,33611,61,60-64,F,7231,8711,15942,1480,0.2046743189047158
23474,48348,65,65-69,F,7494,8448,15942,954,0.1273018414731785
28950,02169,24,Under 35,F,7491,8452,15943,961,0.1282872780670137
18084,08205,56,55-59,M,6847,9096,15943,2249,0.3284650211771578
11540,02492,47,45-49,M,7028,8916,15944,1888,0.2686397268070575
24666,10028,36,35-39,M,6936,9008,15944,2072,0.2987312572087658
29148,03447,72,70-74,M,7347,8597,15944,1250,0.1701374710766299
25706,02116,27,Under 35,M,7180,8765,15945,1585,0.2207520891364902
19352,28173,60,60-64,M,7600,8351,15951,751,0.0988157894736842
25069,02474,58,55-59,M,7148,8803,15951,1655,0.2315332960268606
19693,80908,62,60-64,M,6988,8964,15952,1976,0.2827704636519748
19609,66213,41,40-44,F,7107,8845,15952,1738,0.2445476290980723
14140,54403,56,55-59,M,6399,9554,15953,3155,0.4930457884044382
16856,75025,58,55-59,M,6562,9392,15954,2830,0.4312709539774459
24580,02113,28,Under 35,F,7590,8365,15955,775,0.1021080368906455
27821,04105,41,40-44,F,7726,8229,15955,503,0.0651048407973077
19146,92833,63,60-64,M,7065,8891,15956,1826,0.2584571832979476
25298,02116,26,Under 35,M,7133,8823,15956,1690,0.2369269592037011
27713,20136,39,35-39,M,7279,8678,15957,1399,0.1921967303200989
26844,02129,33,Under 35,F,7805,8153,15958,348,0.0445868033311979
25755,60061,22,Under 35,F,7685,8274,15959,589,0.0766428106701366
16688,07735,60,60-64,M,6877,9082,15959,2205,0.3206339973825796
24746,10019,23,Under 35,F,7677,8284,15961,607,0.079067344014589
29863,10009,39,35-39,F,8093,7868,15961,-225,-0.0278018040281724
23319,16235,72,70-74,M,7362,8599,15961,1237,0.1680249932083672
19044,93465,47,45-49,F,6861,9101,15962,2240,0.3264830199679347
24263,10706,52,50-54,F,7524,8442,15966,918,0.1220095693779904
21633,63134,70,70-74,M,7495,8473,15968,978,0.1304869913275517
22155,94553,52,50-54,F,7262,8707,15969,1445,0.1989809969705315
26071,06825,47,45-49,M,7040,8930,15970,1890,0.2684659090909091
23587,07090,70,70-74,F,7624,8347,15971,723,0.0948321091290661
26245,01923,47,45-49,M,6239,9733,15972,3494,0.5600256451354384
19487,63131,40,40-44,F,6619,9353,15972,2734,0.4130533313189303
23293,28601,60,60-64,F,7688,8285,15973,597,0.0776534859521332
15642,60302,48,45-49,F,7402,8571,15973,1169,0.157930289111051
26874,07901,21,Under 35,F,7145,8828,15973,1683,0.2355493351994401
28465,02118,32,Under 35,M,7600,8375,15975,775,0.1019736842105263
21228,96816,59,55-59,F,6759,9216,15975,2457,0.3635153129161118
20569,49684,49,45-49,F,6804,9171,15975,2367,0.3478835978835979
27500,03909,55,55-59,F,7576,8400,15976,824,0.1087645195353748
25948,63141,37,35-39,M,6983,8994,15977,2011,0.2879851066876701
26011,02127,48,45-49,F,7443,8534,15977,1091,0.1465806798334005
30356,01721,47,45-49,M,7822,8156,15978,334,0.0427000767067246
19988,80301,55,55-59,F,7277,8701,15978,1424,0.1956850350419128
17823,05445,65,65-69,M,6823,9155,15978,2332,0.3417851385021251
18082,84049,38,35-39,F,7583,8396,15979,813,0.1072135038902808
30400,01915,38,35-39,F,7079,8901,15980,1822,0.2573809860149739
7541,08530,50,50-54,M,5545,10436,15981,4891,0.8820559062218215
21225,07869,48,45-49,F,7175,8807,15982,1632,0.2274564459930313
13576,95762,41,40-44,F,6953,9030,15983,2077,0.2987199769883503
27340,02562,30,Under 35,F,7660,8323,15983,663,0.0865535248041775
17659,76044,50,50-54,F,7338,8645,15983,1307,0.1781139275006814
22860,07040,56,55-59,F,7307,8678,15985,1371,0.1876283016285753
12199,90242,56,55-59,M,6431,9554,15985,3123,0.4856165448608303
26968,63011,44,40-44,M,7493,8495,15988,1002,0.133724809822501
15448,02719,37,35-39,F,7183,8805,15988,1622,0.2258109425031323
23014,49061,68,65-69,M,7377,8611,15988,1234,0.1672766707333604
28340,01721,36,35-39,M,7366,8623,15989,1257,0.1706489275047515
21582,92131,60,60-64,M,7354,8637,15991,1283,0.1744628773456622
24684,02122,26,Under 35,M,7311,8680,15991,1369,0.1872520858979619
7734,34756,45,45-49,F,7300,8691,15991,1391,0.1905479452054794
24002,07869,51,50-54,M,7332,8659,15991,1327,0.180987452264048
24349,01970,39,35-39,M,7610,8382,15992,772,0.1014454664914586
28548,04401,37,35-39,M,6472,9521,15993,3049,0.47110630407911
28436,02110,31,Under 35,F,8119,7874,15993,-245,-0.0301761300652789
22590,55124,70,70-74,M,7564,8430,15994,866,0.1144896879957694
22109,47630,54,50-54,F,7143,8851,15994,1708,0.2391152176956461
23584,31721,68,65-69,F,7478,8516,15994,1038,0.1388071676918962
23026,93314,57,55-59,F,7628,8368,15996,740,0.0970110120608285
16186,84005,23,Under 35,F,7087,8910,15997,1823,0.2572315507266826
28718,02127,27,Under 35,M,7309,8689,15998,1380,0.1888083185114242
27532,01721,43,40-44,M,7258,8740,15998,1482,0.2041884816753926
13847,92618,52,50-54,M,7225,8776,16001,1551,0.2146712802768166
20207,92618,48,45-49,F,7225,8777,16002,1552,0.2148096885813148
26718,01915,26,Under 35,F,7844,8159,16003,315,0.0401580826109128
19012,78730,62,60-64,M,6816,9188,16004,2372,0.3480046948356807
28327,02360,46,45-49,M,7477,8528,16005,1051,0.1405643974856225
6214,46032,36,35-39,M,5436,10570,16006,5134,0.9444444444444444
23044,38120,55,55-59,F,7441,8565,16006,1124,0.1510549657304125
25753,03103,20,Under 35,F,7684,8322,16006,638,0.0830296720458094
20800,95037,60,60-64,M,7320,8687,16007,1367,0.1867486338797814
7888,80104,42,40-44,F,7516,8491,16007,975,0.1297232570516232
11377,44646,54,50-54,M,7972,8036,16008,64,0.0080280983442047
21749,44646,52,50-54,F,7972,8036,16008,64,0.0080280983442047
25267,01890,34,Under 35,M,7675,8333,16008,658,0.0857328990228013
23219,20759,64,60-64,F,7532,8476,16008,944,0.1253319171534785
26854,02114,25,Under 35,F,7361,8651,16012,1290,0.1752479282706154
26519,01730,53,50-54,F,7604,8408,16012,804,0.1057338243029984
26520,02130,39,35-39,F,7754,8259,16013,505,0.0651276760381738
29635,02127,27,Under 35,M,7523,8490,16013,967,0.128539146617041
14481,02492,55,55-59,M,6099,9916,16015,3817,0.6258403016888014
25414,02030,24,Under 35,F,7444,8571,16015,1127,0.1513970983342289
26717,02339,20,Under 35,F,7843,8177,16020,334,0.0425857452505418
23426,32217,64,60-64,F,7322,8700,16022,1378,0.1881999453701174
15598,28078,30,Under 35,M,7490,8532,16022,1042,0.1391188251001335
25446,02026,32,Under 35,F,7386,8637,16023,1251,0.169374492282697
23059,94025,67,65-69,M,7156,8867,16023,1711,0.2391000558971492
7978,55902,49,45-49,F,7193,8831,16024,1638,0.2277213958014736
23022,48116,66,65-69,M,7066,8959,16025,1893,0.2679026323238041
25196,02472,55,55-59,M,7128,8897,16025,1769,0.2481762065095398
24515,01803,39,35-39,F,7474,8552,16026,1078,0.1442333422531442
21814,02476,50,50-54,F,6813,9213,16026,2400,0.3522677234698371
22597,78704,59,55-59,F,7126,8900,16026,1774,0.2489475161380858
21872,46860,62,60-64,M,7188,8841,16029,1653,0.2299666110183639
23545,32266,66,65-69,F,7698,8332,16030,634,0.0823590542998181
24650,97006,61,60-64,M,7333,8697,16030,1364,0.1860084549297695
21654,11730,60,60-64,F,7181,8850,16031,1669,0.2324188831639047
24556,02155,31,Under 35,F,7630,8402,16032,772,0.1011795543905635
25478,33777,52,50-54,M,7482,8550,16032,1068,0.1427425821972734
25036,02124,34,Under 35,M,7188,8844,16032,1656,0.2303839732888147
26873,02127,29,Under 35,F,7570,8463,16033,893,0.1179656538969616
25770,02467,53,50-54,M,7708,8325,16033,617,0.0800467047223663
12802,02631,62,60-64,M,7548,8486,16034,938,0.1242713301536831
17871,18901,40,40-44,F,7072,8962,16034,1890,0.2672511312217194
24222,03053,41,40-44,F,7561,8474,16035,913,0.1207512233831503
27670,02038,48,45-49,F,7684,8351,16035,667,0.0868037480478917
10594,99515,38,35-39,F,7340,8695,16035,1355,0.1846049046321526
16496,10001,30,Under 35,F,6747,9289,16036,2542,0.3767600414999258
24274,06776,58,55-59,M,7222,8814,16036,1592,0.2204375519246746
28304,02038,50,50-54,F,7685,8352,16037,667,0.0867924528301886
26719,01960,25,Under 35,F,7844,8193,16037,349,0.0444926058133605
23413,48114,68,65-69,F,7295,8745,16040,1450,0.1987662782727896
22145,03854,63,60-64,F,7168,8872,16040,1704,0.2377232142857142
24182,10027,45,45-49,M,7094,8946,16040,1852,0.261065689314914
28742,02331,24,Under 35,F,7472,8570,16042,1098,0.1469486081370449
30102,02151,48,45-49,F,6929,9113,16042,2184,0.3151969981238274
15890,28801,58,55-59,F,7568,8475,16043,907,0.1198467230443974
28621,02152,40,40-44,M,6963,9082,16045,2119,0.304322849346546
20039,02127,44,40-44,F,7276,8770,16046,1494,0.2053326003298515
25327,28204,26,Under 35,F,7692,8354,16046,662,0.0860634425377015
24101,32934,56,55-59,F,7439,8608,16047,1169,0.1571447775238607
22055,95076,56,55-59,F,7211,8839,16050,1628,0.2257661905422271
24047,36830,35,35-39,F,7457,8593,16050,1136,0.1523400831433552
22376,95062,65,65-69,M,6948,9102,16050,2154,0.3100172711571675
15620,10009,24,Under 35,F,7653,8397,16050,744,0.0972167777342218
27520,01950,61,60-64,F,7800,8253,16053,453,0.058076923076923
27846,02113,26,Under 35,F,7748,8305,16053,557,0.071889519876097
20835,84604,46,45-49,F,7565,8489,16054,924,0.1221414408460013
22078,29431,66,65-69,M,7676,8379,16055,703,0.0915841584158415
27567,02050,44,40-44,F,7546,8509,16055,963,0.1276172806785051
19568,98115,55,55-59,F,7134,8921,16055,1787,0.2504906083543594
12762,07458,42,40-44,F,6820,9235,16055,2415,0.3541055718475073
27069,28211,28,Under 35,M,7340,8716,16056,1376,0.1874659400544959
22811,80302,68,65-69,M,7285,8771,16056,1486,0.2039807824296499
24118,02771,33,Under 35,M,6288,9769,16057,3481,0.5535941475826972
22284,05068,66,65-69,M,7175,8883,16058,1708,0.2380487804878048
23630,33931,67,65-69,F,7715,8345,16060,630,0.0816591056383668
23478,34229,71,70-74,M,7104,8957,16061,1853,0.2608389639639639
24486,02840,32,Under 35,F,7374,8687,16061,1313,0.1780580417683753
25254,30115,37,35-39,F,7701,8361,16062,660,0.0857031554343591
28347,20017,43,40-44,M,7386,8677,16063,1291,0.1747901435147576
25275,02766,21,Under 35,M,7293,8770,16063,1477,0.2025229672288495
25763,02048,22,Under 35,M,7114,8949,16063,1835,0.2579420860275513
26808,02144,22,Under 35,F,7078,8987,16065,1909,0.2697089573325798
26806,02144,21,Under 35,F,7078,8987,16065,1909,0.2697089573325798
26529,02116,39,35-39,F,7548,8518,16066,970,0.1285108638049814
15850,97013,61,60-64,M,7027,9043,16070,2016,0.2868934111285043
30357,30028,38,35-39,M,7600,8471,16071,871,0.1146052631578947
20416,17538,61,60-64,M,7022,9050,16072,2028,0.2888066078040444
15112,43065,30,Under 35,F,7954,8118,16072,164,0.0206185567010309
25911,02210,30,Under 35,F,6867,9205,16072,2338,0.3404689092762487
26714,02210,26,Under 35,F,7494,8580,16074,1086,0.1449159327461969
23057,60618,65,65-69,M,7777,8297,16074,520,0.0668638292400668
26919,28036,50,50-54,M,7213,8861,16074,1648,0.2284763621239428
23585,02135,70,70-74,F,7461,8613,16074,1152,0.1544028950542822
27508,02632,27,Under 35,M,7100,8974,16074,1874,0.263943661971831
24510,22207,51,50-54,M,7730,8347,16077,617,0.0798188874514877
21961,23235,54,50-54,F,7961,8116,16077,155,0.0194699158397186
24226,01740,18,Under 35,F,7291,8786,16077,1495,0.2050473186119873
26598,01742,21,Under 35,M,6776,9302,16078,2526,0.3727863046044864
25357,02127,25,Under 35,F,7956,8123,16079,167,0.0209904474610356
19189,95377,64,60-64,M,7064,9016,16080,1952,0.276330690826727
24468,02155,24,Under 35,M,7811,8269,16080,458,0.0586352579695301
21698,95131,51,50-54,F,7679,8401,16080,722,0.0940226592004167
26134,03062,30,Under 35,F,7368,8715,16083,1347,0.1828175895765472
21820,55420,65,65-69,M,6677,9406,16083,2729,0.4087164894413659
29904,01810,49,45-49,F,7643,8441,16084,798,0.1044092633782546
15898,94024,57,55-59,F,7246,8839,16085,1593,0.219845431962462
20502,44126,45,45-49,F,7139,8946,16085,1807,0.2531166830088248
25969,02143,44,40-44,M,7155,8930,16085,1775,0.2480782669461914
24710,02127,33,Under 35,M,7222,8864,16086,1642,0.2273608418720576
23486,15217,61,60-64,F,7446,8640,16086,1194,0.1603545527800161
8563,02905,46,45-49,M,7592,8495,16087,903,0.1189409905163329
25074,01772,27,Under 35,F,7936,8152,16088,216,0.0272177419354838
27690,11249,44,40-44,M,7475,8614,16089,1139,0.1523745819397993
22509,77546,65,65-69,M,7264,8825,16089,1561,0.2148953744493392
30240,02114,35,35-39,M,7592,8497,16089,905,0.119204425711275
22978,06883,65,65-69,M,7493,8597,16090,1104,0.147337515014013
25062,01906,25,Under 35,M,7196,8895,16091,1699,0.2361033907726514
24904,02127,27,Under 35,F,7191,8900,16091,1709,0.2376581838409122
24900,02127,27,Under 35,F,7191,8900,16091,1709,0.2376581838409122
28153,01702,50,50-54,F,7685,8407,16092,722,0.0939492517891997
18262,54880,40,40-44,F,7093,9003,16096,1910,0.2692795714084308
25004,02375,36,35-39,F,7896,8200,16096,304,0.0385005065856129
28189,02703,54,50-54,M,7305,8791,16096,1486,0.2034223134839151
28682,02124,34,Under 35,M,7019,9078,16097,2059,0.2933466305741559
20682,54701,52,50-54,F,7461,8636,16097,1175,0.157485591743734
10928,08558,44,40-44,F,7306,8791,16097,1485,0.2032575964960306
11875,50158,48,45-49,M,6647,9450,16097,2803,0.4216939972920114
8879,50247,41,40-44,M,6647,9450,16097,2803,0.4216939972920114
25508,02113,24,Under 35,F,7381,8717,16098,1336,0.1810052838368784
15886,07452,58,55-59,F,7054,9045,16099,1991,0.2822512049900765
29376,01520,41,40-44,F,7969,8130,16099,161,0.0202032877399924
29436,78759,46,45-49,M,6826,9274,16100,2448,0.3586287723410489
28587,08759,46,45-49,M,7198,8903,16101,1705,0.2368713531536538
26697,10013,23,Under 35,F,7369,8732,16101,1363,0.184964038539829
29233,01803,37,35-39,F,7471,8632,16103,1161,0.1554008834158747
23080,60546,68,65-69,M,7586,8518,16104,932,0.1228578961244397
24895,40108,36,35-39,M,6909,9197,16106,2288,0.3311622521348965
20140,03867,45,45-49,F,7482,8625,16107,1143,0.152766639935846
27480,02043,51,50-54,M,7876,8231,16107,355,0.0450736414423565
24276,02215,48,45-49,M,6581,9526,16107,2945,0.447500379881477
16041,34219,28,Under 35,F,6802,9306,16108,2504,0.3681270214642752
25016,01876,54,50-54,M,7204,8905,16109,1701,0.2361188228761799
23447,17011,60,60-64,F,7208,8902,16110,1694,0.2350166481687014
28315,10010,25,Under 35,F,8054,8057,16111,3,0.0003724857213806
22585,43035,58,55-59,F,7945,8168,16113,223,0.0280679672750157
22577,19146,55,55-59,F,7945,8168,16113,223,0.0280679672750157
28996,01983,43,40-44,M,7270,8845,16115,1575,0.2166437414030261
23131,18102,64,60-64,F,7309,8807,16116,1498,0.2049527979203721
12345,02138,55,55-59,F,7594,8524,16118,930,0.1224651040294969
15221,37128,37,35-39,F,6811,9308,16119,2497,0.366612832183233
23264,19087,72,70-74,M,7786,8333,16119,547,0.0702543025944002
26943,28078,39,35-39,M,6976,9143,16119,2167,0.3106364678899082
20606,57110,45,45-49,F,7477,8644,16121,1167,0.1560786411662431
20275,78749,46,45-49,F,7671,8451,16122,780,0.1016816581931951
29528,02635,27,Under 35,M,7231,8893,16124,1662,0.229843728391647
29510,02127,29,Under 35,M,7561,8565,16126,1004,0.1327866684301018
15927,29928,67,65-69,F,7677,8449,16126,772,0.1005601146281099
19886,48363,52,50-54,F,7026,9100,16126,2074,0.2951892968972388
29551,02152,34,Under 35,F,7721,8405,16126,684,0.0885895609377023
30379,84317,31,Under 35,M,7778,8349,16127,571,0.0734121882231936
15918,37204,60,60-64,F,7435,8693,16128,1258,0.1691997310020175
19533,10010,43,40-44,F,7473,8656,16129,1183,0.1583032249431286
20667,10040,56,55-59,F,6820,9309,16129,2489,0.3649560117302052
23389,92027,62,60-64,F,7756,8374,16130,618,0.0796802475502836
17055,64058,54,50-54,F,6920,9212,16132,2292,0.3312138728323699
19128,12571,62,60-64,M,7205,8927,16132,1722,0.239000693962526
20188,17404,47,45-49,F,6876,9256,16132,2380,0.3461314717859221
18081,80503,40,40-44,F,6266,9866,16132,3600,0.5745292052345994
29640,32246,44,40-44,M,7769,8364,16133,595,0.0765864332603938
28263,02132,55,55-59,M,6916,9217,16133,2301,0.3327067669172932
28385,90802,29,Under 35,F,7590,8546,16136,956,0.1259552042160737
21088,97862,56,55-59,F,6770,9368,16138,2598,0.383751846381093
24329,10007,33,Under 35,M,7496,8643,16139,1147,0.1530149413020277
30025,02114,50,50-54,M,7312,8827,16139,1515,0.2071936542669584
23655,94501,65,65-69,F,7631,8509,16140,878,0.115057004324466
23654,97068,66,65-69,F,7631,8509,16140,878,0.115057004324466
22093,80015,67,65-69,M,6660,9481,16141,2821,0.4235735735735735
23247,29928,66,65-69,M,7583,8561,16144,978,0.1289727020967954
12131,10014,55,55-59,M,6436,9709,16145,3273,0.5085456805469235
29644,02445,43,40-44,F,7427,8718,16145,1291,0.1738252322606705
29328,30076,41,40-44,M,7167,8979,16146,1812,0.2528254499790707
22162,54904,55,55-59,F,7394,8752,16146,1358,0.1836624289964836
28169,01867,24,Under 35,F,8057,8090,16147,33,0.0040958173017252
24348,02115,33,Under 35,M,6863,9285,16148,2422,0.3529068920297246
27512,92675,54,50-54,M,6763,9385,16148,2622,0.3876977672630489
28642,01886,39,35-39,F,7644,8504,16148,860,0.1125065410779696
22748,22205,67,65-69,M,6943,9205,16148,2262,0.325795765519228
30470,49007,30,Under 35,M,7346,8803,16149,1457,0.19833923223523
21901,17111,67,65-69,M,7187,8962,16149,1775,0.246973702518436
21665,03051,53,50-54,F,6903,9247,16150,2344,0.3395625090540344
23641,96754,67,65-69,F,7526,8624,16150,1098,0.1458942333244751
21824,92602,51,50-54,F,6946,9205,16151,2259,0.3252231500143968
30385,01854,39,35-39,F,6950,9201,16151,2251,0.3238848920863309
21125,10583,61,60-64,M,7243,8908,16151,1665,0.2298771227391964
27756,01605,35,35-39,F,7967,8186,16153,219,0.0274883896071294
23089,12110,57,55-59,F,7442,8711,16153,1269,0.1705186777747917
28104,02445,29,Under 35,F,7850,8303,16153,453,0.0577070063694267
24713,02135,29,Under 35,M,7155,8998,16153,1843,0.2575821104122991
24117,10004,31,Under 35,F,7137,9017,16154,1880,0.2634160011209192
27730,02129,31,Under 35,F,7689,8465,16154,776,0.1009233970607361
25883,01890,33,Under 35,M,7437,8717,16154,1280,0.172112410918381
22250,60559,72,70-74,M,7248,8907,16155,1659,0.2288907284768211
20912,49315,45,45-49,F,7594,8564,16158,970,0.1277324203318409
13254,06763,40,40-44,F,5982,10177,16159,4195,0.7012704781009695
22584,55051,57,55-59,F,7523,8638,16161,1115,0.1482121494084806
23448,48430,70,70-74,F,7335,8828,16163,1493,0.2035446489434219
22689,75036,65,65-69,M,7401,8762,16163,1361,0.1838940683691393
30410,03053,44,40-44,M,7727,8436,16163,709,0.0917561796298692
22939,01985,56,55-59,F,7083,9080,16163,1997,0.2819426796555132
25128,07940,53,50-54,F,6967,9196,16163,2229,0.3199368451270274
25725,02116,40,40-44,M,7583,8581,16164,998,0.131610180667282
29795,02131,45,45-49,M,6493,9672,16165,3179,0.4896041891267519
25431,02127,25,Under 35,M,7588,8577,16165,989,0.1303373748023194
20788,44720,65,65-69,M,6431,9736,16167,3305,0.5139169647022236
26270,06385,24,Under 35,F,7133,9034,16167,1901,0.2665077807374176
17123,43081,38,35-39,F,7645,8522,16167,877,0.1147155003270111
30443,02043,26,Under 35,M,7208,8959,16167,1751,0.2429245283018868
27708,11705,37,35-39,F,7438,8730,16168,1292,0.1737026082280182
25851,02127,25,Under 35,F,7030,9138,16168,2108,0.2998577524893314
25049,01545,26,Under 35,F,7443,8725,16168,1282,0.1722423753862689
10793,84009,45,45-49,F,7093,9077,16170,1984,0.2797123924996475
25993,03909,37,35-39,M,7402,8768,16170,1366,0.18454471764388
23035,01810,64,60-64,F,7630,8541,16171,911,0.119397116644823
19536,45241,58,55-59,F,7308,8863,16171,1555,0.2127805145046524
16412,02148,28,Under 35,M,6282,9891,16173,3609,0.5744985673352435
24318,19335,34,Under 35,F,7745,8429,16174,684,0.0883150419625564
30073,02152,33,Under 35,M,7341,8834,16175,1493,0.2033782863370113
24985,14424,39,35-39,F,7469,8706,16175,1237,0.1656178872673718
18706,77073,60,60-64,F,7054,9121,16175,2067,0.2930252339098383
29730,02445,38,35-39,M,7889,8287,16176,398,0.0504499936620611
22201,01748,59,55-59,F,7190,8986,16176,1796,0.2497913769123783
30675,02035,23,Under 35,F,7886,8293,16179,407,0.0516104488967791
6704,76109,35,35-39,M,7870,8310,16180,440,0.0559085133418043
21492,75218,47,45-49,F,7156,9026,16182,1870,0.2613191727221912
26823,03281,43,40-44,F,8091,8091,16182,0,0.0
24790,02151,31,Under 35,F,7461,8721,16182,1260,0.1688781664656212
26476,02919,33,Under 35,F,7068,9115,16183,2047,0.2896151669496321
18122,02144,31,Under 35,F,6356,9829,16185,3473,0.5464128382630585
22448,55359,66,65-69,M,7271,8914,16185,1643,0.2259661669646541
26412,04105,31,Under 35,M,7309,8876,16185,1567,0.2143932138459433
22846,06890,66,65-69,F,7258,8927,16185,1669,0.2299531551391568
25894,02920,27,Under 35,F,7183,9003,16186,1820,0.2533760267297786
21791,06073,50,50-54,F,6813,9373,16186,2560,0.3757522383678262
18568,34952,43,40-44,F,7919,8270,16189,351,0.0443237782548301
24301,02127,31,Under 35,M,7531,8660,16191,1129,0.1499136900809985
26956,12866,44,40-44,M,8178,8015,16193,-163,-0.0199315235999021
26022,01940,27,Under 35,F,7383,8810,16193,1427,0.1932818637410266
25197,01907,52,50-54,M,7158,9036,16194,1878,0.2623637887678122
19024,98039,40,40-44,F,7774,8421,16195,647,0.0832261384100849
19781,22207,60,60-64,M,7463,8732,16195,1269,0.1700388583679485
26833,80902,35,35-39,F,7624,8571,16195,947,0.1242130115424973
26761,89135,41,40-44,F,7763,8433,16196,670,0.0863068401391214
25121,48864,45,45-49,F,7125,9072,16197,1947,0.2732631578947368
25497,02186,22,Under 35,M,7641,8556,16197,915,0.1197487239890066
24168,02458,37,35-39,F,7183,9015,16198,1832,0.2550466378950299
23139,22039,60,60-64,F,7947,8251,16198,304,0.0382534289669057
23505,76137,62,60-64,F,7687,8511,16198,824,0.1071939638350461
29182,01760,26,Under 35,F,7547,8653,16200,1106,0.1465482973366901
25372,02118,29,Under 35,F,7315,8887,16202,1572,0.2149008885850991
24467,04538,49,45-49,M,7475,8728,16203,1253,0.1676254180602006
27754,20190,51,50-54,M,7677,8526,16203,849,0.110590074247753
30350,80550,33,Under 35,F,7579,8625,16204,1046,0.1380129304657606
20863,77008,62,60-64,M,6753,9451,16204,2698,0.3995261365319117
22805,02186,65,65-69,M,7174,9031,16205,1857,0.2588514078617229
20137,01545,45,45-49,F,7252,8954,16206,1702,0.2346938775510204
21246,85027,48,45-49,F,7436,8771,16207,1335,0.1795320064550833
22933,85022,55,55-59,F,7600,8607,16207,1007,0.1325
28949,01915,35,35-39,M,7261,8946,16207,1685,0.2320616994904283
26802,02144,21,Under 35,F,7823,8385,16208,562,0.0718394477821807
24174,07079,43,40-44,M,7696,8514,16210,818,0.1062889812889812
19683,89103,53,50-54,F,7329,8881,16210,1552,0.2117614954291172
17896,98375,51,50-54,F,7513,8697,16210,1184,0.1575935045920404
27075,10036,26,Under 35,M,7539,8671,16210,1132,0.1501525401246849
19680,89103,60,60-64,M,7329,8881,16210,1552,0.2117614954291172
7753,78207,39,35-39,M,7482,8731,16213,1249,0.1669339748730286
22355,77385,56,55-59,F,7324,8890,16214,1566,0.2138175860185691
29487,01588,48,45-49,M,7700,8515,16215,815,0.1058441558441558
26248,92056,32,Under 35,F,8109,8107,16216,-2,-0.0002466395363176
28684,02122,40,40-44,F,7049,9167,16216,2118,0.3004681515108526
19796,97219,45,45-49,F,8110,8106,16216,-4,-0.0004932182490752
28172,03826,37,35-39,M,7245,8973,16218,1728,0.2385093167701863
23615,92651,68,65-69,F,7499,8720,16219,1221,0.1628217095612748
23514,98116,64,60-64,F,7669,8551,16220,882,0.1150084756813143
26868,94123,49,45-49,M,7145,9075,16220,1930,0.2701189643107068
28114,02120,23,Under 35,F,8041,8181,16222,140,0.0174107698047506
21371,98248,62,60-64,M,7038,9185,16223,2147,0.3050582551861324
17116,66062,55,55-59,M,7628,8595,16223,967,0.1267697954902989
27707,80906,32,Under 35,M,7052,9171,16223,2119,0.300482132728304
20831,66771,60,60-64,M,6492,9733,16225,3241,0.4992298213185459
848,02472,32,Under 35,M,9952,6275,16227,-3677,-0.3694734726688103
20848,32223,66,65-69,M,7360,8868,16228,1508,0.2048913043478261
22807,06840,63,60-64,F,7467,8761,16228,1294,0.1732958350073657
16621,78221,59,55-59,M,7482,8746,16228,1264,0.1689387864207431
17760,93730,44,40-44,F,6789,9439,16228,2650,0.390337310354986
23509,90020,81,80 and Over,M,7504,8726,16230,1222,0.1628464818763326
20004,44313,48,45-49,F,7524,8708,16232,1184,0.1573631047315258
29258,11105,28,Under 35,M,7390,8842,16232,1452,0.1964817320703653
29414,02021,38,35-39,F,7499,8733,16232,1234,0.1645552740365382
16760,02668,48,45-49,F,6893,9340,16233,2447,0.3549978238792978
20389,48067,61,60-64,M,6965,9268,16233,2303,0.3306532663316583
25348,10014,24,Under 35,F,7702,8531,16233,829,0.1076343806803427
22803,10547,62,60-64,F,7545,8688,16233,1143,0.1514910536779324
21056,60126,52,50-54,F,7165,9069,16234,1904,0.2657362177250523
29522,01590,27,Under 35,M,7592,8642,16234,1050,0.1383034773445732
25599,01450,41,40-44,F,7545,8690,16235,1145,0.1517561298873426
25548,02127,24,Under 35,F,7643,8592,16235,949,0.1241659034410571
23100,13074,68,65-69,M,7108,9128,16236,2020,0.2841868317388857
15580,95448,29,Under 35,F,7643,8593,16236,950,0.1242967421169697
26568,02493,47,45-49,M,8291,7946,16237,-345,-0.0416113858400675
21439,75209,63,60-64,M,7074,9163,16237,2089,0.2953067571388182
23182,93451,62,60-64,F,7654,8583,16237,929,0.1213744447347792
29388,01089,42,40-44,M,7563,8674,16237,1111,0.146899378553484
9997,20015,45,45-49,F,7384,8854,16238,1470,0.1990790899241603
9998,85016,31,Under 35,M,7385,8853,16238,1468,0.1987813134732566
9991,85254,47,45-49,F,7385,8853,16238,1468,0.1987813134732566
28616,01821,36,35-39,F,8024,8215,16239,191,0.023803589232303
28830,01748,48,45-49,M,7578,8661,16239,1083,0.1429136975455265
15548,49506,37,35-39,M,7816,8425,16241,609,0.0779170931422722
21002,92602,48,45-49,F,7728,8514,16242,786,0.1017080745341614
18955,60185,58,55-59,M,7481,8763,16244,1282,0.1713674642427483
17218,44039,56,55-59,M,7197,9047,16244,1850,0.2570515492566347
23411,80011,70,70-74,M,7218,9026,16244,1808,0.2504848988639512
22966,60185,55,55-59,F,7481,8763,16244,1282,0.1713674642427483
22426,06492,57,55-59,F,7529,8715,16244,1186,0.1575242396068535
28041,02151,53,50-54,M,7464,8781,16245,1317,0.1764469453376206
21340,02090,49,45-49,F,6817,9430,16247,2613,0.3833064397828957
22344,95746,57,55-59,F,7195,9053,16248,1858,0.2582348853370396
18036,38104,47,45-49,F,7459,8790,16249,1331,0.1784421504223086
24412,23238,22,Under 35,F,8114,8138,16252,24,0.0029578506285432
14516,19046,38,35-39,F,6405,9847,16252,3442,0.5373926619828259
27463,76107,43,40-44,F,7252,9000,16252,1748,0.2410369553226696
27240,11249,26,Under 35,F,7931,8322,16253,391,0.049300214348758
25528,01720,33,Under 35,F,7325,8928,16253,1603,0.218839590443686
24801,02090,38,35-39,M,7575,8679,16254,1104,0.1457425742574257
18606,53705,40,40-44,F,6341,9913,16254,3572,0.5633180886295537
25768,02467,33,Under 35,F,7865,8390,16255,525,0.066751430387794
23071,21044,57,55-59,F,7313,8942,16255,1629,0.2227539997265144
27367,10601,55,55-59,M,7861,8395,16256,534,0.0679302887673324
25675,01602,20,Under 35,F,7996,8262,16258,266,0.0332666333166583
24624,01945,22,Under 35,F,7678,8580,16258,902,0.1174785100286533
28430,01864,23,Under 35,F,7678,8581,16259,903,0.1176087522792393
28543,02043,38,35-39,M,7488,8771,16259,1283,0.1713408119658119
11641,40206,26,Under 35,F,5798,10464,16262,4666,0.8047602621593652
17519,01907,40,40-44,F,6585,9678,16263,3093,0.4697038724373576
25901,77079,51,50-54,M,7438,8825,16263,1387,0.1864748588330196
25198,01852,36,35-39,M,7382,8883,16265,1501,0.2033324302357085
20447,46383,67,65-69,M,6724,9541,16265,2817,0.4189470553242118
22946,43551,59,55-59,F,7125,9143,16268,2018,0.2832280701754386
19444,60643,41,40-44,F,6984,9285,16269,2301,0.32946735395189
29894,02466,49,45-49,M,7100,9169,16269,2069,0.2914084507042253
20252,91978,65,65-69,M,6236,10033,16269,3797,0.6088838999358563
21196,02719,59,55-59,F,7256,9015,16271,1759,0.2424200661521499
15829,95124,50,50-54,F,7377,8895,16272,1518,0.2057747051647011
24530,10028,35,35-39,F,7036,9237,16273,2201,0.3128197839681637
28458,02467,46,45-49,M,7807,8467,16274,660,0.0845395158191366
19551,86004,46,45-49,F,6609,9665,16274,3056,0.4623997579058859
22813,50010,69,65-69,M,7652,8624,16276,972,0.1270256142185049
9936,84009,47,45-49,M,7338,8939,16277,1601,0.2181793404197329
12386,75165,36,35-39,F,7393,8887,16280,1494,0.202083051535236
5064,75165,35,35-39,M,7394,8886,16280,1492,0.2017852312685961
21194,80921,72,70-74,M,6982,9299,16281,2317,0.3318533371526783
28540,37350,37,35-39,M,7429,8854,16283,1425,0.1918158567774936
23213,82801,74,70-74,M,7614,8670,16284,1056,0.1386918833727344
30382,02571,27,Under 35,F,7024,9260,16284,2236,0.3183371298405467
30564,02026,33,Under 35,M,7244,9043,16287,1799,0.2483434566537824
28547,02127,27,Under 35,M,6795,9493,16288,2698,0.3970566593083149
3740,18702,28,Under 35,M,5746,10543,16289,4797,0.834841628959276
28976,01844,28,Under 35,M,7191,9099,16290,1908,0.2653316645807259
21120,95694,51,50-54,F,7012,9280,16292,2268,0.3234455219623502
16417,06410,28,Under 35,F,7002,9290,16292,2288,0.3267637817766352
23621,32757,65,65-69,F,7417,8876,16293,1459,0.1967102602130241
29772,02478,21,Under 35,F,8166,8128,16294,-38,-0.0046534410972324
26040,01776,49,45-49,M,7004,9293,16297,2289,0.3268132495716733
23111,89117,70,70-74,M,7388,8910,16298,1522,0.2060097455332972
24917,02061,40,40-44,F,7875,8424,16299,549,0.0697142857142857
24992,02061,41,40-44,F,7875,8424,16299,549,0.0697142857142857
25000,02468,45,45-49,F,7909,8390,16299,481,0.0608167909975976
28192,02056,23,Under 35,F,7860,8440,16300,580,0.0737913486005089
29190,02136,45,45-49,F,7865,8436,16301,571,0.0726001271455816
26012,02116,40,40-44,F,7673,8628,16301,955,0.1244624006255701
27818,02114,22,Under 35,F,7562,8741,16303,1179,0.1559111346204707
23153,34949,61,60-64,F,7346,8957,16303,1611,0.2193030220528178
25791,01876,38,35-39,F,7422,8883,16305,1461,0.1968472109943411
26698,02478,31,Under 35,F,8162,8143,16305,-19,-0.0023278608184268
4545,99669,28,Under 35,M,4975,11330,16305,6355,1.2773869346733668
18824,84095,40,40-44,F,7511,8794,16305,1283,0.1708161363333777
11385,46062,47,45-49,M,6868,9437,16305,2569,0.3740535818287711
27725,01801,45,45-49,F,7449,8857,16306,1408,0.1890186602228487
25489,02129,25,Under 35,F,7807,8500,16307,693,0.0887664916100935
16511,98146,62,60-64,M,6668,9639,16307,2971,0.4455608878224355
12784,07737,59,55-59,M,7418,8889,16307,1471,0.198301428956592
25325,01844,38,35-39,F,7701,8607,16308,906,0.1176470588235294
22708,92604,57,55-59,F,7401,8907,16308,1506,0.2034860154033238
25140,02125,27,Under 35,M,7262,9048,16310,1786,0.2459377581933351
22611,19087,62,60-64,F,7200,9110,16310,1910,0.2652777777777778
26276,02169,28,Under 35,M,7260,9052,16312,1792,0.246831955922865
30331,02113,21,Under 35,F,7585,8729,16314,1144,0.1508239947264337
24908,02176,44,40-44,F,7441,8874,16315,1433,0.1925816422523854
26525,02109,25,Under 35,F,7860,8457,16317,597,0.0759541984732824
25502,02130,38,35-39,M,7298,9019,16317,1721,0.2358180323376267
23952,60015,48,45-49,F,7667,8652,16319,985,0.1284726751010825
29087,02128,25,Under 35,F,7965,8354,16319,389,0.0488386691776522
14379,02184,28,Under 35,F,6814,9505,16319,2691,0.3949222189609627
24990,02043,38,35-39,F,7620,8700,16320,1080,0.1417322834645669
20718,02718,60,60-64,M,6855,9467,16322,2612,0.3810357403355215
18859,90402,69,65-69,M,7076,9246,16322,2170,0.3066704352741662
16437,98101,26,Under 35,F,7688,8637,16325,949,0.1234391259105098
28834,02124,39,35-39,M,7520,8807,16327,1287,0.1711436170212766
20305,20895,60,60-64,M,6916,9412,16328,2496,0.3609022556390977
29355,01453,51,50-54,F,7543,8786,16329,1243,0.1647885456714835
18976,30269,45,45-49,F,7243,9087,16330,1844,0.2545906392378848
29144,03254,31,Under 35,M,7098,9234,16332,2136,0.3009298393913778
17798,60555,36,35-39,F,7258,9074,16332,1816,0.25020666850372
26901,28202,43,40-44,M,7511,8822,16333,1311,0.174544002130209
27561,37209,35,35-39,F,7836,8497,16333,661,0.0843542623787646
23084,77441,60,60-64,F,7401,8932,16333,1531,0.2068639373057695
26783,02171,35,35-39,M,7227,9108,16335,1881,0.2602739726027397
23606,01741,65,65-69,F,7686,8651,16337,965,0.1255529534218059
25443,02127,23,Under 35,M,7561,8777,16338,1216,0.1608252876603624
22390,92115,55,55-59,F,7304,9034,16338,1730,0.2368565169769989
25703,02135,24,Under 35,M,7168,9170,16338,2002,0.279296875
22107,72206,71,70-74,M,6867,9472,16339,2605,0.3793505169651958
26809,19027,21,Under 35,F,7465,8874,16339,1409,0.1887474882786336
28127,02136,40,40-44,M,7699,8640,16339,941,0.1222236654110923
23716,80516,65,65-69,F,7767,8573,16340,806,0.1037723702845371
21595,77024,65,65-69,M,7062,9278,16340,2216,0.313792126876239
15570,49534,48,45-49,M,7517,8825,16342,1308,0.1740055873353731
26098,02127,24,Under 35,F,7170,9172,16342,2002,0.2792189679218967
18296,11778,46,45-49,F,7518,8824,16342,1306,0.1737164139398776
25532,32903,25,Under 35,F,7506,8837,16343,1331,0.1773248068212096
25563,02115,39,35-39,M,6804,9539,16343,2735,0.4019694297472075
18000,02476,57,55-59,M,6920,9424,16344,2504,0.3618497109826589
19082,60074,44,40-44,F,7227,9117,16344,1890,0.261519302615193
7755,85024,42,40-44,M,7247,9098,16345,1851,0.2554160342210569
15849,06451,52,50-54,F,7153,9192,16345,2039,0.2850552215853488
15827,75032,46,45-49,F,6872,9474,16346,2602,0.3786379511059371
23277,78382,62,60-64,F,7975,8373,16348,398,0.0499059561128526
24647,01915,31,Under 35,F,7698,8651,16349,953,0.1237983891919979
26149,37212,26,Under 35,M,7937,8412,16349,475,0.0598462895300491
23326,06002,65,65-69,F,7704,8646,16350,942,0.1222741433021806
25736,02143,31,Under 35,F,7787,8564,16351,777,0.0997816874277642
23591,10280,66,65-69,F,7491,8861,16352,1370,0.1828861300226939
30657,91403,31,Under 35,M,7904,8449,16353,545,0.0689524291497975
26350,02129,51,50-54,M,7447,8906,16353,1459,0.1959178192560762
30424,02360,33,Under 35,F,7802,8552,16354,750,0.0961291976416303
27002,28120,44,40-44,M,6851,9503,16354,2652,0.3870967741935484
25262,01453,28,Under 35,F,8006,8349,16355,343,0.0428428678491131
26897,11510,39,35-39,F,7558,8799,16357,1241,0.164196877480815
2277,12590,44,40-44,M,7036,9321,16357,2285,0.3247583854462763
29136,02072,40,40-44,M,7581,8776,16357,1195,0.1576309194037725
29608,02360,28,Under 35,F,7637,8722,16359,1085,0.1420714940421631
29827,32507,35,35-39,F,7974,8386,16360,412,0.0516679207424128
24787,02135,23,Under 35,M,6126,10235,16361,4109,0.6707476330395038
26942,75070,47,45-49,F,7255,9107,16362,1852,0.2552722260509993
24017,02472,35,35-39,F,8287,8075,16362,-212,-0.0255822372390491
30101,01826,57,55-59,M,7316,9046,16362,1730,0.2364680153089119
22980,80104,57,55-59,F,7661,8702,16363,1041,0.1358830439890353
16782,12834,59,55-59,M,7341,9022,16363,1681,0.2289878763111292
28653,31709,59,55-59,F,7827,8536,16363,709,0.0905838763255398
27227,02129,56,55-59,F,7543,8821,16364,1278,0.1694286093066419
27432,02740,60,60-64,M,8209,8155,16364,-54,-0.0065781459373857
18734,84770,43,40-44,F,7262,9103,16365,1841,0.2535114293583035
15892,29605,70,70-74,M,7303,9064,16367,1761,0.2411337806380939
15742,02760,61,60-64,M,7544,8823,16367,1279,0.1695387062566277
26042,02169,29,Under 35,F,7928,8440,16368,512,0.0645812310797174
25317,01776,32,Under 35,F,7682,8686,16368,1004,0.1306951314761781
29332,01905,51,50-54,M,6412,9957,16369,3545,0.5528696194635059
27667,02180,29,Under 35,F,7746,8624,16370,878,0.1133488252001032
29907,02127,25,Under 35,F,7525,8846,16371,1321,0.175548172757475
22802,28226,65,65-69,M,7463,8911,16374,1448,0.194023850998258
29647,78757,49,45-49,M,6483,9892,16375,3409,0.5258368039487892
29266,01923,27,Under 35,M,7938,8439,16377,501,0.0631141345427059
27655,07067,35,35-39,F,7671,8707,16378,1036,0.1350540998566028
26142,20011,27,Under 35,F,7471,8909,16380,1438,0.1924775799759068
20732,92653,60,60-64,M,6839,9542,16381,2703,0.3952332212311741
26311,34637,38,35-39,F,6852,9529,16381,2677,0.3906888499708114
29097,03858,41,40-44,F,7641,8740,16381,1099,0.1438293417092003
27979,01887,58,55-59,F,7884,8497,16381,613,0.0777524099441907
28070,02114,30,Under 35,F,7321,9061,16382,1740,0.2376724491189728
7737,72205,41,40-44,F,7788,8597,16385,809,0.1038777606574216
23566,81505,60,60-64,F,7890,8496,16386,606,0.0768060836501901
23543,60090,61,60-64,F,7695,8693,16388,998,0.1296946068875893
26832,31904,55,55-59,M,6917,9472,16389,2555,0.3693797889258349
29141,02139,23,Under 35,F,7515,8874,16389,1359,0.1808383233532934
24404,80005,51,50-54,M,7467,8923,16390,1456,0.1949912950314718
20782,70125,62,60-64,M,7079,9311,16390,2232,0.3152987710128549
25350,02109,22,Under 35,F,7289,9102,16391,1813,0.248730964467005
30175,01746,26,Under 35,M,7571,8820,16391,1249,0.1649716021661603
25337,02127,24,Under 35,F,7640,8754,16394,1114,0.1458115183246073
19421,18704,48,45-49,F,6983,9411,16394,2428,0.3477015609336961
26146,02118,28,Under 35,M,7937,8459,16396,522,0.0657679223888118
22039,72719,50,50-54,F,7492,8904,16396,1412,0.188467698878804
21848,80302,61,60-64,F,7352,9047,16399,1695,0.2305495103373231
22631,87043,69,65-69,M,7222,9177,16399,1955,0.2707006369426751
30387,02129,25,Under 35,F,7127,9273,16400,2146,0.3011084607829381
25236,02127,27,Under 35,F,8334,8067,16401,-267,-0.0320374370050395
30555,21224,41,40-44,M,6729,9672,16401,2943,0.437360677663843
21938,20147,60,60-64,F,6858,9544,16402,2686,0.3916593759113444
18521,20147,65,65-69,M,6859,9543,16402,2684,0.3913106866890217
30106,34233,35,35-39,M,7811,8593,16404,782,0.1001152221226475
22072,60039,62,60-64,F,7234,9171,16405,1937,0.2677633397843517
29805,01473,38,35-39,M,7140,9265,16405,2125,0.2976190476190476
23407,94403,60,60-64,F,7564,8842,16406,1278,0.1689582231623479
23281,49796,65,65-69,F,7499,8914,16413,1415,0.1886918255767435
30481,02062,38,35-39,M,7220,9193,16413,1973,0.2732686980609418
23568,76309,66,65-69,F,7527,8887,16414,1360,0.1806828749833931
28243,02169,40,40-44,M,6841,9573,16414,2732,0.3993568191784827
24505,02465,22,Under 35,F,7754,8661,16415,907,0.1169718854784627
20625,20912,61,60-64,M,7020,9395,16415,2375,0.3383190883190883
25424,77025,35,35-39,M,6668,9747,16415,3079,0.4617576484703059
22459,04730,65,65-69,M,6925,9491,16416,2566,0.3705415162454873
23106,02668,57,55-59,F,7726,8691,16417,965,0.1249029251876779
25978,02127,26,Under 35,F,7600,8817,16417,1217,0.1601315789473684
24996,06897,43,40-44,F,7880,8538,16418,658,0.0835025380710659
28305,02145,39,35-39,F,7555,8863,16418,1308,0.1731303772336201
29430,11758,25,Under 35,F,7830,8588,16418,758,0.0968071519795657
22279,03801,50,50-54,F,7365,9054,16419,1689,0.2293279022403258
27836,78130,31,Under 35,F,7954,8467,16421,513,0.0644958511440784
26782,60657,28,Under 35,F,7567,8854,16421,1287,0.1700806131888463
24123,02139,29,Under 35,F,7250,9171,16421,1921,0.2649655172413793
30587,02136,36,35-39,M,6378,10043,16421,3665,0.5746315459391659
23567,32224,61,60-64,F,7685,8738,16423,1053,0.1370201691607026
25500,85253,56,55-59,M,7569,8854,16423,1285,0.1697714361210199
29200,01940,39,35-39,M,7067,9357,16424,2290,0.3240413188057167
25459,01915,36,35-39,M,7623,8804,16427,1181,0.1549258821986094
22545,25304,65,65-69,M,7200,9228,16428,2028,0.2816666666666667
24090,02127,25,Under 35,M,6891,9537,16428,2646,0.3839791031780583
23489,91910,60,60-64,F,7946,8482,16428,536,0.0674553234331739
26538,01810,49,45-49,F,7563,8867,16430,1304,0.1724183525056194
30343,01862,36,35-39,M,6925,9506,16431,2581,0.3727075812274368
30524,21208,34,Under 35,M,7167,9266,16433,2099,0.2928700990651597
25100,02445,32,Under 35,F,7789,8644,16433,855,0.1097701887276929
29105,01845,41,40-44,M,6985,9448,16433,2463,0.3526127415891195
22427,03109,55,55-59,F,7510,8923,16433,1413,0.1881491344873502
29278,78744,31,Under 35,M,7559,8875,16434,1316,0.1740971027913745
24601,07928,47,45-49,M,7399,9036,16435,1637,0.2212461143397756
22628,20877,53,50-54,F,7836,8602,16438,766,0.097753956100051
17495,90638,57,55-59,M,7288,9150,16438,1862,0.2554884742041712
15897,89011,57,55-59,F,7782,8657,16439,875,0.1124389617065021
29509,20009,36,35-39,F,7803,8639,16442,836,0.1071382801486607
25366,02459,22,Under 35,M,7474,8969,16443,1495,0.2000267594327
24170,02135,42,40-44,M,7615,8829,16444,1214,0.1594221930400525
26536,01772,56,55-59,M,6782,9662,16444,2880,0.4246534945443821
25554,02140,37,35-39,F,7893,8552,16445,659,0.083491701507665
23431,92507,61,60-64,F,7614,8832,16446,1218,0.1599684791174153
24616,81623,40,40-44,F,7670,8776,16446,1106,0.1441981747066492
22527,77477,55,55-59,F,7577,8869,16446,1292,0.1705160353701993
15581,91902,59,55-59,M,7274,9173,16447,1899,0.2610668133076712
13488,95064,31,Under 35,F,5946,10501,16447,4555,0.7660612176252943
28451,02129,34,Under 35,M,7460,8988,16448,1528,0.2048257372654155
22156,85260,52,50-54,F,7398,9050,16448,1652,0.2233035955663692
20107,50312,50,50-54,F,7846,8602,16448,756,0.0963548304868723
25929,02127,32,Under 35,F,7345,9105,16450,1760,0.2396187882913546
3209,53105,23,Under 35,M,5670,10782,16452,5112,0.9015873015873016
24031,04101,30,Under 35,M,7843,8611,16454,768,0.0979217136299885
27310,02556,51,50-54,M,7004,9451,16455,2447,0.3493717875499714
25968,02478,56,55-59,M,7247,9208,16455,1961,0.2705947288533186
24961,01880,33,Under 35,F,7470,8986,16456,1516,0.2029451137884872
24431,02152,39,35-39,F,7486,8970,16456,1484,0.1982367085225754
23027,91765,56,55-59,F,7696,8760,16456,1064,0.1382536382536382
19384,49456,48,45-49,F,7171,9285,16456,2114,0.2947984939339004
22452,22044,66,65-69,M,7304,9152,16456,1848,0.253012048192771
17016,55317,40,40-44,F,7678,8781,16459,1103,0.1436572023964574
22395,34241,62,60-64,F,7320,9140,16460,1820,0.2486338797814207
25014,01970,42,40-44,M,7661,8800,16461,1139,0.1486751076882913
29604,01905,33,Under 35,M,7834,8628,16462,794,0.101353076333929
21887,01085,56,55-59,F,7583,8880,16463,1297,0.1710404852960569
24220,01568,39,35-39,M,7841,8622,16463,781,0.0996046422650172
26803,02144,22,Under 35,F,7490,8974,16464,1484,0.1981308411214953
19813,46037,61,60-64,M,7366,9098,16464,1732,0.2351344013032853
24363,02125,24,Under 35,M,7773,8692,16465,919,0.1182297697156824
23538,81301,61,60-64,F,8079,8387,16466,308,0.0381235301398687
22795,22066,56,55-59,F,7906,8560,16466,654,0.0827219833038198
21776,43065,54,50-54,F,7417,9050,16467,1633,0.220169880005393
19733,46040,52,50-54,F,7945,8522,16467,577,0.0726242920075519
14537,12184,56,55-59,M,7575,8893,16468,1318,0.173993399339934
19065,27526,63,60-64,M,6830,9638,16468,2808,0.4111273792093704
24023,02135,25,Under 35,F,7937,8533,16470,596,0.0750913443366511
24606,01746,38,35-39,F,8067,8404,16471,337,0.0417751332589562
26880,02127,45,45-49,M,7790,8681,16471,891,0.114377406931964
1767,94025,33,Under 35,M,6460,10012,16472,3552,0.5498452012383901
26396,02066,22,Under 35,F,7780,8692,16472,912,0.1172236503856041
15926,05474,69,65-69,F,7494,8979,16473,1485,0.1981585268214571
8175,93308,44,40-44,M,6002,10471,16473,4469,0.7445851382872376
26037,02138,22,Under 35,F,7675,8800,16475,1125,0.1465798045602606
28663,02186,51,50-54,F,7876,8600,16476,724,0.0919248349415947
23427,33707,70,70-74,M,7355,9123,16478,1768,0.2403806934058463
21323,96828,62,60-64,M,7499,8982,16481,1483,0.1977597012935058
25659,02131,30,Under 35,F,7943,8539,16482,596,0.0750346216794662
26488,29466,46,45-49,M,6877,9606,16483,2729,0.3968300130871019
30366,02186,46,45-49,M,7769,8714,16483,945,0.1216372763547432
22823,20815,55,55-59,F,7629,8855,16484,1226,0.1607025822519334
19132,17257,40,40-44,F,6508,9976,16484,3468,0.5328826060233559
25861,02127,28,Under 35,F,8033,8451,16484,418,0.0520353541640732
24398,01760,29,Under 35,M,7630,8854,16484,1224,0.1604193971166448
27727,02446,23,Under 35,M,7606,8879,16485,1273,0.1673678674730476
26984,06807,42,40-44,M,7297,9188,16485,1891,0.2591475949020145
24315,02127,26,Under 35,F,7675,8812,16487,1137,0.14814332247557
17121,84790,43,40-44,F,7444,9044,16488,1600,0.214938205265986
30463,02130,27,Under 35,M,7252,9237,16489,1985,0.2737175951461665
24792,02143,26,Under 35,F,7722,8768,16490,1046,0.1354571354571354
21707,02461,51,50-54,F,7354,9136,16490,1782,0.2423171063366875
29198,10709,22,Under 35,M,7995,8496,16491,501,0.0626641651031894
29462,02494,65,65-69,M,7503,8988,16491,1485,0.197920831667333
10071,49423,45,45-49,M,7421,9070,16491,1649,0.2222072496968063
30084,02021,26,Under 35,F,7689,8803,16492,1114,0.1448822993887371
29308,02043,19,Under 35,M,8125,8367,16492,242,0.0297846153846153
28907,02127,28,Under 35,M,7271,9222,16493,1951,0.2683262274790263
21890,30064,52,50-54,F,7468,9025,16493,1557,0.2084895554365292
19915,10033,60,60-64,M,6696,9798,16494,3102,0.4632616487455197
23525,48849,63,60-64,F,7596,8899,16495,1303,0.1715376513954713
15934,02061,74,70-74,F,7822,8676,16498,854,0.1091792380465354
24335,10282,33,Under 35,M,7635,8863,16498,1228,0.1608382449246889
25612,33129,30,Under 35,M,7761,8739,16500,978,0.1260146888287591
25609,02806,58,55-59,M,7762,8738,16500,976,0.1257407884565833
13184,89131,37,35-39,F,6951,9549,16500,2598,0.3737591713422529
30484,84321,35,35-39,M,7603,8897,16500,1294,0.1701959752729185
25816,02906,36,35-39,F,7446,9055,16501,1609,0.2160891753961858
23175,98290,62,60-64,F,7482,9020,16502,1538,0.2055600106923282
25194,28226,31,Under 35,M,7725,8777,16502,1052,0.1361812297734627
29995,02124,31,Under 35,F,7916,8589,16505,673,0.0850176856998484
15558,02332,28,Under 35,F,7598,8909,16507,1311,0.17254540668597
14741,17347,34,Under 35,F,6402,10107,16509,3705,0.5787253983130272
19086,92129,60,60-64,M,7467,9042,16509,1575,0.2109280835676978
15741,54208,65,65-69,F,7553,8956,16509,1403,0.1857540050311134
25301,02127,24,Under 35,F,7838,8671,16509,833,0.1062771115080377
25462,04901,47,45-49,M,7746,8765,16511,1019,0.1315517686547895
24241,06880,40,40-44,M,7585,8928,16513,1343,0.1770599868160843
22843,02050,56,55-59,F,7564,8950,16514,1386,0.1832363828662083
25511,07430,22,Under 35,F,7564,8951,16515,1387,0.1833685880486515
25515,02050,22,Under 35,F,7564,8951,16515,1387,0.1833685880486515
23390,83616,63,60-64,F,7831,8685,16516,854,0.109053760694675
25679,01835,26,Under 35,M,6828,9689,16517,2861,0.4190099589923843
28489,01760,37,35-39,F,7718,8800,16518,1082,0.1401917595231925
23522,98541,70,70-74,M,7606,8913,16519,1307,0.171838022613726
26233,01852,27,Under 35,F,7199,9320,16519,2121,0.2946242533685234
23436,95012,60,60-64,F,7957,8562,16519,605,0.0760336810355661
25295,02132,29,Under 35,F,7877,8645,16522,768,0.0974990478608607
25089,05446,24,Under 35,M,7195,9327,16522,2132,0.2963168867268936
26912,60614,45,45-49,F,7591,8931,16522,1340,0.1765248320379396
25539,02476,33,Under 35,M,6917,9606,16523,2689,0.3887523492843718
20611,76226,52,50-54,F,7128,9396,16524,2268,0.3181818181818182
26076,03862,57,55-59,M,7377,9149,16526,1772,0.2402060458180832
28427,02045,33,Under 35,F,7877,8650,16527,773,0.0981338072870382
29587,02460,44,40-44,F,7942,8585,16527,643,0.0809619743137748
25954,01945,55,55-59,M,7469,9059,16528,1590,0.2128799036015531
22057,27502,55,55-59,F,7799,8731,16530,932,0.1195025003205539
23497,06851,60,60-64,F,7320,9210,16530,1890,0.2581967213114754
29569,10475,59,55-59,M,8404,8133,16537,-271,-0.032246549262256
21912,94531,52,50-54,F,7968,8570,16538,602,0.0755522088353413
28619,02072,42,40-44,F,7949,8590,16539,641,0.0806390740973707
15739,80443,70,70-74,M,8046,8493,16539,447,0.0555555555555555
15920,10075,69,65-69,F,8046,8493,16539,447,0.0555555555555555
30396,02134,26,Under 35,F,7786,8754,16540,968,0.1243257128178782
23491,85658,60,60-64,F,7787,8753,16540,966,0.1240529086939771
29682,02461,43,40-44,F,8166,8374,16540,208,0.0254714670585353
26065,01890,56,55-59,M,7333,9208,16541,1875,0.2556934406109368
24588,02114,39,35-39,F,7907,8634,16541,727,0.0919438472239787
25772,02190,41,40-44,F,7855,8689,16544,834,0.1061744112030553
29248,02459,29,Under 35,M,6528,10018,16546,3490,0.5346200980392157
27487,07304,42,40-44,M,7926,8622,16548,696,0.0878122634367903
25039,01524,26,Under 35,F,7549,9002,16551,1453,0.1924758246125314
25362,02301,36,35-39,F,7595,8958,16553,1363,0.1794601711652403
25183,02114,26,Under 35,M,7584,8969,16553,1385,0.1826213080168776
28063,02139,24,Under 35,F,7778,8776,16554,998,0.12831061969658
23508,08205,62,60-64,F,7727,8830,16557,1103,0.142746214572279
23193,92037,73,70-74,M,7764,8796,16560,1032,0.1329211746522411
26693,06033,59,55-59,M,7778,8783,16561,1005,0.129210593983029
25623,01772,47,45-49,M,7330,9233,16563,1903,0.2596180081855389
20930,08205,61,60-64,M,7436,9127,16563,1691,0.2274072081764389
25149,10017,27,Under 35,F,7478,9087,16565,1609,0.215164482481947
17855,19134,36,35-39,F,7465,9100,16565,1635,0.2190221031480241
28355,02048,36,35-39,M,7214,9351,16565,2137,0.2962295536456889
23303,06320,61,60-64,F,7805,8761,16566,956,0.1224855861627162
15747,80401,70,70-74,M,7185,9382,16567,2197,0.3057759220598469
23149,07052,61,60-64,F,7812,8760,16572,948,0.1213517665130568
22315,40031,67,65-69,M,7386,9187,16573,1801,0.243839696723531
22469,85234,68,65-69,M,7446,9127,16573,1681,0.2257587966693526
15561,02061,43,40-44,F,7729,8846,16575,1117,0.1445206365635916
22712,30548,68,65-69,M,7409,9166,16575,1757,0.237144014036982
24029,02468,43,40-44,F,7518,9057,16575,1539,0.2047086991221069
23646,29902,67,65-69,F,7115,9461,16576,2346,0.3297259311314125
17965,11377,39,35-39,F,6876,9700,16576,2824,0.4107038976148924
27908,02127,27,Under 35,M,6730,9847,16577,3117,0.463150074294205
21970,95667,65,65-69,F,7898,8679,16577,781,0.0988857938718663
18518,92651,61,60-64,M,6921,9657,16578,2736,0.3953185955786736
19103,84043,41,40-44,F,7723,8855,16578,1132,0.1465751650912857
28622,75028,29,Under 35,F,8125,8455,16580,330,0.0406153846153846
22563,92688,65,65-69,M,7155,9425,16580,2270,0.3172606568832984
16314,53534,30,Under 35,F,7449,9132,16581,1683,0.2259363672976238
27547,07020,49,45-49,M,7487,9094,16581,1607,0.2146387070922933
24273,02150,28,Under 35,F,8052,8531,16583,479,0.0594883258817685
26582,02445,25,Under 35,F,7633,8950,16583,1317,0.1725402856019913
5312,10003,46,45-49,M,6966,9618,16584,2652,0.3807062876830319
24641,02769,41,40-44,F,7804,8780,16584,976,0.1250640697078421
20027,79912,49,45-49,F,7744,8840,16584,1096,0.1415289256198347
27283,02030,34,Under 35,M,6989,9596,16585,2607,0.3730147374445557
23647,14534,70,70-74,F,7843,8743,16586,900,0.1147520081601428
26413,02144,29,Under 35,F,7343,9244,16587,1901,0.2588860138907803
25729,01984,38,35-39,M,7891,8698,16589,807,0.1022684070460017
24270,92627,27,Under 35,F,8186,8404,16590,218,0.0266308331297336
24901,01845,54,50-54,M,7999,8591,16590,592,0.0740092511563945
25253,01821,24,Under 35,M,7354,9237,16591,1883,0.2560511286374762
23687,94708,65,65-69,F,7814,8778,16592,964,0.1233683132838495
23549,14850,73,70-74,M,7548,9044,16592,1496,0.1981981981981982
22079,80526,65,65-69,M,7609,8984,16593,1375,0.1807070574319884
26805,01604,40,40-44,M,7714,8881,16595,1167,0.151283380865958
24955,02176,57,55-59,F,7752,8844,16596,1092,0.1408668730650154
21269,32605,62,60-64,M,6710,9886,16596,3176,0.4733233979135618
26975,28202,24,Under 35,M,7211,9385,16596,2174,0.3014838441270281
15931,27707,80,80 and Over,M,8136,8460,16596,324,0.0398230088495575
28229,11237,25,Under 35,M,7195,9402,16597,2207,0.3067407922168172
22718,19087,57,55-59,F,6821,9776,16597,2955,0.4332209353467233
25571,85254,48,45-49,M,7810,8788,16598,978,0.1252240717029449
26191,02030,21,Under 35,M,6999,9599,16598,2600,0.3714816402343192
23200,19454,66,65-69,F,7493,9107,16600,1614,0.2154010409715734
24744,02141,32,Under 35,F,8060,8542,16602,482,0.0598014888337469
29503,15201,39,35-39,M,7879,8725,16604,846,0.1073740322375936
29982,02921,28,Under 35,M,7200,9405,16605,2205,0.30625
25747,02143,28,Under 35,M,7283,9324,16607,2041,0.2802416586571468
21941,91765,52,50-54,F,7687,8921,16608,1234,0.1605307662286978
18769,92808,40,40-44,F,7461,9147,16608,1686,0.2259750703659027
21899,08031,55,55-59,F,6863,9747,16610,2884,0.4202243916654524
15723,48134,66,65-69,M,7207,9403,16610,2196,0.3047037602331067
24871,01420,24,Under 35,M,7344,9269,16613,1925,0.2621187363834422
25674,10011,27,Under 35,F,8260,8354,16614,94,0.0113801452784503
21412,70810,49,45-49,F,7298,9317,16615,2019,0.2766511372978898
12292,07076,52,50-54,M,6184,10431,16615,4247,0.6867723156532989
15938,29571,67,65-69,F,7861,8754,16615,893,0.1135987787813255
23318,98118,60,60-64,F,7880,8737,16617,857,0.1087563451776649
26400,02127,26,Under 35,F,7764,8853,16617,1089,0.1402627511591962
18873,01532,54,50-54,F,7565,9053,16618,1488,0.1966953073364177
15175,90403,59,55-59,M,6544,10075,16619,3531,0.5395782396088019
17831,22314,56,55-59,M,6978,9641,16619,2663,0.381627973631413
25364,02109,25,Under 35,F,7846,8774,16620,928,0.1182768289574305
27051,10036,31,Under 35,M,7554,9067,16621,1513,0.2002912364310299
15901,77586,59,55-59,F,7887,8735,16622,848,0.107518701660961
7924,06830,56,55-59,M,7539,9083,16622,1544,0.2048016978379095
28149,01524,56,55-59,F,8211,8411,16622,200,0.0243575691146023
23477,18064,62,60-64,F,7285,9338,16623,2053,0.2818119423472889
30272,02127,33,Under 35,M,7327,9296,16623,1969,0.2687320868022383
21948,53716,51,50-54,F,7282,9342,16624,2060,0.2828893161219445
25666,01821,28,Under 35,F,7606,9019,16625,1413,0.1857743886405469
11567,78216,49,45-49,M,6482,10144,16626,3662,0.5649490897871028
22515,95354,57,55-59,F,6944,9683,16627,2739,0.3944412442396313
26030,02478,36,35-39,M,7365,9265,16630,1900,0.2579769178547182
26194,60056,28,Under 35,F,7779,8851,16630,1072,0.1378069160560483
28282,80205,24,Under 35,F,7687,8945,16632,1258,0.1636529205151554
23305,98074,61,60-64,F,7768,8865,16633,1097,0.1412203913491246
22514,25304,55,55-59,F,7734,8899,16633,1165,0.1506335660718903
27008,02760,26,Under 35,M,7578,9056,16634,1478,0.1950382686724729
26804,02148,29,Under 35,M,7174,9462,16636,2288,0.3189294675216058
24424,02139,34,Under 35,M,7472,9170,16642,1698,0.2272483940042826
25370,02109,27,Under 35,F,7758,8885,16643,1127,0.1452693993297241
26700,20910,39,35-39,M,8016,8627,16643,611,0.0762225548902195
27333,80112,34,Under 35,F,8264,8382,16646,118,0.0142787996127783
24570,60093,34,Under 35,M,7592,9054,16646,1462,0.1925711275026343
25963,02116,43,40-44,M,7236,9410,16646,2174,0.3004422332780542
25201,60614,26,Under 35,F,7590,9056,16646,1466,0.1931488801054018
26738,01772,38,35-39,M,7775,8872,16647,1097,0.1410932475884244
23351,37211,62,60-64,F,7599,9049,16648,1450,0.1908145808659034
22815,43560,61,60-64,F,7804,8844,16648,1040,0.133264992311635
25470,03031,22,Under 35,F,7341,9308,16649,1967,0.2679471461653726
29020,02124,30,Under 35,M,7466,9184,16650,1718,0.2301098312349317
19561,85712,50,50-54,F,7370,9281,16651,1911,0.2592944369063772
21937,54115,53,50-54,F,7554,9098,16652,1544,0.2043950225046333
26689,78741,26,Under 35,F,7857,8795,16652,938,0.1193839887997963
26906,02128,25,Under 35,M,8522,8132,16654,-390,-0.0457639051865759
19191,50266,62,60-64,M,6472,10182,16654,3710,0.573238566131026
26653,01801,34,Under 35,M,7813,8845,16658,1032,0.1320875463970306
26072,02186,35,35-39,F,8321,8337,16658,16,0.0019228458118014
23660,92677,68,65-69,F,8115,8544,16659,429,0.0528650646950092
22715,18612,58,55-59,F,7265,9395,16660,2130,0.2931865106675843
24798,02125,38,35-39,M,7869,8791,16660,922,0.1171686364214004
19978,39503,66,65-69,M,7310,9350,16660,2040,0.2790697674418604
25241,02186,23,Under 35,M,7671,8989,16660,1318,0.1718159301264502
14413,28469,42,40-44,F,7287,9374,16661,2087,0.2864004391381913
27428,02472,33,Under 35,M,7648,9013,16661,1365,0.1784780334728033
19366,14617,60,60-64,M,7070,9592,16662,2522,0.3567185289957567
24227,66208,48,45-49,M,8129,8535,16664,406,0.0499446426374707
15571,33176,51,50-54,M,6967,9697,16664,2730,0.3918472800344481
26703,03304,23,Under 35,F,8068,8597,16665,529,0.0655676747645017
27509,01606,50,50-54,M,7824,8841,16665,1017,0.1299846625766871
26831,02127,29,Under 35,F,7790,8875,16665,1085,0.1392811296534018
20860,08540,45,45-49,F,7714,8953,16667,1239,0.160617059891107
29393,02132,31,Under 35,M,7459,9210,16669,1751,0.2347499664834428
15947,78041,50,50-54,M,6911,9759,16670,2848,0.4120966575025322
29866,01570,34,Under 35,M,7458,9213,16671,1755,0.2353177795655671
29677,02126,40,40-44,M,8013,8659,16672,646,0.0806189941345313
26760,01923,26,Under 35,F,7808,8866,16674,1058,0.1355020491803278
24302,03110,25,Under 35,M,7063,9611,16674,2548,0.3607532210109019
24677,02170,31,Under 35,F,7782,8893,16675,1111,0.1427653559496273
28431,06468,25,Under 35,F,7707,8969,16676,1262,0.1637472427663163
28299,02132,27,Under 35,M,7858,8819,16677,961,0.122295749554594
26660,02155,55,55-59,M,7271,9407,16678,2136,0.2937697703204511
24864,02127,27,Under 35,F,7617,9061,16678,1444,0.1895759485361691
25339,92007,26,Under 35,F,7644,9035,16679,1391,0.1819727891156462
12451,23229,54,50-54,M,7275,9405,16680,2130,0.2927835051546392
25924,01880,28,Under 35,F,7975,8706,16681,731,0.0916614420062695
28203,02186,39,35-39,M,7150,9533,16683,2383,0.3332867132867133
23650,03820,67,65-69,F,7753,8930,16683,1177,0.1518122017283632
20798,98027,61,60-64,M,7003,9683,16686,2680,0.3826931315150649
3384,44124,35,35-39,M,7636,9050,16686,1414,0.1851754845468831
30677,03833,41,40-44,M,7768,8919,16687,1151,0.1481719876416065
28195,01527,45,45-49,F,7950,8737,16687,787,0.0989937106918239
23504,35803,61,60-64,F,7927,8762,16689,835,0.1053361927589252
29275,30319,31,Under 35,M,7750,8939,16689,1189,0.1534193548387096
28925,02368,31,Under 35,F,7697,8995,16692,1298,0.1686371313498765
19787,03301,48,45-49,F,7182,9510,16692,2328,0.3241436925647452
27335,90049,48,45-49,F,7424,9269,16693,1845,0.2485183189655172
22881,75076,65,65-69,M,7956,8737,16693,781,0.0981649069884364
14807,02148,31,Under 35,F,5942,10752,16694,4810,0.8094917536183104
23628,90049,67,65-69,F,7804,8891,16695,1087,0.1392875448487955
22901,90803,68,65-69,M,7774,8923,16697,1149,0.1478003601749421
24751,02474,28,Under 35,F,7395,9303,16698,1908,0.2580121703853955
25493,02118,24,Under 35,F,7941,8757,16698,816,0.1027578390630902
28059,11753,54,50-54,M,7901,8797,16698,896,0.1134033666624478
23112,08816,60,60-64,F,7190,9508,16698,2318,0.3223922114047288
23836,02356,20,Under 35,F,7412,9287,16699,1875,0.2529681597409606
26336,04105,49,45-49,M,8190,8510,16700,320,0.039072039072039
26074,01890,30,Under 35,F,8045,8656,16701,611,0.0759477936606587
24057,73034,36,35-39,M,7358,9346,16704,1988,0.2701821147050829
24099,33701,47,45-49,M,7370,9335,16705,1965,0.2666214382632293
20579,75069,61,60-64,M,7159,9548,16707,2389,0.3337058248358709
7732,02144,31,Under 35,F,7095,9613,16708,2518,0.3548978153629316
22063,80125,67,65-69,M,7433,9276,16709,1843,0.2479483384905152
24453,06820,22,Under 35,F,6241,10471,16712,4230,0.6777759974363082
9996,78704,30,Under 35,M,7385,9328,16713,1943,0.2631008801624915
20910,49203,68,65-69,F,7982,8731,16713,749,0.0938361312954146
19025,30066,40,40-44,F,7935,8778,16713,843,0.1062381852551984
22601,95819,59,55-59,F,7090,9625,16715,2535,0.3575458392101551
26776,10577,57,55-59,M,7390,9325,16715,1935,0.2618403247631935
29387,01950,57,55-59,F,7442,9275,16717,1833,0.2463047567858102
28411,20854,53,50-54,M,7991,8727,16718,736,0.0921036165686397
22717,93401,57,55-59,F,7538,9180,16718,1642,0.2178296630405943
28233,01701,50,50-54,F,7898,8822,16720,924,0.116991643454039
15828,02891,57,55-59,F,7205,9517,16722,2312,0.3208882720333102
26731,02138,24,Under 35,F,7830,8893,16723,1063,0.1357598978288633
27787,02122,32,Under 35,M,7935,8788,16723,853,0.1074984247006931
26564,02465,49,45-49,M,7504,9220,16724,1716,0.2286780383795309
22033,83001,63,60-64,M,7531,9194,16725,1663,0.2208206081529677
23759,12159,73,70-74,F,7984,8742,16726,758,0.094939879759519
25067,01520,31,Under 35,F,7929,8797,16726,868,0.1094715600958506
19629,92069,60,60-64,M,6304,10423,16727,4119,0.6533946700507615
25888,01720,36,35-39,F,7973,8755,16728,782,0.0980810234541577
22020,94121,54,50-54,F,7403,9325,16728,1922,0.2596244765635553
17585,84042,37,35-39,F,7583,9146,16729,1563,0.2061189502835289
29650,02038,25,Under 35,F,7839,8890,16729,1051,0.1340732236254624
20979,95747,50,50-54,F,7749,8981,16730,1232,0.1589882565492321
29453,03038,43,40-44,F,8213,8517,16730,304,0.0370144892244003
24610,01890,22,Under 35,M,8057,8673,16730,616,0.0764552562988705
19013,11216,43,40-44,F,7234,9496,16730,2262,0.3126900746474979
20789,72002,48,45-49,F,7368,9364,16732,1996,0.2709011943539631
25266,02466,32,Under 35,M,8211,8522,16733,311,0.0378760199732066
25259,11249,27,Under 35,F,8214,8521,16735,307,0.0373752130508887
15867,12946,56,55-59,F,7566,9169,16735,1603,0.211868887126619
27584,11426,49,45-49,M,7689,9049,16738,1360,0.1768760567043829
25252,02120,32,Under 35,F,7433,9307,16740,1874,0.2521189290999596
25781,02190,24,Under 35,M,7322,9418,16740,2096,0.2862605845397432
26009,01760,26,Under 35,F,8186,8555,16741,369,0.0450769606645492
11295,07940,45,45-49,M,6910,9831,16741,2921,0.4227206946454414
13282,79424,62,60-64,M,7136,9605,16741,2469,0.3459921524663677
15916,02420,60,60-64,F,7617,9126,16743,1509,0.1981094919259551
21186,21212,66,65-69,M,7804,8940,16744,1136,0.1455663762173244
15721,13452,65,65-69,M,7098,9649,16747,2551,0.3593970132431671
21841,80122,54,50-54,F,7229,9519,16748,2290,0.316779637570895
26835,96218,51,50-54,F,7838,8910,16748,1072,0.1367695840775708
23082,48114,56,55-59,F,7527,9222,16749,1695,0.2251893184535671
25944,02127,25,Under 35,F,7171,9578,16749,2407,0.3356575094129131
25606,01843,32,Under 35,F,8400,8351,16751,-49,-0.0058333333333333
28302,02136,29,Under 35,M,7946,8805,16751,859,0.1081047067707022
28965,01701,35,35-39,M,7269,9482,16751,2213,0.3044435273077452
29541,02135,28,Under 35,F,7458,9296,16754,1838,0.2464467685706624
12717,07083,50,50-54,M,6029,10725,16754,4696,0.7789019737933323
25445,14612,45,45-49,F,8237,8518,16755,281,0.0341143620250091
16618,20814,39,35-39,F,7195,9562,16757,2367,0.3289784572619875
27344,97210,28,Under 35,F,8063,8695,16758,632,0.0783827359543594
25566,06820,36,35-39,M,7421,9338,16759,1917,0.2583209809998652
25375,03908,35,35-39,M,7593,9167,16760,1574,0.2072961938627683
20308,37212,62,60-64,M,7485,9276,16761,1791,0.2392785571142284
14768,94117,26,Under 35,F,6333,10430,16763,4097,0.6469287857255644
23738,48167,73,70-74,F,7639,9124,16763,1485,0.194397172404765
23401,01543,70,70-74,M,7790,8974,16764,1184,0.15198973042362
26498,02703,42,40-44,F,7100,9667,16767,2567,0.3615492957746479
18925,89021,62,60-64,M,6882,9890,16772,3008,0.4370822435338564
25936,02021,32,Under 35,F,8085,8688,16773,603,0.074582560296846
23004,44644,64,60-64,F,7754,9020,16774,1266,0.1632705700283724
27028,76040,55,55-59,M,7751,9023,16774,1272,0.1641078570507031
25263,02492,36,35-39,F,7689,9086,16775,1397,0.1816881258941344
28139,20011,38,35-39,M,7656,9119,16775,1463,0.1910919540229885
22661,97229,56,55-59,F,8065,8710,16775,645,0.0799752014879107
22678,97202,56,55-59,F,8064,8711,16775,647,0.0802331349206349
23148,49331,60,60-64,F,7443,9333,16776,1890,0.2539298669891173
26242,02341,20,Under 35,M,7544,9233,16777,1689,0.2238865323435843
26606,02145,22,Under 35,M,6384,10397,16781,4013,0.6286027568922306
27465,10069,36,35-39,F,8330,8451,16781,121,0.0145258103241296
22774,50310,56,55-59,F,7563,9219,16782,1656,0.2189607298690995
25628,27606,42,40-44,F,7821,8963,16784,1142,0.1460171333589055
25585,11725,29,Under 35,F,7518,9266,16784,1748,0.2325086459164671
22739,53150,59,55-59,F,7786,8999,16785,1213,0.1557924479835602
24053,33131,55,55-59,F,7786,8999,16785,1213,0.1557924479835602
19051,32746,45,45-49,F,6942,9845,16787,2903,0.4181791990780755
30631,77441,40,40-44,M,7937,8850,16787,913,0.1150308680861786
25979,03909,64,60-64,M,7997,8792,16789,795,0.0994122796048518
23087,30024,57,55-59,F,7852,8937,16789,1085,0.1381813550687723
27455,54115,48,45-49,F,8248,8541,16789,293,0.0355237633365664
20613,75024,63,60-64,M,7103,9688,16791,2585,0.3639307334928903
22769,80302,59,55-59,F,7641,9151,16792,1510,0.1976181128124591
24027,20005,25,Under 35,F,8304,8488,16792,184,0.0221579961464354
25525,02066,24,Under 35,M,6623,10171,16794,3548,0.5357088932507927
22856,54534,65,65-69,M,7406,9389,16795,1983,0.267755873615987
23499,03062,63,60-64,F,7702,9094,16796,1392,0.1807322773305635
29016,60010,36,35-39,M,7467,9329,16796,1862,0.2493638676844783
23073,20871,69,65-69,M,7584,9213,16797,1629,0.2147943037974683
29319,02127,42,40-44,M,7930,8867,16797,937,0.1181588902900378
22319,60462,68,65-69,M,7305,9493,16798,2188,0.2995208761122518
27721,01609,52,50-54,M,7982,8818,16800,836,0.1047356552242545
25719,60047,54,50-54,F,8109,8691,16800,582,0.0717721050684424
23062,57719,59,55-59,F,7666,9134,16800,1468,0.1914949126010957
25027,01085,38,35-39,F,7994,8808,16802,814,0.101826369777333
26450,94947,48,45-49,M,7685,9119,16804,1434,0.1865972674040338
25426,02127,26,Under 35,M,7718,9086,16804,1368,0.1772479917076962
21034,14534,45,45-49,F,7548,9258,16806,1710,0.2265500794912559
26214,02215,28,Under 35,F,8219,8588,16807,369,0.0448959727460761
20530,76657,45,45-49,F,7223,9584,16807,2361,0.3268724906548526
20526,49071,65,65-69,M,6927,9881,16808,2954,0.4264472354554641
26530,10037,36,35-39,M,7535,9273,16808,1738,0.2306569343065693
23581,60025,67,65-69,F,7736,9072,16808,1336,0.1726990692864529
26392,02127,25,Under 35,F,7757,9052,16809,1295,0.1669459842722702
26772,01982,54,50-54,F,7898,8911,16809,1013,0.1282603190681185
26448,02215,24,Under 35,F,7793,9016,16809,1223,0.1569357115359938
24344,01462,27,Under 35,F,7706,9104,16810,1398,0.1814170776018686
27297,01520,51,50-54,F,8211,8601,16812,390,0.0474972597734746
27040,28203,35,35-39,F,7566,9247,16813,1681,0.2221781654771345
26416,02453,29,Under 35,M,6898,9918,16816,3020,0.4378080603073354
14300,91601,33,Under 35,F,7417,9399,16816,1982,0.2672239449912363
26929,46304,44,40-44,M,7336,9480,16816,2144,0.292257360959651
29018,02332,36,35-39,F,7696,9121,16817,1425,0.1851611226611226
26177,97103,51,50-54,M,7703,9114,16817,1411,0.1831753862131637
25048,02135,27,Under 35,F,7877,8940,16817,1063,0.134949854005332
24594,02760,24,Under 35,M,6911,9907,16818,2996,0.4335117927940963
24704,41074,43,40-44,F,7691,9127,16818,1436,0.1867117409959693
19423,93117,52,50-54,F,6667,10151,16818,3484,0.5225738713064346
25003,02093,34,Under 35,M,7126,9693,16819,2567,0.3602301431378052
23457,23430,70,70-74,M,7422,9400,16822,1978,0.2665049851791969
26058,02113,23,Under 35,F,7539,9287,16826,1748,0.2318609895211566
25053,02108,29,Under 35,F,8356,8470,16826,114,0.0136428913355672
25124,44118,38,35-39,M,6866,9960,16826,3094,0.4506262743955724
27593,95030,53,50-54,M,7468,9359,16827,1891,0.2532137118371719
28154,30309,24,Under 35,F,7976,8853,16829,877,0.1099548645937813
28036,02459,18,Under 35,M,7865,8967,16832,1102,0.1401144310235219
30664,10701,33,Under 35,M,7306,9527,16833,2221,0.3039967150287435
20733,03223,46,45-49,F,6585,10248,16833,3663,0.5562642369020501
28574,02115,26,Under 35,F,8269,8565,16834,296,0.035796347805055
29897,02151,46,45-49,F,7773,9062,16835,1289,0.1658304386980574
23670,84310,65,65-69,F,8456,8380,16836,-76,-0.0089877010406811
26264,02446,49,45-49,M,7289,9547,16836,2258,0.3097818630813554
21024,43206,46,45-49,F,6980,9858,16838,2878,0.4123209169054441
23724,02554,66,65-69,F,8185,8653,16838,468,0.05717776420281
23600,81611,72,70-74,F,7689,9149,16838,1460,0.1898816491091169
12835,85203,62,60-64,M,6556,10283,16839,3727,0.5684868822452716
12054,44643,46,45-49,M,6620,10221,16841,3601,0.5439577039274924
30222,86005,39,35-39,M,7944,8897,16841,953,0.1199647532729103
26673,03087,44,40-44,F,7760,9082,16842,1322,0.170360824742268
23231,87121,60,60-64,F,7725,9119,16844,1394,0.1804530744336569
24841,98199,42,40-44,F,8138,8706,16844,568,0.0697960186778078
23471,33705,66,65-69,F,8096,8749,16845,653,0.0806571146245059
14538,14075,56,55-59,M,7472,9374,16846,1902,0.2545503211991434
28893,02210,27,Under 35,M,7285,9562,16847,2277,0.3125600549073438
27729,06880,40,40-44,M,7423,9426,16849,2003,0.2698369931294624
24984,33629,36,35-39,M,7764,9086,16850,1322,0.1702730551262236
29140,20815,23,Under 35,F,7516,9338,16854,1822,0.2424161788185204
23298,97381,62,60-64,F,7512,9342,16854,1830,0.2436102236421725
29380,01906,59,55-59,M,7938,8916,16854,978,0.1232048374905517
25084,01834,37,35-39,F,8019,8837,16856,818,0.1020077316373612
27823,02840,45,45-49,F,7129,9728,16857,2599,0.3645672604853415
20347,60439,48,45-49,F,7364,9493,16857,2129,0.2891091797935904
23618,07081,68,65-69,F,7834,9025,16859,1191,0.1520296145008935
27556,01969,23,Under 35,M,7321,9538,16859,2217,0.3028274825843464
21262,53590,45,45-49,F,7688,9172,16860,1484,0.1930280957336108
15625,08540,43,40-44,F,7461,9400,16861,1939,0.2598847339498726
15636,02066,43,40-44,F,7445,9417,16862,1972,0.2648757555406313
29046,01890,24,Under 35,F,8054,8809,16863,755,0.0937422398808045
27529,02127,26,Under 35,F,8095,8768,16863,673,0.0831377393452748
29291,02122,31,Under 35,M,7714,9150,16864,1436,0.1861550427793622
25806,02110,54,50-54,F,8056,8808,16864,752,0.0933465739821251
5770,06897,48,45-49,M,7005,9861,16866,2856,0.4077087794432548
19202,28203,40,40-44,F,6820,10046,16866,3226,0.4730205278592375
23378,98001,60,60-64,F,7756,9110,16866,1354,0.1745745229499742
28213,02190,39,35-39,M,8200,8666,16866,466,0.0568292682926829
29598,11205,41,40-44,F,8146,8720,16866,574,0.0704640314264669
30452,10452,30,Under 35,M,7217,9650,16867,2433,0.337120687266177
29596,11205,39,35-39,M,8147,8720,16867,573,0.0703326377807782
20589,76710,49,45-49,F,7182,9687,16869,2505,0.3487886382623225
24760,05346,29,Under 35,F,7127,9743,16870,2616,0.3670548617931808
27656,07052,56,55-59,M,6970,9901,16871,2931,0.4205164992826399
26632,01821,23,Under 35,F,7728,9145,16873,1417,0.1833592132505176
26626,01821,55,55-59,F,7910,8963,16873,1053,0.1331226295828065
29473,02132,43,40-44,M,7996,8877,16873,881,0.1101800900450225
23698,87123,67,65-69,F,7856,9019,16875,1163,0.1480397148676171
22870,44303,65,65-69,M,7186,9691,16877,2505,0.3485944892847203
23299,32461,60,60-64,F,7713,9165,16878,1452,0.1882535978218592
23063,32408,55,55-59,F,7713,9165,16878,1452,0.1882535978218592
23306,85718,68,65-69,F,7519,9360,16879,1841,0.244846389147493
24998,02839,22,Under 35,F,8052,8827,16879,775,0.0962493790362642
25340,14604,32,Under 35,F,8091,8788,16879,697,0.0861450994932641
26605,98112,37,35-39,M,8043,8836,16879,793,0.0985950515976625
26518,02368,40,40-44,F,8437,8443,16880,6,0.0007111532535261
21502,33004,61,60-64,M,6880,10000,16880,3120,0.4534883720930232
23028,48423,65,65-69,M,7682,9199,16881,1517,0.1974746159854204
21391,49464,47,45-49,F,7822,9060,16882,1238,0.1582715418051649
15837,32792,46,45-49,F,7941,8942,16883,1001,0.1260546530663644
24265,02210,29,Under 35,M,8099,8784,16883,685,0.0845783430053093
22682,20815,56,55-59,F,7707,9177,16884,1470,0.1907356948228883
18531,21042,45,45-49,F,7258,9627,16885,2369,0.3263984568751722
25998,01890,29,Under 35,F,7578,9307,16885,1729,0.2281604645025072
18727,99567,60,60-64,M,6841,10045,16886,3204,0.468352580032159
23173,45429,61,60-64,F,7771,9116,16887,1345,0.1730793977609059
27920,10038,24,Under 35,F,7382,9506,16888,2124,0.2877269032782444
28638,35216,41,40-44,M,8037,8851,16888,814,0.1012815727261415
20237,84770,56,55-59,F,7181,9708,16889,2527,0.3519008494638629
23399,85201,62,60-64,F,8034,8859,16893,825,0.1026885735623599
28373,10514,44,40-44,F,7925,8970,16895,1045,0.1318611987381703
25450,94102,24,Under 35,M,7726,9170,16896,1444,0.1869013719906808
14062,27705,27,Under 35,F,7145,9752,16897,2607,0.3648705388383484
19461,34432,58,55-59,M,6311,10586,16897,4275,0.6773886864205356
24229,01960,27,Under 35,F,7143,9756,16899,2613,0.3658126837463251
16984,78669,45,45-49,F,7178,9722,16900,2544,0.3544162719420451
23194,92101,59,55-59,F,7760,9141,16901,1381,0.1779639175257732
21401,77494,46,45-49,F,8232,8671,16903,439,0.0533284742468415
30422,32266,32,Under 35,F,8278,8625,16903,347,0.0419183377627446
26147,02871,40,40-44,F,8261,8642,16903,381,0.0461203244159302
18068,85248,51,50-54,F,7196,9709,16905,2513,0.3492217898832684
29523,04021,50,50-54,M,7967,8938,16905,971,0.1218777457010167
23388,98685,62,60-64,F,8322,8583,16905,261,0.0313626532083633
25642,02129,45,45-49,M,7548,9359,16907,1811,0.2399311075781664
24400,02332,28,Under 35,F,8274,8633,16907,359,0.0433889291757312
26236,02043,31,Under 35,F,7946,8964,16910,1018,0.1281147747294236
21638,45203,68,65-69,M,7922,8988,16910,1066,0.134561979298157
27200,02053,46,45-49,F,7775,9138,16913,1363,0.1753054662379421
23657,43606,66,65-69,F,7696,9219,16915,1523,0.1978950103950104
23356,53916,67,65-69,F,7507,9409,16916,1902,0.2533635273744505
7784,05452,49,45-49,F,7604,9313,16917,1709,0.2247501315097317
24332,34202,41,40-44,F,7678,9239,16917,1561,0.2033081531648866
24564,02171,54,50-54,M,7729,9190,16919,1461,0.1890283348427998
26773,02066,28,Under 35,F,8310,8610,16920,300,0.0361010830324909
27916,80911,24,Under 35,F,7978,8942,16920,964,0.120832288794184
23336,01564,70,70-74,M,7336,9586,16922,2250,0.3067066521264994
23315,32224,62,60-64,F,7685,9238,16923,1553,0.202081977878985
22492,68046,61,60-64,F,7627,9298,16925,1671,0.2190900747344958
22281,80302,65,65-69,M,7027,9899,16926,2872,0.408709264266401
13215,03301,36,35-39,F,6503,10424,16927,3921,0.6029524834691681
21358,92801,48,45-49,F,7426,9501,16927,2075,0.2794236466469162
26879,10962,21,Under 35,F,7774,9154,16928,1380,0.1775147928994082
28147,02129,29,Under 35,F,7686,9242,16928,1556,0.2024460057246942
23512,90275,62,60-64,F,7641,9288,16929,1647,0.215547703180212
13920,77077,50,50-54,M,7474,9457,16931,1983,0.2653197752207653
23167,78757,62,60-64,F,7475,9458,16933,1983,0.2652842809364548
15937,77904,74,70-74,F,7872,9061,16933,1189,0.1510416666666666
20736,84065,55,55-59,F,7547,9387,16934,1840,0.2438054856234265
27938,01701,39,35-39,F,7835,9101,16936,1266,0.1615826419910657
19276,91201,41,40-44,F,7939,8998,16937,1059,0.1333921148759289
9445,77019,47,45-49,M,7112,9827,16939,2715,0.3817491563554556
19549,84663,53,50-54,F,6998,9941,16939,2943,0.4205487282080594
13970,77018,56,55-59,M,7118,9821,16939,2703,0.3797415004214667
30588,12590,44,40-44,M,8001,8939,16940,938,0.1172353455818022
26435,02043,43,40-44,F,8017,8923,16940,906,0.1130098540601222
12788,03784,30,Under 35,F,7673,9267,16940,1594,0.2077414309917893
24816,03784,33,Under 35,M,7673,9267,16940,1594,0.2077414309917893
24021,28205,42,40-44,F,7591,9349,16940,1758,0.2315900408378342
28803,02445,45,45-49,F,7901,9042,16943,1141,0.1444120997342108
22129,45247,50,50-54,F,6425,10520,16945,4095,0.6373540856031128
24402,05153,50,50-54,F,8257,8688,16945,431,0.0521981349158289
15896,17837,55,55-59,F,7376,9569,16945,2193,0.2973156182212581
17431,44632,59,55-59,M,6956,9989,16945,3033,0.4360264519838988
23536,53597,71,70-74,M,8028,8918,16946,890,0.1108619830592924
20918,27960,46,45-49,F,7675,9271,16946,1596,0.2079478827361563
29696,01776,34,Under 35,F,7797,9152,16949,1355,0.1737847890214185
24748,11201,32,Under 35,M,7262,9687,16949,2425,0.3339300468190581
29618,02703,31,Under 35,M,8313,8637,16950,324,0.0389750992421508
23192,01702,55,55-59,F,7847,9105,16952,1258,0.1603160443481585
20026,95014,61,60-64,M,7217,9736,16953,2519,0.3490369959817098
21742,21078,52,50-54,F,7647,9308,16955,1661,0.2172093631489473
15605,02481,58,55-59,F,7760,9195,16955,1435,0.1849226804123711
23516,84010,60,60-64,F,7593,9362,16955,1769,0.232977742657711
18574,19335,52,50-54,F,6809,10147,16956,3338,0.4902335144661477
24230,06107,50,50-54,M,7665,9292,16957,1627,0.2122635355512067
24403,06109,41,40-44,M,7455,9502,16957,2047,0.27458081824279
24617,60093,56,55-59,M,7537,9420,16957,1883,0.249834151519172
29811,01923,37,35-39,F,8243,8716,16959,473,0.0573820211088196
15520,06355,75,75-79,M,8028,8933,16961,905,0.1127304434479322
24228,55063,60,60-64,M,8134,8828,16962,694,0.085320875338087
23104,29223,72,70-74,M,8043,8920,16963,877,0.1090389158274275
17548,43065,57,55-59,M,7454,9511,16965,2057,0.2759592165280386
23098,06482,57,55-59,F,7735,9230,16965,1495,0.1932773109243697
23243,02771,62,60-64,F,7916,9050,16966,1134,0.1432541687721071
20951,64079,60,60-64,M,7725,9244,16969,1519,0.1966343042071197
15753,27612,71,70-74,F,7866,9106,16972,1240,0.1576404780066107
20725,98908,47,45-49,F,7878,9094,16972,1216,0.1543538969281543
21885,30005,65,65-69,M,7873,9100,16973,1227,0.1558491045344849
27345,55124,58,55-59,F,8403,8571,16974,168,0.0199928596929667
20338,93291,49,45-49,F,6996,9981,16977,2985,0.426672384219554
19529,95540,66,65-69,F,6800,10180,16980,3380,0.4970588235294118
27077,06443,37,35-39,M,7408,9574,16982,2166,0.2923866090712743
24483,02120,22,Under 35,F,7247,9738,16985,2491,0.3437284393542155
21546,10040,62,60-64,M,6692,10293,16985,3601,0.5381052002390915
27497,01748,41,40-44,M,8193,8793,16986,600,0.0732332478945441
26850,02067,60,60-64,F,7449,9537,16986,2088,0.2803060813532018
29516,15222,27,Under 35,F,7286,9701,16987,2415,0.3314575898984354
28954,01908,49,45-49,M,8028,8959,16987,931,0.1159691081215744
15578,08080,65,65-69,M,7168,9820,16988,2652,0.3699776785714285
29476,02127,35,35-39,F,7308,9681,16989,2373,0.3247126436781609
29796,15090,44,40-44,M,7331,9660,16991,2329,0.317691992906834
26678,78730,37,35-39,M,7405,9586,16991,2181,0.2945307224848075
26531,14564,45,45-49,F,7323,9668,16991,2345,0.3202239519322682
29235,02127,27,Under 35,F,8133,8859,16992,726,0.0892659535226853
29004,02116,30,Under 35,F,8133,8860,16993,727,0.089388909381532
23473,78759,60,60-64,F,7346,9647,16993,2301,0.3132316907160359
21061,60464,45,45-49,F,7610,9386,16996,1776,0.233377135348226
23704,95758,66,65-69,F,7610,9386,16996,1776,0.233377135348226
25082,01201,38,35-39,M,7526,9470,16996,1944,0.2583045442466117
26437,02139,27,Under 35,M,7335,9663,16998,2328,0.3173824130879346
26482,28277,50,50-54,M,7236,9764,17000,2528,0.3493642896627971
19468,90620,41,40-44,F,6844,10156,17000,3312,0.4839275277615429
22591,02563,65,65-69,M,7340,9660,17000,2320,0.3160762942779291
14535,28540,58,55-59,M,6835,10167,17002,3332,0.4874908558888076
25728,10463,22,Under 35,F,7706,9297,17003,1591,0.2064624967557747
29154,01748,21,Under 35,F,8000,9004,17004,1004,0.1255
20813,10708,63,60-64,F,7501,9504,17005,2003,0.2670310625249966
12037,84325,42,40-44,F,6075,10932,17007,4857,0.7995061728395062
25558,30338,46,45-49,F,7824,9184,17008,1360,0.1738241308793456
22370,11518,65,65-69,M,7891,9118,17009,1227,0.1554936003041439
26314,40207,47,45-49,F,7960,9049,17009,1089,0.1368090452261306
27436,01810,25,Under 35,F,8055,8955,17010,900,0.1117318435754189
25542,02127,25,Under 35,F,8070,8940,17010,870,0.1078066914498141
30227,02852,26,Under 35,F,8413,8598,17011,185,0.0219897777249494
22513,46815,59,55-59,F,7231,9780,17011,2549,0.3525100262757571
22826,13440,59,55-59,F,8085,8926,17011,841,0.1040197897340754
23224,84092,66,65-69,F,8252,8760,17012,508,0.0615608337372758
19194,17601,41,40-44,F,6612,10400,17012,3788,0.572897761645493
23749,03064,71,70-74,F,7988,9025,17013,1037,0.1298197295943916
25742,02493,32,Under 35,F,7782,9234,17016,1452,0.1865844255975327
23036,06470,63,60-64,F,7698,9318,17016,1620,0.2104442712392829
23052,99502,61,60-64,F,7722,9294,17016,1572,0.2035742035742035
23239,30022,64,60-64,F,7411,9606,17017,2195,0.2961813520442585
24874,03064,23,Under 35,M,7351,9667,17018,2316,0.3150591756223643
30533,01950,59,55-59,M,7491,9527,17018,2036,0.2717928180483246
21438,30097,62,60-64,M,7464,9556,17020,2092,0.2802786709539121
23257,34957,64,60-64,F,8422,8599,17021,177,0.0210163856566136
24013,02139,32,Under 35,M,8428,8594,17022,166,0.0196962505932605
24014,02139,32,Under 35,F,8428,8594,17022,166,0.0196962505932605
24893,02139,43,40-44,M,7689,9335,17024,1646,0.2140720509819222
17054,06460,25,Under 35,F,7736,9288,17024,1552,0.2006204756980351
22923,19355,69,65-69,M,7706,9320,17026,1614,0.2094471840124578
28870,02124,24,Under 35,M,7561,9465,17026,1904,0.2518185425208306
17608,84414,56,55-59,M,7032,9995,17027,2963,0.4213594994311718
23154,53022,63,60-64,F,7463,9564,17027,2101,0.2815221760686051
28124,02019,43,40-44,M,7663,9364,17027,1701,0.2219757275218583
21924,20151,50,50-54,F,7440,9587,17027,2147,0.2885752688172043
27587,60630,39,35-39,M,7830,9201,17031,1371,0.175095785440613
30591,90018,27,Under 35,F,8032,9002,17034,970,0.1207669322709163
26259,19102,34,Under 35,M,7256,9780,17036,2524,0.3478500551267916
24631,01778,24,Under 35,F,7775,9262,17037,1487,0.1912540192926045
22852,84737,57,55-59,F,8549,8489,17038,-60,-0.00701836472102
20282,30809,64,60-64,M,7753,9286,17039,1533,0.1977299110021927
13673,92869,56,55-59,M,5954,11086,17040,5132,0.8619415518978838
25160,02145,29,Under 35,F,7735,9305,17040,1570,0.2029734970911441
22904,96821,71,70-74,M,7264,9776,17040,2512,0.3458149779735683
21903,84097,50,50-54,F,7684,9357,17041,1673,0.2177251431546069
18344,84003,42,40-44,F,7684,9357,17041,1673,0.2177251431546069
30643,78410,36,35-39,M,8445,8600,17045,155,0.0183540556542332
30285,01945,27,Under 35,M,6009,11037,17046,5028,0.836744882675986
26617,01970,29,Under 35,F,8446,8601,17047,155,0.0183518825479516
25683,32561,48,45-49,M,7944,9103,17047,1159,0.1458962739174219
29938,23454,49,45-49,M,6856,10193,17049,3337,0.4867269544924154
24423,02474,45,45-49,F,7673,9377,17050,1704,0.2220774143099179
24418,02115,28,Under 35,M,8053,8997,17050,944,0.1172233950080715
29189,02825,51,50-54,M,7480,9570,17050,2090,0.2794117647058823
24921,01453,42,40-44,F,8133,8918,17051,785,0.0965203491946391
30659,02066,21,Under 35,F,8313,8740,17053,427,0.051365331408637
29589,02066,52,50-54,F,7852,9201,17053,1349,0.1718033622007131
22647,45011,65,65-69,M,7469,9585,17054,2116,0.2833043245414379
19804,53151,43,40-44,F,7372,9683,17055,2311,0.3134834508952794
25111,02118,30,Under 35,F,8427,8629,17056,202,0.0239705707843835
23521,43220,67,65-69,F,7737,9320,17057,1583,0.2046012666408168
23675,92612,70,70-74,F,8156,8902,17058,746,0.0914664051005394
29933,02494,25,Under 35,F,7845,9213,17058,1368,0.174378585086042
27831,02141,27,Under 35,F,8038,9021,17059,983,0.1222941030106991
22276,94114,67,65-69,M,7556,9503,17059,1947,0.2576760190577025
15587,29609,36,35-39,F,7260,9801,17061,2541,0.35
25116,01604,28,Under 35,M,7327,9735,17062,2408,0.3286474682680497
21320,75076,62,60-64,M,7956,9106,17062,1150,0.1445449974861739
15948,22920,47,45-49,F,7690,9374,17064,1684,0.2189856957087126
25604,02155,32,Under 35,F,7799,9265,17064,1466,0.1879728170278241
25093,02141,40,40-44,F,8248,8817,17065,569,0.0689864209505334
29307,02122,42,40-44,F,8613,8453,17066,-160,-0.0185765703007082
25580,02632,20,Under 35,M,7911,9155,17066,1244,0.1572493995702187
25174,02127,26,Under 35,F,7874,9193,17067,1319,0.16751333502667
24608,32025,55,55-59,F,8158,8909,17067,751,0.0920568766854621
23166,02649,64,60-64,F,7626,9442,17068,1816,0.2381327039076842
17918,20176,56,55-59,M,7199,9870,17069,2671,0.3710237532990693
28364,01845,28,Under 35,M,7451,9620,17071,2169,0.2911018655214065
29008,01748,18,Under 35,F,7686,9385,17071,1699,0.2210512620348685
27599,01721,50,50-54,M,7652,9420,17072,1768,0.2310507056978567
25947,01721,49,45-49,F,7627,9445,17072,1818,0.2383637078799003
22655,55013,60,60-64,F,7714,9359,17073,1645,0.2132486388384755
25355,10282,23,Under 35,F,7393,9681,17074,2288,0.3094819423779251
28745,01701,45,45-49,F,7461,9613,17074,2152,0.2884331859000134
29362,02135,45,45-49,M,7602,9477,17079,1875,0.2466456195737963
26164,19803,41,40-44,M,8209,8870,17079,661,0.0805213789742965
26165,19803,40,40-44,F,8209,8871,17080,662,0.0806431964916555
23593,04046,73,70-74,M,8022,9058,17080,1036,0.1291448516579406
21305,37069,66,65-69,F,6885,10195,17080,3310,0.4807552650689906
24509,02118,34,Under 35,F,8074,9007,17081,933,0.1155561060193212
17944,75287,55,55-59,M,6419,10662,17081,4243,0.6610063872877395
22842,01007,69,65-69,M,7000,10082,17082,3082,0.4402857142857143
29546,02129,42,40-44,M,7763,9320,17083,1557,0.2005667911889733
29309,02132,32,Under 35,M,7610,9474,17084,1864,0.2449408672798948
17470,55044,40,40-44,F,6607,10478,17085,3871,0.5858937490540336
25118,02459,23,Under 35,F,8518,8567,17085,49,0.0057525240666823
16903,03801,60,60-64,M,7364,9722,17086,2358,0.3202064095600217
23484,33327,60,60-64,F,7717,9369,17086,1652,0.2140728262278087
25316,10520,33,Under 35,M,7326,9761,17087,2435,0.3323778323778323
23697,71105,81,80 and Over,M,8144,8944,17088,800,0.0982318271119842
29293,94114,35,35-39,M,7933,9158,17091,1225,0.1544182528677675
19752,13440,60,60-64,M,6803,10288,17091,3485,0.5122739967661326
26667,01581,48,45-49,M,8015,9078,17093,1063,0.132626325639426
21892,75474,52,50-54,F,7664,9429,17093,1765,0.2302974947807933
22837,21075,58,55-59,F,7844,9249,17093,1405,0.1791177970423253
24694,32826,26,Under 35,F,8317,8778,17095,461,0.0554286401346639
28799,80231,41,40-44,F,7950,9147,17097,1197,0.150566037735849
28778,80210,28,Under 35,F,7951,9146,17097,1195,0.1502955603068796
30589,14517,39,35-39,F,7961,9138,17099,1177,0.1478457480216053
29116,01890,54,50-54,F,7577,9522,17099,1945,0.2566979015441467
24343,01776,26,Under 35,F,7823,9276,17099,1453,0.1857343730026844
28658,33444,43,40-44,M,8006,9094,17100,1088,0.135898076442668
26073,02140,24,Under 35,F,7934,9168,17102,1234,0.1555331484749181
25315,01420,37,35-39,F,8076,9026,17102,950,0.1176324913323427
27469,02128,38,35-39,F,7994,9110,17104,1116,0.1396047035276457
28546,02135,29,Under 35,M,7466,9640,17106,2174,0.2911867130993839
25561,02118,48,45-49,F,7980,9127,17107,1147,0.143734335839599
24808,97306,42,40-44,M,7430,9678,17108,2248,0.302557200538358
24007,34243,64,60-64,F,7493,9615,17108,2122,0.283197651141065
29988,10990,47,45-49,M,7857,9255,17112,1398,0.177930507827415
25812,95209,47,45-49,M,7795,9319,17114,1524,0.1955099422706863
25819,02061,34,Under 35,M,7187,9927,17114,2740,0.3812439126200083
28035,01880,32,Under 35,M,7928,9187,17115,1259,0.1588042381432896
23737,20007,68,65-69,F,8125,8995,17120,870,0.107076923076923
24024,02540,20,Under 35,F,8186,8935,17121,749,0.091497678964085
27462,02910,47,45-49,F,7317,9804,17121,2487,0.3398933989339893
28134,02127,54,50-54,M,7746,9376,17122,1630,0.2104311902917635
13707,97405,30,Under 35,F,5674,11451,17125,5777,1.0181529784984138
28180,01938,44,40-44,M,7465,9663,17128,2198,0.2944407233757535
26464,02466,60,60-64,F,7171,9959,17130,2788,0.388788174592107
26197,33486,27,Under 35,M,7489,9642,17131,2153,0.2874883161970891
25648,02127,29,Under 35,F,8428,8704,17132,276,0.0327479829140958
22897,95409,71,70-74,M,7965,9170,17135,1205,0.1512868801004394
15749,12804,72,70-74,M,8156,8979,17135,823,0.1009073075036782
29270,02127,31,Under 35,M,7789,9347,17136,1558,0.2000256772371292
23047,32766,66,65-69,M,7352,9784,17136,2432,0.3307943416757345
25785,02767,39,35-39,F,8105,9031,17136,926,0.1142504626773596
25472,78704,35,35-39,M,8050,9086,17136,1036,0.128695652173913
26384,01890,32,Under 35,F,8238,8900,17138,662,0.0803593105122602
25300,11206,28,Under 35,M,8214,8925,17139,711,0.0865595325054784
28293,02452,62,60-64,M,7489,9656,17145,2167,0.2893577246628388
27029,20833,41,40-44,F,7584,9562,17146,1978,0.2608122362869198
24379,28117,57,55-59,F,8095,9053,17148,958,0.1183446571957998
24169,01830,51,50-54,M,7945,9204,17149,1259,0.1584644430459408
29961,01867,31,Under 35,F,7680,9469,17149,1789,0.2329427083333333
29981,02132,32,Under 35,M,7546,9604,17150,2058,0.2727272727272727
27295,01520,42,40-44,F,7919,9232,17151,1313,0.1658037631014016
25827,02124,20,Under 35,M,7996,9156,17152,1160,0.145072536268134
21921,14816,51,50-54,F,7669,9483,17152,1814,0.2365367062198461
15526,02128,31,Under 35,M,7517,9635,17152,2118,0.2817613409604895
23699,32033,66,65-69,F,7445,9708,17153,2263,0.3039623908663532
25876,01832,35,35-39,F,7980,9178,17158,1198,0.150125313283208
25240,02122,30,Under 35,F,8153,9006,17159,853,0.1046240647614375
29949,01772,53,50-54,F,7724,9436,17160,1712,0.2216468151216986
26646,02744,33,Under 35,M,7911,9250,17161,1339,0.1692579951965617
23405,48320,65,65-69,F,7854,9308,17162,1454,0.1851285968933027
27011,75204,22,Under 35,M,8019,9143,17162,1124,0.140167103130066
28596,01752,32,Under 35,M,7366,9797,17163,2431,0.3300298669562856
15912,98290,64,60-64,F,7749,9415,17164,1666,0.2149954832881662
22899,38016,56,55-59,F,8480,8684,17164,204,0.0240566037735849
24813,02882,58,55-59,M,7223,9942,17165,2719,0.3764363837740551
26841,01949,26,Under 35,F,8364,8803,17167,439,0.0524868483978957
22758,10033,68,65-69,M,7974,9194,17168,1220,0.1529972410333584
21516,77019,63,60-64,M,6958,10213,17171,3255,0.4678068410462777
25486,02492,24,Under 35,M,7553,9618,17171,2065,0.273401297497683
25714,49546,43,40-44,M,6686,10485,17171,3799,0.5682022135806162
24214,20036,25,Under 35,M,8408,8763,17171,355,0.0422216936251189
29041,03062,27,Under 35,F,7618,9557,17175,1939,0.2545287477028091
26349,02116,28,Under 35,F,7785,9393,17178,1608,0.2065510597302504
25689,02186,35,35-39,M,8058,9120,17178,1062,0.1317944899478778
19585,32571,62,60-64,M,7808,9373,17181,1565,0.2004354508196721
25644,11530,53,50-54,M,8073,9108,17181,1035,0.1282051282051282
25136,78768,66,65-69,M,7618,9563,17181,1945,0.2553163559989498
26234,94559,59,55-59,M,7699,9483,17182,1784,0.2317184049876607
23117,60525,60,60-64,F,7648,9535,17183,1887,0.2467311715481171
24192,91423,49,45-49,M,7602,9581,17183,1979,0.2603262299394896
23510,49093,61,60-64,F,7768,9415,17183,1647,0.2120236869207003
23261,02045,63,60-64,F,7531,9653,17184,2122,0.2817686894170761
22913,67230,65,65-69,M,7173,10011,17184,2838,0.3956503554997909
17806,98028,55,55-59,M,6615,10570,17185,3955,0.5978835978835979
30464,23227,31,Under 35,F,8263,8923,17186,660,0.0798741377223768
26971,32205,45,45-49,M,7596,9590,17186,1994,0.2625065824117957
15584,94123,49,45-49,M,7428,9758,17186,2330,0.3136779752288637
29574,01701,51,50-54,M,7509,9678,17187,2169,0.2888533759488613
24785,01810,32,Under 35,M,7790,9399,17189,1609,0.2065468549422336
16738,21050,47,45-49,F,7166,10023,17189,2857,0.3986882500697739
25620,32082,21,Under 35,F,7713,9476,17189,1763,0.2285751328925191
23430,94587,60,60-64,F,7458,9732,17190,2274,0.3049074818986323
21362,48335,50,50-54,F,7598,9593,17191,1995,0.2625690971308239
24143,02766,30,Under 35,F,7776,9415,17191,1639,0.2107767489711934
30638,02446,38,35-39,M,7220,9972,17192,2752,0.3811634349030471
26001,02446,39,35-39,F,8397,8796,17193,399,0.0475169703465523
7730,19312,65,65-69,M,7521,9673,17194,2152,0.2861321632761601
27539,37027,45,45-49,F,7953,9241,17194,1288,0.1619514648560291
24862,02460,35,35-39,M,6854,10341,17195,3487,0.5087540122556171
25630,28278,43,40-44,M,7769,9429,17198,1660,0.2136697129617711
28201,01581,29,Under 35,M,7279,9920,17199,2641,0.3628245638137107
16330,11372,40,40-44,F,6851,10348,17199,3497,0.5104364326375711
26633,03741,26,Under 35,M,8162,9037,17199,875,0.1072041166380789
22988,48103,55,55-59,F,7299,9902,17201,2603,0.3566241950952185
29463,45215,30,Under 35,M,7722,9481,17203,1759,0.2277907277907278
24575,01923,25,Under 35,F,8242,8961,17203,719,0.0872361077408396
27602,75063,53,50-54,M,8506,8698,17204,192,0.0225723019045379
25065,01772,30,Under 35,F,7936,9268,17204,1332,0.1678427419354838
26839,02125,26,Under 35,F,7890,9315,17205,1425,0.1806083650190114
22349,06511,67,65-69,M,7363,9842,17205,2479,0.3366834170854271
22604,44236,70,70-74,M,7325,9880,17205,2555,0.3488054607508532
25757,02081,40,40-44,M,7169,10036,17205,2867,0.3999163063188729
29690,02138,35,35-39,F,7992,9216,17208,1224,0.1531531531531531
25765,01532,39,35-39,M,7199,10011,17210,2812,0.3906098069176274
21821,01944,56,55-59,F,7819,9394,17213,1575,0.2014324082363473
25989,02169,26,Under 35,F,7472,9741,17213,2269,0.3036670235546038
30043,53948,50,50-54,F,8373,8841,17214,468,0.0558939448226442
30093,02127,27,Under 35,F,8336,8879,17215,543,0.0651391554702495
25710,02879,28,Under 35,F,7937,9281,17218,1344,0.1693335013229179
15731,02906,63,60-64,M,6706,10513,17219,3807,0.5677005666567253
30592,84332,43,40-44,M,8671,8548,17219,-123,-0.0141852150847653
27385,02136,36,35-39,F,8442,8778,17220,336,0.0398009950248756
25921,94939,39,35-39,F,7691,9529,17220,1838,0.2389806267065401
22670,30044,65,65-69,M,7683,9541,17224,1858,0.2418326174671352
25845,20814,48,45-49,M,8250,8974,17224,724,0.0877575757575757
28610,02066,37,35-39,M,7999,9226,17225,1227,0.1533941742717839
22830,44236,67,65-69,M,8268,8957,17225,689,0.0833333333333333
27874,02169,36,35-39,F,8356,8869,17225,513,0.0613930110100526
15483,77008,57,55-59,M,6421,10805,17226,4384,0.6827596947515964
24238,01845,48,45-49,M,8092,9135,17227,1043,0.1288927335640138
12948,63119,54,50-54,M,7516,9711,17227,2195,0.2920436402341671
23238,21146,66,65-69,M,7498,9729,17227,2231,0.2975460122699386
26095,01702,32,Under 35,F,7803,9425,17228,1622,0.2078687684224016
26157,48189,35,35-39,M,8310,8922,17232,612,0.0736462093862816
26023,01944,21,Under 35,M,7635,9597,17232,1962,0.2569744597249508
24330,02116,25,Under 35,F,7067,10166,17233,3099,0.4385170510824961
22150,02420,66,65-69,M,7483,9751,17234,2268,0.3030869971936389
27820,01945,38,35-39,M,7588,9647,17235,2059,0.2713494992092778
23357,98011,60,60-64,F,7880,9355,17235,1475,0.1871827411167512
27505,27513,40,40-44,M,8302,8933,17235,631,0.0760057817393399
23596,27511,75,75-79,M,7982,9255,17237,1273,0.1594838386369331
3524,23229,29,Under 35,M,6821,10417,17238,3596,0.5271954258906318
20642,80919,71,70-74,M,8142,9098,17240,956,0.1174158683370179
28447,02360,47,45-49,M,8120,9120,17240,1000,0.1231527093596059
12632,92130,53,50-54,M,6180,11061,17241,4881,0.7898058252427185
22908,20905,66,65-69,M,8105,9136,17241,1031,0.1272054287476866
28034,02769,36,35-39,M,7741,9501,17242,1760,0.2273608060974034
25226,02465,51,50-54,M,8101,9142,17243,1041,0.1285026539933341
21659,91701,57,55-59,F,7579,9664,17243,2085,0.2751022562343317
22013,48236,70,70-74,M,7466,9778,17244,2312,0.3096705062952049
28971,94114,54,50-54,F,8400,8846,17246,446,0.0530952380952381
29748,21797,48,45-49,M,8028,9221,17249,1193,0.1486048829098156
21817,92677,62,60-64,F,7554,9696,17250,2142,0.2835583796664019
23107,48176,70,70-74,M,7229,10022,17251,2793,0.3863604924609213
23217,95003,70,70-74,M,7221,10031,17252,2810,0.389142778008586
20775,46526,61,60-64,M,7883,9370,17253,1487,0.1886337688697196
24064,02478,52,50-54,F,7773,9480,17253,1707,0.2196063296024701
27280,12018,50,50-54,F,7694,9559,17253,1865,0.2423966727319989
24814,01832,27,Under 35,M,7553,9701,17254,2148,0.284390308486694
23196,02169,61,60-64,F,7922,9333,17255,1411,0.1781115879828326
27488,02171,59,55-59,F,7922,9333,17255,1411,0.1781115879828326
15841,68046,68,65-69,F,7916,9340,17256,1424,0.17988883274381
29365,02446,28,Under 35,F,8052,9204,17256,1152,0.1430700447093889
24313,02144,36,35-39,F,8310,8948,17258,638,0.0767749699157641
22472,84404,58,55-59,F,8266,8994,17260,728,0.0880716186789257
25184,02446,48,45-49,F,8411,8849,17260,438,0.0520746641303055
25764,02914,52,50-54,M,7847,9414,17261,1567,0.1996941506308143
7629,11236,36,35-39,M,7199,10062,17261,2863,0.3976941241839144
25796,08801,54,50-54,F,8300,8961,17261,661,0.0796385542168674
26219,02127,26,Under 35,F,8306,8956,17262,650,0.0782566819166867
29285,02421,27,Under 35,M,7830,9433,17263,1603,0.2047254150702426
30395,10025,40,40-44,F,8308,8956,17264,648,0.077997111218103
29443,01960,23,Under 35,M,8148,9116,17264,968,0.1188021600392734
26712,02215,30,Under 35,M,8104,9160,17264,1056,0.1303060217176702
27531,01701,61,60-64,M,7903,9364,17267,1461,0.1848665063899784
25033,02128,45,45-49,F,7774,9494,17268,1720,0.2212503215847697
24967,01821,29,Under 35,M,7572,9700,17272,2128,0.2810353935552034
29680,02043,32,Under 35,F,8139,9133,17272,994,0.1221280255559651
22962,90045,65,65-69,M,7163,10111,17274,2948,0.4115594024849923
28032,02446,67,65-69,F,8105,9171,17276,1066,0.1315237507711289
15744,01748,67,65-69,M,7913,9366,17279,1453,0.1836218880323518
29173,01520,50,50-54,M,7662,9620,17282,1958,0.2555468546071521
30367,84332,50,50-54,M,8252,9036,17288,784,0.0950072709646146
11892,95120,58,55-59,M,8003,9286,17289,1283,0.1603148819192802
24762,02421,45,45-49,M,7943,9346,17289,1403,0.1766335137857232
21580,49004,48,45-49,F,7845,9444,17289,1599,0.2038240917782026
20390,78260,47,45-49,F,7316,9974,17290,2658,0.3633132859486058
27409,97214,37,35-39,M,7888,9404,17292,1516,0.1921906693711967
28652,01507,41,40-44,M,7853,9440,17293,1587,0.2020883738698586
23265,97034,72,70-74,M,7810,9483,17293,1673,0.2142125480153649
26644,01462,43,40-44,M,7610,9686,17296,2076,0.2727989487516425
29347,02124,33,Under 35,F,7973,9324,17297,1351,0.1694468832309043
26423,02110,33,Under 35,F,8046,9251,17297,1205,0.149763857817549
23453,33914,61,60-64,F,7588,9711,17299,2123,0.2797838692672641
24147,28105,52,50-54,M,7642,9657,17299,2015,0.2636744307772834
22660,58201,65,65-69,M,7358,9942,17300,2584,0.3511823865180755
25961,02139,31,Under 35,F,8512,8791,17303,279,0.0327772556390977
30565,74129,46,45-49,F,7894,9410,17304,1516,0.1920445908284773
24268,01880,25,Under 35,F,8196,9109,17305,913,0.1113958028306491
24630,44236,59,55-59,M,7875,9432,17307,1557,0.1977142857142857
30019,07052,53,50-54,M,7987,9320,17307,1333,0.1668962063352948
29634,02081,39,35-39,F,7719,9589,17308,1870,0.242259360020728
24495,80205,32,Under 35,M,7754,9555,17309,1801,0.2322672169202992
27619,11224,34,Under 35,F,8037,9273,17310,1236,0.1537887271369914
24138,01007,41,40-44,M,7952,9359,17311,1407,0.1769366197183098
18598,91214,61,60-64,M,6966,10347,17313,3381,0.4853574504737295
26908,44145,50,50-54,F,8281,9033,17314,752,0.0908102886124864
28168,01810,49,45-49,F,7954,9360,17314,1406,0.1767664068393261
26403,02093,58,55-59,M,8026,9289,17315,1263,0.1573635684026912
26018,01880,25,Under 35,F,7945,9371,17316,1426,0.1794839521711768
25996,02125,27,Under 35,F,8503,8813,17316,310,0.0364577208044219
29804,02149,28,Under 35,F,8083,9234,17317,1151,0.1423976246443152
24945,02186,41,40-44,F,7987,9330,17317,1343,0.1681482408914486
23403,98146,64,60-64,F,8377,8943,17320,566,0.0675659543989495
23316,21801,70,70-74,M,7327,9994,17321,2667,0.3639961785178108
29224,75225,28,Under 35,F,8125,9196,17321,1071,0.1318153846153846
29244,30316,36,35-39,M,7009,10313,17322,3304,0.4713939221001569
27999,04101,28,Under 35,F,8531,8792,17323,261,0.030594303129762
23625,20015,65,65-69,F,8353,8970,17323,617,0.0738656770022746
24773,02171,40,40-44,M,6916,10408,17324,3492,0.5049161364950838
29301,01028,48,45-49,F,7724,9600,17324,1876,0.2428793371310202
20235,78261,57,55-59,F,7294,10033,17327,2739,0.3755141211955031
28503,10027,41,40-44,M,8094,9237,17331,1143,0.1412157153446998
25833,02122,20,Under 35,F,8858,8473,17331,-385,-0.0434635357868593
26565,03079,27,Under 35,M,6940,10392,17332,3452,0.4974063400576369
21943,48169,54,50-54,F,7290,10042,17332,2752,0.3775034293552812
23386,84663,60,60-64,F,8046,9288,17334,1242,0.1543624161073825
25513,94579,61,60-64,F,8503,8832,17335,329,0.03869222627308
25584,02108,27,Under 35,F,8038,9297,17335,1259,0.1566310027369992
26651,02128,30,Under 35,F,8689,8647,17336,-42,-0.0048336977788007
21833,90623,57,55-59,F,7544,9792,17336,2248,0.2979851537645811
29341,02021,36,35-39,M,6970,10367,17337,3397,0.4873744619799139
29861,01810,34,Under 35,M,7639,9701,17340,2062,0.2699306191909936
27855,01801,46,45-49,M,7810,9530,17340,1720,0.2202304737516005
26341,07960,63,60-64,M,7729,9613,17342,1884,0.2437572777849657
25943,03109,32,Under 35,F,7963,9380,17343,1417,0.1779480095441416
26780,83001,59,55-59,F,7675,9669,17344,1994,0.2598045602605863
10714,48017,31,Under 35,F,7698,9649,17347,1951,0.253442452585087
26792,06460,24,Under 35,F,8338,9009,17347,671,0.0804749340369393
29956,02131,19,Under 35,F,8327,9020,17347,693,0.083223249669749
23429,49546,60,60-64,F,8038,9309,17347,1271,0.1581239114207514
23524,05301,60,60-64,F,8146,9202,17348,1056,0.1296341762828382
25568,28211,52,50-54,F,8050,9298,17348,1248,0.1550310559006211
24712,13219,37,35-39,F,7696,9653,17349,1957,0.2542879417879418
26432,01749,34,Under 35,F,8263,9088,17351,825,0.099842672152971
12807,22603,33,Under 35,F,7885,9467,17352,1582,0.2006341154090044
22727,22603,67,65-69,M,7886,9466,17352,1580,0.2003550595992898
23450,90802,65,65-69,F,8336,9017,17353,681,0.081693857965451
29691,02131,26,Under 35,F,8330,9023,17353,693,0.0831932773109243
21650,97062,45,45-49,F,7991,9364,17355,1373,0.1718182955825303
24878,03087,19,Under 35,M,6588,10767,17355,4179,0.6343351548269581
28207,33556,58,55-59,M,7575,9780,17355,2205,0.291089108910891
25406,01944,26,Under 35,M,5880,11476,17356,5596,0.9517006802721087
26307,01776,34,Under 35,F,7989,9367,17356,1378,0.1724871698585555
29252,33027,49,45-49,M,7605,9752,17357,2147,0.2823142669296515
30451,02301,26,Under 35,M,7935,9422,17357,1487,0.1873976055450535
24513,19355,51,50-54,M,7693,9665,17358,1972,0.2563369296763291
22633,84790,55,55-59,F,7707,9651,17358,1944,0.2522382249902686
26348,04101,25,Under 35,F,8397,8963,17360,566,0.0674050256043825
30308,01880,26,Under 35,F,8071,9289,17360,1218,0.1509106678230702
28223,02129,31,Under 35,F,8275,9085,17360,810,0.0978851963746223
23537,83619,61,60-64,F,7512,9848,17360,2336,0.3109691160809372
28806,02129,30,Under 35,F,8026,9336,17362,1310,0.1632195365063543
26793,01879,24,Under 35,F,7305,10057,17362,2752,0.3767282683093771
26419,02186,48,45-49,M,7646,9716,17362,2070,0.2707297933560031
26426,02210,49,45-49,M,7676,9686,17362,2010,0.2618551328817092
28395,43021,34,Under 35,M,7825,9537,17362,1712,0.2187859424920127
15760,02332,71,70-74,M,7927,9436,17363,1509,0.1903620537403809
19130,55105,40,40-44,F,7143,10220,17363,3077,0.4307713845723085
25333,02050,23,Under 35,F,7723,9642,17365,1919,0.2484785705036902
24278,06489,50,50-54,M,7371,9994,17365,2623,0.3558540225206892
24503,02127,26,Under 35,F,7918,9449,17367,1531,0.1933569083101793
26859,02114,25,Under 35,F,8778,8596,17374,-182,-0.0207336523125996
28267,02122,46,45-49,M,7324,10050,17374,2726,0.372200983069361
22564,95630,65,65-69,M,7101,10274,17375,3173,0.446838473454443
28257,02136,44,40-44,M,8161,9214,17375,1053,0.1290283053547359
28709,02061,39,35-39,M,8161,9215,17376,1054,0.1291508393579218
25913,02481,22,Under 35,M,6654,10723,17377,4069,0.6115118725578599
26532,01923,36,35-39,F,7618,9760,17378,2142,0.2811761617222368
25886,02114,26,Under 35,F,8151,9228,17379,1077,0.1321310268678689
23215,98275,62,60-64,F,7908,9474,17382,1566,0.1980273141122913
25108,02150,26,Under 35,M,7621,9761,17382,2140,0.2808030442199186
26173,02115,21,Under 35,F,8249,9134,17383,885,0.1072857316038307
22656,80124,64,60-64,F,7760,9623,17383,1863,0.2400773195876288
24988,10003,29,Under 35,F,8280,9104,17384,824,0.0995169082125603
25164,02116,30,Under 35,M,7598,9786,17384,2188,0.2879705185575151
29442,01810,46,45-49,M,7594,9790,17384,2196,0.2891756649986832
20649,07450,64,60-64,M,8242,9145,17387,903,0.1095607862169376
28332,02127,24,Under 35,M,7313,10074,17387,2761,0.3775468344044851
23613,03824,76,75-79,M,8098,9290,17388,1192,0.1471968387256112
23091,94123,69,65-69,M,8004,9386,17390,1382,0.172663668165917
20756,45212,61,60-64,M,8004,9386,17390,1382,0.172663668165917
22538,49301,66,65-69,M,7934,9456,17390,1522,0.191832619107638
30468,02136,39,35-39,M,8176,9214,17390,1038,0.1269569471624266
23592,02129,72,70-74,M,7702,9688,17390,1986,0.2578551025707608
29272,15206,51,50-54,M,7879,9511,17390,1632,0.2071328848838685
29068,02132,34,Under 35,M,7995,9396,17391,1401,0.175234521575985
16772,02215,26,Under 35,F,7002,10389,17391,3387,0.4837189374464439
26642,01420,42,40-44,F,8075,9317,17392,1242,0.1538080495356037
23018,60464,66,65-69,F,7774,9618,17392,1844,0.2372009261641368
25447,02138,28,Under 35,M,7189,10204,17393,3015,0.419390735846432
28910,02492,60,60-64,F,8129,9264,17393,1135,0.1396235699348013
24155,02129,46,45-49,F,7849,9545,17394,1696,0.2160784813352019
24706,02356,28,Under 35,M,7926,9468,17394,1542,0.1945495836487509
18834,32839,59,55-59,M,8067,9328,17395,1261,0.1563158547167472
25148,02171,35,35-39,M,8093,9302,17395,1209,0.1493883603113802
23575,77406,61,60-64,F,7797,9599,17396,1802,0.2311145312299602
29245,15206,46,45-49,F,8191,9207,17398,1016,0.1240385789280918
25534,02118,26,Under 35,F,8067,9333,17400,1266,0.1569356638155448
22149,11215,72,70-74,M,8082,9321,17403,1239,0.1533036377134372
26312,03038,41,40-44,F,8006,9399,17405,1393,0.1739945041219085
29789,30047,53,50-54,F,7388,10018,17406,2630,0.3559826746074715
29636,02127,44,40-44,F,8007,9400,17407,1393,0.1739727738229049
30370,02747,28,Under 35,F,8297,9110,17407,813,0.097987224297939
30037,01772,37,35-39,M,8213,9195,17408,982,0.1195665408498721
20674,92620,54,50-54,F,8056,9352,17408,1296,0.1608738828202582
23490,75028,60,60-64,F,7938,9471,17409,1533,0.1931216931216931
5688,94121,36,35-39,M,4916,12494,17410,7578,1.5414971521562246
30391,10033,49,45-49,M,7296,10114,17410,2818,0.3862390350877193
19406,49009,63,60-64,M,6435,10977,17412,4542,0.7058275058275059
21798,49720,54,50-54,F,7428,9986,17414,2558,0.3443726440495422
26763,02155,28,Under 35,F,8385,9030,17415,645,0.0769230769230769
24201,73013,54,50-54,M,7919,9497,17416,1578,0.1992675842909458
24674,33406,43,40-44,F,7925,9492,17417,1567,0.1977287066246056
25487,94404,50,50-54,F,8580,8838,17418,258,0.03006993006993
25123,02556,25,Under 35,F,8405,9013,17418,608,0.0723378941106484
23533,19073,73,70-74,M,7790,9629,17419,1839,0.2360718870346598
24406,03087,51,50-54,M,7373,10047,17420,2674,0.3626746236267462
24258,02127,28,Under 35,F,8446,8976,17422,530,0.0627515983897703
23494,85741,61,60-64,F,8346,9076,17422,730,0.0874670500838725
28369,02421,38,35-39,M,8354,9069,17423,715,0.0855877423988508
22653,76248,51,50-54,F,7857,9566,17423,1709,0.2175130456917398
29797,02190,35,35-39,M,7884,9540,17424,1656,0.2100456621004566
25231,04347,36,35-39,F,8308,9118,17426,810,0.0974963890226287
24935,01748,40,40-44,M,7588,9838,17426,2250,0.2965208223510806
26046,02339,55,55-59,M,7421,10005,17426,2584,0.3482010510712842
26047,02339,19,Under 35,M,7423,10004,17427,2581,0.3477030850060622
28469,02131,47,45-49,F,8212,9215,17427,1003,0.1221383341451534
25189,02155,28,Under 35,F,7864,9564,17428,1700,0.21617497456765
24884,93023,32,Under 35,F,8237,9191,17428,954,0.1158188660920238
21792,46814,52,50-54,F,8028,9402,17430,1374,0.1711509715994021
10708,13202,28,Under 35,F,7807,9623,17430,1816,0.2326117586781093
23102,61036,65,65-69,M,7807,9623,17430,1816,0.2326117586781093
24420,90016,46,45-49,M,7799,9633,17432,1834,0.2351583536350814
30322,43221,43,40-44,M,7043,10390,17433,3347,0.4752236262956126
25509,07920,37,35-39,M,7722,9712,17434,1990,0.2577052577052577
28266,02116,25,Under 35,F,7933,9501,17434,1568,0.1976553636707424
29939,97206,41,40-44,F,8342,9093,17435,751,0.0900263725725245
24093,02127,31,Under 35,F,8125,9315,17440,1190,0.1464615384615384
25052,02141,30,Under 35,F,8433,9010,17443,577,0.0684216767461164
25038,37208,28,Under 35,F,8136,9307,17443,1171,0.1439282202556538
30242,28303,57,55-59,M,8131,9313,17444,1182,0.145369573238224
22912,94121,62,60-64,F,8245,9199,17444,954,0.1157064887810794
15932,43017,76,75-79,M,7730,9714,17444,1984,0.2566623544631307
23614,34208,61,60-64,F,8276,9169,17445,893,0.1079023682938617
25693,02130,24,Under 35,F,8456,8989,17445,533,0.0630321665089877
28252,02763,49,45-49,M,7591,9855,17446,2264,0.2982479251745488
20563,43606,62,60-64,M,7746,9701,17447,1955,0.2523883294603666
24011,30305,46,45-49,F,8311,9137,17448,826,0.0993863554325592
22052,28553,65,65-69,M,7230,10222,17452,2992,0.4138312586445366
23320,78729,66,65-69,F,7790,9663,17453,1873,0.2404364569961489
30361,75252,36,35-39,F,8388,9065,17453,677,0.0807105388650453
26470,02143,24,Under 35,F,7943,9512,17455,1569,0.197532418481682
29426,03103,40,40-44,F,8310,9145,17455,835,0.1004813477737665
26737,02053,25,Under 35,F,7654,9804,17458,2150,0.2808988764044944
12659,92805,58,55-59,F,8173,9285,17458,1112,0.1360577511317753
24979,01876,38,35-39,F,8571,8888,17459,317,0.0369851825924629
23402,63128,65,65-69,F,7219,10242,17461,3023,0.4187560603961767
27764,97209,42,40-44,M,7007,10454,17461,3447,0.4919366347937776
24882,03054,38,35-39,F,8224,9237,17461,1013,0.1231760700389105
25147,02459,48,45-49,M,8233,9229,17462,996,0.1209765577553747
26740,90035,51,50-54,M,8233,9229,17462,996,0.1209765577553747
24496,02806,64,60-64,M,8440,9022,17462,582,0.0689573459715639
27624,46307,52,50-54,M,8042,9420,17462,1378,0.1713504103456851
28174,01701,35,35-39,F,8363,9100,17463,737,0.0881262704771015
29492,02056,45,45-49,M,8033,9431,17464,1398,0.1740321175152496
28993,02067,46,45-49,M,7521,9944,17465,2423,0.3221646057705092
25256,02176,24,Under 35,F,8045,9421,17466,1376,0.1710379117464263
18797,92782,60,60-64,M,6995,10473,17468,3478,0.4972122944960686
26054,01760,30,Under 35,M,6936,10533,17469,3597,0.518598615916955
9886,10024,29,Under 35,F,5808,11662,17470,5854,1.0079201101928374
30435,02453,28,Under 35,M,7844,9629,17473,1785,0.2275624681285058
23409,75214,61,60-64,F,8061,9412,17473,1351,0.167597072323533
20439,06488,62,60-64,M,7173,10302,17475,3129,0.4362191551652028
17127,36830,35,35-39,F,7916,9561,17477,1645,0.2078069732187973
26331,45040,54,50-54,F,7057,10421,17478,3364,0.4766898115346464
26139,06281,45,45-49,M,7481,9997,17478,2516,0.3363186739740676
23730,55122,73,70-74,F,8527,8952,17479,425,0.0498416793714084
23165,03038,63,60-64,F,7836,9644,17480,1808,0.2307299642674834
26163,01776,21,Under 35,F,8186,9299,17485,1113,0.1359638407036403
24254,12110,21,Under 35,F,8186,9299,17485,1113,0.1359638407036403
26612,92117,29,Under 35,M,8463,9022,17485,559,0.0660522273425499
25429,02332,38,35-39,M,8236,9251,17487,1015,0.1232394366197183
27484,60103,56,55-59,M,8273,9214,17487,941,0.1137435029614408
26353,02332,39,35-39,M,8236,9251,17487,1015,0.1232394366197183
26217,02210,27,Under 35,M,7647,9840,17487,2193,0.2867791290702236
24256,01970,26,Under 35,F,7479,10008,17487,2529,0.3381468110709988
24306,01460,39,35-39,F,8067,9421,17488,1354,0.167844303954382
21003,11701,62,60-64,M,7091,10397,17488,3306,0.4662247919898463
28170,02467,18,Under 35,M,8170,9319,17489,1149,0.1406364749082007
21866,10016,51,50-54,F,7691,9798,17489,2107,0.2739565726173449
28558,06614,26,Under 35,M,7707,9783,17490,2076,0.2693655118723239
29686,01541,46,45-49,M,8288,9203,17491,915,0.1104005791505791
28152,02481,58,55-59,F,8171,9322,17493,1151,0.1408640313303145
26957,08540,53,50-54,M,7704,9791,17495,2087,0.2708982346832814
15933,03049,67,65-69,F,8244,9251,17495,1007,0.1221494420184376
24974,02115,35,35-39,M,7338,10158,17496,2820,0.3843008994276369
29964,01833,52,50-54,F,8235,9262,17497,1027,0.1247115968427443
30383,76137,53,50-54,M,7807,9691,17498,1884,0.2413218906109901
22565,91001,55,55-59,F,7858,9640,17498,1782,0.2267752608806312
25773,03755,56,55-59,M,7763,9739,17502,1976,0.2545407703207523
27860,01002,47,45-49,M,8342,9160,17502,818,0.098058019659554
24499,02451,43,40-44,F,8046,9456,17502,1410,0.1752423564504101
26639,14127,44,40-44,F,8221,9281,17502,1060,0.1289380853910716
26785,02054,29,Under 35,F,8274,9229,17503,955,0.1154218032390621
24356,01960,25,Under 35,F,8574,8929,17503,355,0.0414042453930487
23120,94087,65,65-69,F,7753,9750,17503,1997,0.257577711853476
26131,32081,34,Under 35,F,8242,9263,17505,1021,0.1238776995874787
23623,03431,67,65-69,F,7945,9562,17507,1617,0.2035242290748898
23475,57025,60,60-64,F,7953,9554,17507,1601,0.2013076826354834
27969,01775,37,35-39,M,7933,9576,17509,1643,0.2071095424177486
19278,07079,60,60-64,M,6575,10934,17509,4359,0.6629657794676806
22642,55042,62,60-64,F,7892,9617,17509,1725,0.2185757729346173
25468,03031,55,55-59,F,8015,9494,17509,1479,0.1845290081097941
26630,02090,28,Under 35,F,8637,8873,17510,236,0.0273243024198216
24150,02128,26,Under 35,F,8077,9433,17510,1356,0.1678841153893772
24444,11249,23,Under 35,F,8078,9433,17511,1355,0.1677395394899727
28297,02128,30,Under 35,M,7989,9522,17511,1533,0.1918888471648516
24159,94133,61,60-64,M,8078,9433,17511,1355,0.1677395394899727
28420,02128,42,40-44,F,7749,9763,17512,2014,0.2599045038069428
25007,02481,25,Under 35,F,7915,9598,17513,1683,0.212634238787113
14191,97229,45,45-49,F,7033,10481,17514,3448,0.4902602019053035
7728,03242,40,40-44,F,8236,9278,17514,1042,0.1265177270519669
22384,10598,59,55-59,F,7078,10439,17517,3361,0.4748516530093247
29684,02127,26,Under 35,M,7998,9521,17519,1523,0.1904226056514128
22744,90036,55,55-59,F,8208,9311,17519,1103,0.1343810916179337
26330,32259,61,60-64,M,7099,10421,17520,3322,0.4679532328496971
25707,02143,28,Under 35,M,7983,9539,17522,1556,0.1949141926594012
16885,07719,63,60-64,M,7577,9945,17522,2368,0.3125247459416655
23683,80132,65,65-69,F,8107,9416,17523,1309,0.1614654002713704
23465,91006,63,60-64,F,7964,9560,17524,1596,0.2004018081366147
24954,02115,33,Under 35,F,8181,9345,17526,1164,0.1422808947561422
26096,02459,47,45-49,M,8809,8717,17526,-92,-0.010443864229765
20136,20855,49,45-49,F,7470,10059,17529,2589,0.3465863453815261
29792,02130,32,Under 35,M,7369,10160,17529,2791,0.3787488125932962
23410,91709,63,60-64,F,7607,9924,17531,2317,0.3045878795845931
27957,02134,39,35-39,F,8337,9198,17535,861,0.1032745591939546
27389,02465,18,Under 35,F,8169,9368,17537,1199,0.1467743909903293
25215,01950,31,Under 35,M,7626,9915,17541,2289,0.3001573564122738
23639,95355,65,65-69,F,8038,9503,17541,1465,0.1822592684747449
22890,14221,56,55-59,F,7825,9717,17542,1892,0.2417891373801917
18889,28227,63,60-64,M,7549,9995,17544,2446,0.3240164260166909
30393,02081,46,45-49,M,7763,9783,17546,2020,0.2602086822104856
29941,03244,42,40-44,F,8279,9268,17547,989,0.1194588718444256
26277,01741,23,Under 35,M,7774,9775,17549,2001,0.257396449704142
23721,10162,65,65-69,F,8246,9303,17549,1057,0.1281833616298811
23673,92677,75,75-79,M,8181,9370,17551,1189,0.145336755897812
19530,85388,45,45-49,F,7847,9705,17552,1858,0.2367783866445775
26455,02152,40,40-44,F,8045,9507,17552,1462,0.181727781230578
25369,02215,33,Under 35,M,7887,9666,17553,1779,0.2255610498288322
26036,06070,24,Under 35,M,8123,9431,17554,1308,0.1610242521235996
26440,94103,33,Under 35,M,7463,10091,17554,2628,0.35213721023717
27810,02359,26,Under 35,F,7822,9732,17554,1910,0.2441830733827665
22790,98102,68,65-69,M,7477,10078,17555,2601,0.3478667914939147
28099,60061,51,50-54,M,8394,9163,17557,769,0.0916130569454372
7979,78746,60,60-64,M,8168,9390,17558,1222,0.1496082272282076
26517,02465,23,Under 35,F,8248,9310,17558,1062,0.1287584869059166
29869,02467,35,35-39,M,7703,9855,17558,2152,0.2793716733740101
25649,33626,56,55-59,M,7451,10108,17559,2657,0.3565964300093947
29265,01760,26,Under 35,F,8566,8994,17560,428,0.0499649778192855
29427,14564,32,Under 35,M,8035,9525,17560,1490,0.1854387056627255
23535,28403,60,60-64,F,7865,9695,17560,1830,0.2326764144945963
26272,02332,25,Under 35,F,8659,8902,17561,243,0.0280632867536667
27625,01810,65,65-69,F,8001,9560,17561,1559,0.1948506436695413
26461,02333,33,Under 35,F,8460,9101,17561,641,0.0757683215130023
25546,02129,28,Under 35,F,8571,8991,17562,420,0.0490024501225061
25536,01462,30,Under 35,F,8571,8991,17562,420,0.0490024501225061
28721,02461,28,Under 35,F,8362,9200,17562,838,0.1002152595072949
24473,02135,23,Under 35,F,8361,9202,17563,841,0.1005860542997249
29998,02129,38,35-39,F,7905,9660,17565,1755,0.222011385199241
24627,02482,50,50-54,M,7671,9896,17567,2225,0.2900534480511015
25716,32825,53,50-54,M,8436,9133,17569,697,0.0826220957799905
23556,11552,61,60-64,F,7574,9996,17570,2422,0.3197781885397412
23176,73160,70,70-74,M,7871,9699,17570,1828,0.2322449498157794
29925,02461,18,Under 35,M,8045,9526,17571,1481,0.1840894965817277
29343,02048,39,35-39,F,8100,9471,17571,1371,0.1692592592592592
15746,02461,52,50-54,M,8046,9525,17571,1479,0.1838180462341536
28342,01760,55,55-59,M,7401,10173,17574,2772,0.3745439805431698
23569,19067,63,60-64,F,7619,9957,17576,2338,0.3068644179026119
24107,03103,41,40-44,F,7957,9620,17577,1663,0.208998366218424
15632,10471,58,55-59,F,8399,9179,17578,780,0.0928681985950708
28890,10583,42,40-44,F,8431,9150,17581,719,0.0852805123947337
9489,32086,56,55-59,M,7697,9884,17581,2187,0.2841366766272574
26980,07052,52,50-54,M,7627,9955,17582,2328,0.3052314147108955
27997,02052,31,Under 35,F,8484,9098,17582,614,0.0723715228665723
23137,95037,71,70-74,M,7787,9796,17583,2009,0.2579940927186336
29639,37048,56,55-59,M,8193,9390,17583,1197,0.1461003295496155
15752,02645,67,65-69,M,7993,9591,17584,1598,0.1999249343175278
18435,98042,64,60-64,M,8163,9423,17586,1260,0.1543550165380375
24218,01740,51,50-54,M,7871,9715,17586,1844,0.2342777283699657
29124,02460,44,40-44,M,8100,9486,17586,1386,0.1711111111111111
23570,98199,70,70-74,M,8051,9536,17587,1485,0.1844491367531983
30091,10025,37,35-39,F,8338,9251,17589,913,0.1094986807387862
25545,02127,25,Under 35,F,8579,9011,17590,432,0.0503555192912926
24052,02210,39,35-39,F,8259,9332,17591,1073,0.1299188763772853
22676,75230,56,55-59,F,7916,9675,17591,1759,0.2222081859525012
29725,02176,53,50-54,M,8075,9516,17591,1441,0.1784520123839009
24001,20001,38,35-39,F,8199,9393,17592,1194,0.1456275155506769
21331,21770,61,60-64,M,7544,10048,17592,2504,0.3319194061505832
22415,10514,66,65-69,M,8052,9540,17592,1488,0.1847988077496274
29578,02186,42,40-44,M,7680,9913,17593,2233,0.2907552083333333
29366,01952,28,Under 35,M,8016,9582,17598,1566,0.1953592814371257
25421,02050,27,Under 35,F,8017,9581,17598,1564,0.1950854434327055
26479,02492,46,45-49,M,7567,10032,17599,2465,0.3257565746002379
25848,02472,40,40-44,F,8687,8912,17599,225,0.025900771267411
21560,01803,53,50-54,F,7414,10185,17599,2771,0.3737523603992447
24629,01748,51,50-54,M,7926,9674,17600,1748,0.2205399949533182
28259,02127,28,Under 35,F,8352,9251,17603,899,0.1076388888888889
30543,02122,28,Under 35,M,7698,9905,17603,2207,0.2866978435957391
29145,02535,67,65-69,M,8451,9152,17603,701,0.0829487634599455
28660,02114,25,Under 35,F,8216,9389,17605,1173,0.1427702044790652
27550,02114,27,Under 35,F,8216,9389,17605,1173,0.1427702044790652
28422,01760,39,35-39,F,8457,9150,17607,693,0.0819439517559418
26886,01945,25,Under 35,F,8293,9315,17608,1022,0.1232364644881225
20692,55446,62,60-64,M,7960,9649,17609,1689,0.2121859296482412
25199,02143,36,35-39,F,7756,9855,17611,2099,0.2706291903042805
28368,01545,22,Under 35,F,8337,9274,17611,937,0.1123905481588101
29000,01701,52,50-54,F,7565,10047,17612,2482,0.3280898876404494
28485,01337,44,40-44,F,8365,9249,17614,884,0.1056784219964136
25186,02071,27,Under 35,F,8576,9038,17614,462,0.0538712686567164
23331,01238,62,60-64,F,8087,9528,17615,1441,0.1781872140472363
28322,02038,32,Under 35,F,8507,9110,17617,603,0.0708828023980251
23236,62461,68,65-69,M,8076,9543,17619,1467,0.1816493313521545
24756,02115,20,Under 35,F,8599,9020,17619,421,0.0489591813001511
14124,10128,45,45-49,M,8271,9349,17620,1078,0.1303349050900737
15936,85710,73,70-74,F,7986,9635,17621,1649,0.2064863511144503
27096,98109,39,35-39,F,7689,9932,17621,2243,0.2917154376381844
25309,02446,30,Under 35,F,8289,9335,17624,1046,0.1261913379177222
22443,77581,55,55-59,F,7755,9869,17624,2114,0.2725983236621535
29527,02356,26,Under 35,M,7718,9909,17627,2191,0.2838818346721948
22568,98443,68,65-69,M,7238,10390,17628,3152,0.4354794142028184
22720,02139,66,65-69,M,7232,10398,17630,3166,0.4377765486725664
25986,02481,26,Under 35,F,7733,9898,17631,2165,0.2799689641794905
26334,10025,57,55-59,F,8242,9389,17631,1147,0.1391652511526328
20565,19311,62,60-64,M,6851,10780,17631,3929,0.5734929207414976
15026,98045,55,55-59,M,7656,9976,17632,2320,0.303030303030303
25135,06605,43,40-44,F,8357,9276,17633,919,0.1099676917554146
25122,06605,35,35-39,M,8358,9275,17633,917,0.109715242881072
25230,02125,29,Under 35,F,7885,9748,17633,1863,0.2362714013950539
23311,91214,61,60-64,F,7726,9907,17633,2181,0.2822935542324618
23751,30240,74,70-74,F,8303,9331,17634,1028,0.1238106708418643
26580,11109,34,Under 35,F,8253,9381,17634,1128,0.1366775717920756
27790,02151,50,50-54,M,7573,10061,17634,2488,0.3285355869536511
24933,10538,41,40-44,F,8459,9178,17637,719,0.0849982267407495
15895,29414,67,65-69,F,8064,9573,17637,1509,0.1871279761904762
28313,02176,60,60-64,F,8296,9342,17638,1046,0.1260848601735776
21761,01545,66,65-69,M,8010,9629,17639,1619,0.2021223470661673
25868,07028,25,Under 35,F,7963,9676,17639,1713,0.2151199296747457
27682,11570,34,Under 35,F,8319,9321,17640,1002,0.1204471691309051
22684,23451,56,55-59,F,7487,10153,17640,2666,0.3560838787231201
26920,08558,47,45-49,M,8081,9561,17642,1480,0.1831456502908056
24779,55901,28,Under 35,F,8400,9242,17642,842,0.1002380952380952
24794,60640,30,Under 35,M,7157,10486,17643,3329,0.4651390247310326
24440,02210,26,Under 35,F,7688,9956,17644,2268,0.2950052029136316
24960,01778,22,Under 35,F,8375,9270,17645,895,0.106865671641791
26735,02493,46,45-49,F,8181,9464,17645,1283,0.1568267937904901
25405,02113,24,Under 35,F,7895,9751,17646,1856,0.235085497150095
23282,02639,73,70-74,M,7704,9943,17647,2239,0.2906282450674974
23695,04938,65,65-69,F,7990,9657,17647,1667,0.2086357947434292
19326,70501,63,60-64,M,6516,11132,17648,4616,0.7084100675260896
25717,05403,30,Under 35,F,8738,8910,17648,172,0.0196841382467383
29628,11103,30,Under 35,M,7861,9788,17649,1927,0.245134206843913
24081,02852,37,35-39,F,7603,10046,17649,2443,0.3213205313691963
26937,10025,48,45-49,M,8675,8975,17650,300,0.0345821325648415
30621,70605,54,50-54,M,7954,9696,17650,1742,0.2190093034950968
23470,21401,63,60-64,F,7878,9774,17652,1896,0.2406702208682406
23476,97034,62,60-64,F,7792,9861,17653,2069,0.2655287474332649
26361,01864,39,35-39,F,7999,9654,17653,1655,0.2069008626078259
25169,02127,23,Under 35,F,8143,9510,17653,1367,0.1678742478202136
28951,03833,42,40-44,F,8395,9260,17655,865,0.103037522334723
26922,28210,39,35-39,F,7839,9816,17655,1977,0.2522005357826253
27698,02339,54,50-54,F,8215,9441,17656,1226,0.1492391965916007
24555,01562,28,Under 35,M,7171,10485,17656,3314,0.4621391716636452
22622,91501,60,60-64,F,8546,9111,17657,565,0.0661128013105546
29123,02857,39,35-39,M,7708,9949,17657,2241,0.2907368967306694
26679,33418,40,40-44,F,8063,9596,17659,1533,0.1901277440158749
24115,02127,32,Under 35,F,8109,9550,17659,1441,0.1777037859168825
27519,02026,48,45-49,F,8441,9219,17660,778,0.0921691742684516
21031,49424,60,60-64,M,8779,8882,17661,103,0.0117325435698826
10441,49424,32,Under 35,F,8779,8882,17661,103,0.0117325435698826
28705,02128,36,35-39,M,8197,9465,17662,1268,0.1546907405148224
23423,02461,63,60-64,F,7834,9828,17662,1994,0.2545315292315547
26138,01930,35,35-39,M,8067,9597,17664,1530,0.1896615842320565
24729,20878,43,40-44,M,7725,9942,17667,2217,0.2869902912621359
26507,01801,26,Under 35,F,8195,9473,17668,1278,0.1559487492373398
25235,02109,26,Under 35,F,8571,9097,17668,526,0.0613697351534243
25127,02127,28,Under 35,F,8417,9253,17670,836,0.0993227990970654
29513,04005,53,50-54,F,7700,9970,17670,2270,0.2948051948051948
26369,03856,26,Under 35,F,8323,9348,17671,1025,0.1231527093596059
25044,03055,35,35-39,F,8337,9334,17671,997,0.119587381552117
26241,02494,22,Under 35,F,8545,9126,17671,581,0.0679929783499122
22549,14559,61,60-64,F,8062,9611,17673,1549,0.1921359464152815
20274,60465,60,60-64,M,8453,9220,17673,767,0.090737016443866
21527,14559,67,65-69,M,8062,9611,17673,1549,0.1921359464152815
25779,28117,50,50-54,F,8179,9494,17673,1315,0.1607776011737376
26638,06103,35,35-39,M,8411,9264,17675,853,0.1014148139341338
23767,60010,71,70-74,F,8399,9277,17676,878,0.10453625431599
7724,11375,35,35-39,F,7902,9775,17677,1873,0.2370286003543406
20165,44039,67,65-69,M,7063,10615,17678,3552,0.5029024493841144
28216,33483,60,60-64,M,8202,9476,17678,1274,0.1553279687881004
24903,02129,40,40-44,F,8370,9308,17678,938,0.1120669056152927
29394,02184,37,35-39,M,8376,9303,17679,927,0.11067335243553
24316,01887,38,35-39,F,8185,9494,17679,1309,0.1599266951740989
24271,98039,56,55-59,F,8505,9175,17680,670,0.078777189888301
28531,02053,43,40-44,F,8006,9675,17681,1669,0.2084686485136148
15555,02421,52,50-54,F,8374,9307,17681,933,0.1114162885120611
30527,02131,32,Under 35,M,7426,10255,17681,2829,0.3809587934284945
29410,02121,28,Under 35,M,7715,9967,17682,2252,0.291898898250162
26445,10011,23,Under 35,F,8483,9200,17683,717,0.0845219851467641
19501,96782,62,60-64,M,7248,10437,17685,3189,0.4399834437086092
24144,02474,54,50-54,M,8250,9437,17687,1187,0.1438787878787878
26768,38138,48,45-49,F,8197,9492,17689,1295,0.1579846285226302
24283,02478,23,Under 35,F,7774,9915,17689,2141,0.275405196809879
17416,22206,37,35-39,F,7589,10102,17691,2513,0.3311371722229543
28935,02129,27,Under 35,F,8307,9386,17693,1079,0.1298904538341158
29887,02114,25,Under 35,F,8623,9070,17693,447,0.0518381073872202
26099,01778,39,35-39,M,7556,10137,17693,2581,0.3415828480677607
29613,02743,31,Under 35,M,8117,9578,17695,1461,0.1799926081064432
28429,77024,53,50-54,F,7971,9726,17697,1755,0.2201731275875047
26196,01945,26,Under 35,F,8174,9525,17699,1351,0.1652801565940788
29361,02446,30,Under 35,M,8475,9224,17699,749,0.0883775811209439
28932,01879,29,Under 35,M,8244,9457,17701,1213,0.1471373119844735
27017,60504,32,Under 35,M,7918,9786,17704,1868,0.235918161151806
25697,02141,30,Under 35,F,8263,9442,17705,1179,0.142684255113155
26692,02046,65,65-69,M,8377,9330,17707,953,0.1137638772830368
18142,98405,38,35-39,F,7638,10070,17708,2432,0.3184079601990049
24699,02184,32,Under 35,F,8312,9397,17709,1085,0.1305341674687199
24183,02125,29,Under 35,M,8252,9457,17709,1205,0.146025206010664
24910,02026,55,55-59,F,8318,9394,17712,1076,0.1293580187545083
29512,02445,23,Under 35,F,8451,9262,17713,811,0.0959649745592237
26021,02184,32,Under 35,F,8326,9387,17713,1061,0.1274321402834494
26013,02113,22,Under 35,F,8216,9499,17715,1283,0.1561587147030185
25175,02114,26,Under 35,F,8357,9358,17715,1001,0.1197798252961589
26041,01845,22,Under 35,F,8217,9498,17715,1281,0.1558963125228185
26986,28104,44,40-44,M,7661,10056,17717,2395,0.3126223730583474
29424,11369,34,Under 35,M,7605,10113,17718,2508,0.3297830374753451
26830,02458,41,40-44,M,7921,9797,17718,1876,0.2368387829819467
22292,23435,55,55-59,F,8578,9140,17718,562,0.0655164373979948
30007,02124,35,35-39,M,7705,10016,17721,2311,0.299935107073329
23133,83414,63,60-64,F,7895,9828,17723,1933,0.2448385053831538
24472,02465,49,45-49,F,8257,9466,17723,1209,0.1464212183601792
18991,90063,45,45-49,F,8164,9560,17724,1396,0.1709946104850563
29382,27603,30,Under 35,F,8207,9517,17724,1310,0.1596198367247471
26755,32128,59,55-59,M,8155,9569,17724,1414,0.1733905579399141
23460,60101,61,60-64,F,8576,9150,17726,574,0.0669309701492537
20483,73034,64,60-64,M,7439,10290,17729,2851,0.3832504368866783
15910,01944,55,55-59,F,8195,9534,17729,1339,0.1633923123856009
7977,33778,60,60-64,M,9383,8347,17730,-1036,-0.1104124480443355
25214,02145,25,Under 35,F,7830,9901,17731,2071,0.2644955300127714
28936,02330,53,50-54,M,8283,9448,17731,1165,0.1406495231196426
29395,02330,26,Under 35,F,8283,9448,17731,1165,0.1406495231196426
24723,03049,20,Under 35,M,7882,9849,17731,1967,0.2495559502664298
25871,02135,26,Under 35,F,8354,9379,17733,1025,0.1226957146277232
28325,02052,66,65-69,M,7796,9938,17734,2142,0.2747562852744997
22959,48144,65,65-69,M,7805,9929,17734,2124,0.2721332479180013
27766,02138,58,55-59,F,8524,9212,17736,688,0.0807132801501642
23163,07047,74,70-74,M,7812,9926,17738,2114,0.2706093189964157
27378,03824,63,60-64,M,7622,10118,17740,2496,0.3274731041721333
29455,02152,28,Under 35,M,8498,9242,17740,744,0.0875500117674747
29001,02766,24,Under 35,M,8498,9242,17740,744,0.0875500117674747
24686,11238,44,40-44,M,7611,10130,17741,2519,0.330968335304165
24050,98101,52,50-54,M,7202,10540,17742,3338,0.4634823660094418
29944,01534,43,40-44,F,8182,9560,17742,1378,0.1684184795893424
25474,01752,25,Under 35,M,7797,9946,17743,2149,0.2756188277542644
25432,02144,26,Under 35,M,8258,9485,17743,1227,0.1485831920561879
25570,01945,52,50-54,F,8225,9518,17743,1293,0.1572036474164133
27041,28205,60,60-64,F,8416,9327,17743,911,0.1082461977186311
25589,98406,40,40-44,M,8401,9344,17745,943,0.1122485418402571
25634,02129,27,Under 35,M,6738,11008,17746,4270,0.6337192045117246
24663,96816,63,60-64,M,7571,10175,17746,2604,0.3439439968300092
21434,10984,50,50-54,F,7325,10421,17746,3096,0.4226621160409556
21257,49505,47,45-49,F,7854,9892,17746,2038,0.2594856124267889
12123,95060,41,40-44,F,6360,11387,17747,5027,0.7904088050314465
24121,02459,44,40-44,F,8229,9519,17748,1290,0.1567626686110098
15919,17403,70,70-74,F,7633,10115,17748,2482,0.3251670378619153
17350,89149,40,40-44,F,7116,10633,17749,3517,0.494238336143901
26442,02893,32,Under 35,M,8343,9406,17749,1063,0.1274122018458588
28231,21224,28,Under 35,M,8449,9301,17750,852,0.1008403361344537
25130,02026,33,Under 35,M,8158,9594,17752,1436,0.1760235351801912
23511,27516,64,60-64,F,7869,9883,17752,2014,0.2559410344389376
25126,02026,31,Under 35,M,8158,9594,17752,1436,0.1760235351801912
29626,02465,48,45-49,M,8787,8967,17754,180,0.0204848071013997
24912,29707,34,Under 35,F,7702,10054,17756,2352,0.3053752272137107
22576,33647,55,55-59,F,8133,9623,17756,1490,0.1832042296815443
25374,06001,37,35-39,F,8427,9330,17757,903,0.1071555713777144
7762,29229,62,60-64,M,7977,9781,17758,1804,0.2261501817725962
28384,03860,41,40-44,M,7320,10441,17761,3121,0.4263661202185792
24565,55447,33,Under 35,F,8346,9415,17761,1069,0.1280853103283009
23663,80228,66,65-69,F,8409,9353,17762,944,0.1122606730883577
22835,84339,66,65-69,M,8086,9676,17762,1590,0.1966361612663863
10863,48324,67,65-69,M,7143,10619,17762,3476,0.4866302673946521
29151,01890,44,40-44,F,7920,9845,17765,1925,0.2430555555555555
26581,02138,22,Under 35,M,7856,9909,17765,2053,0.2613289205702647
23108,77089,62,60-64,F,7793,9972,17765,2179,0.2796099063261901
26034,02118,26,Under 35,F,8191,9576,17767,1385,0.1690880234403613
23651,50010,76,75-79,M,8343,9425,17768,1082,0.129689560110272
25749,01757,20,Under 35,M,7181,10587,17768,3406,0.4743071995543796
26172,84074,40,40-44,M,8433,9337,17770,904,0.1071979129609866
23067,80831,57,55-59,F,7560,10213,17773,2653,0.3509259259259259
27696,02359,50,50-54,M,8216,9557,17773,1341,0.1632181110029211
24059,03033,43,40-44,F,8082,9691,17773,1609,0.1990843850532046
23583,01904,71,70-74,M,7978,9795,17773,1817,0.2277513161193281
28924,02136,42,40-44,M,8216,9557,17773,1341,0.1632181110029211
29471,01904,33,Under 35,M,7979,9795,17774,1816,0.2275974432886326
22821,78731,55,55-59,F,7851,9925,17776,2074,0.2641701694051713
29246,15090,39,35-39,F,8289,9487,17776,1198,0.1445288937145614
21763,84020,50,50-54,F,7875,9901,17776,2026,0.2572698412698412
25464,02113,35,35-39,F,9281,8496,17777,-785,-0.0845814028660704
28603,02324,42,40-44,F,8559,9219,17778,660,0.077111812127585
25614,02492,46,45-49,F,8523,9256,17779,733,0.0860025812507333
24032,02127,29,Under 35,F,8539,9240,17779,701,0.0820939220049186
24036,01876,48,45-49,M,7905,9875,17780,1970,0.2492093611638203
22198,20815,72,70-74,M,7653,10127,17780,2474,0.3232719195086894
25613,02494,48,45-49,F,8523,9257,17780,734,0.0861199108295201
25621,02492,47,45-49,F,8524,9256,17780,732,0.0858751759737212
23750,93923,70,70-74,F,8028,9754,17782,1726,0.2149975087194818
23480,07866,73,70-74,M,7462,10320,17782,2858,0.3830072366657732
25098,33137,44,40-44,F,8717,9065,17782,348,0.0399219915108408
26028,02066,40,40-44,F,8234,9549,17783,1315,0.159703667719213
16007,94086,28,Under 35,F,6539,11245,17784,4706,0.7196819085487077
29346,01886,57,55-59,M,7576,10209,17785,2633,0.3475448785638859
15774,06443,62,60-64,M,7166,10619,17785,3453,0.4818587775607033
25394,93108,34,Under 35,F,8520,9267,17787,747,0.0876760563380281
25762,02139,23,Under 35,F,8241,9547,17788,1306,0.1584759131173401
23346,19002,75,75-79,M,7763,10027,17790,2264,0.2916398299626433
28981,01541,45,45-49,M,8123,9667,17790,1544,0.1900775575526283
30434,00924,44,40-44,M,8361,9430,17791,1069,0.12785551967468
26328,02459,42,40-44,F,8362,9429,17791,1067,0.1276010523798134
15541,63025,63,60-64,M,7643,10148,17791,2505,0.3277508831610624
28026,02045,58,55-59,F,8223,9569,17792,1346,0.1636872187766022
7722,02135,42,40-44,M,7343,10449,17792,3106,0.4229878796132371
25312,60653,49,45-49,M,7778,10014,17792,2236,0.2874775006428388
26566,02093,53,50-54,M,8711,9081,17792,370,0.0424750315692802
26784,02054,27,Under 35,M,7583,10210,17793,2627,0.3464328102334169
26174,33076,52,50-54,M,8108,9687,17795,1579,0.1947459299457326
29997,06757,57,55-59,M,7894,9901,17795,2007,0.2542437294147454
26443,02171,33,Under 35,F,8590,9208,17798,618,0.0719441210710128
22713,47462,67,65-69,M,7628,10170,17798,2542,0.3332459360251704
22400,07940,57,55-59,F,8081,9720,17801,1639,0.2028214329909664
23755,30024,80,80 and Over,M,7914,9887,17801,1973,0.249305029062421
22620,32162,71,70-74,M,7494,10308,17802,2814,0.3755004003202562
26075,01860,40,40-44,F,7344,10458,17802,3114,0.4240196078431372
23732,84770,72,70-74,F,8192,9610,17802,1418,0.173095703125
25856,85032,37,35-39,F,8446,9357,17803,911,0.107861709685058
22779,29650,79,75-79,M,6935,10870,17805,3935,0.5674116798846431
23254,27106,65,65-69,F,7365,10440,17805,3075,0.4175152749490835
27527,01701,69,65-69,M,8656,9153,17809,497,0.0574168207024029
23170,07945,68,65-69,M,8240,9571,17811,1331,0.1615291262135922
23731,92835,69,65-69,F,8371,9440,17811,1069,0.1277027834189463
29921,10001,54,50-54,F,8363,9450,17813,1087,0.1299772808800669
30576,02145,20,Under 35,M,8180,9633,17813,1453,0.1776283618581907
23156,46563,70,70-74,M,7791,10022,17813,2231,0.2863560518547041
11786,19610,48,45-49,M,7679,10136,17815,2457,0.3199635369188696
28497,02115,53,50-54,M,7712,10103,17815,2391,0.3100363070539419
25601,20878,45,45-49,M,8070,9746,17816,1676,0.2076827757125154
26771,22124,44,40-44,M,6848,10968,17816,4120,0.6016355140186916
17445,20136,57,55-59,M,7371,10445,17816,3074,0.4170397503730837
24642,02120,21,Under 35,F,8235,9582,17817,1347,0.1635701275045537
26059,02113,23,Under 35,F,8241,9581,17822,1340,0.1626016260162601
25537,01876,24,Under 35,F,8544,9278,17822,734,0.0859082397003745
30668,02186,53,50-54,M,7767,10056,17823,2289,0.294708381614523
25711,01938,36,35-39,M,8325,9499,17824,1174,0.141021021021021
28256,02332,30,Under 35,F,8547,9277,17824,730,0.0854100854100854
26807,02155,21,Under 35,M,7671,10154,17825,2483,0.3236866119150046
7708,01532,21,Under 35,M,7255,10572,17827,3317,0.4572019297036526
25332,01566,47,45-49,F,8600,9229,17829,629,0.0731395348837209
25255,01566,40,40-44,F,8600,9229,17829,629,0.0731395348837209
29930,90049,44,40-44,F,8502,9327,17829,825,0.0970359915314043
29262,02136,58,55-59,M,6668,11164,17832,4496,0.6742651469706059
18060,84321,58,55-59,M,7361,10476,17837,3115,0.4231761988860209
28553,02461,53,50-54,F,7727,10112,17839,2385,0.3086579526336224
24488,98103,56,55-59,F,7310,10529,17839,3219,0.4403556771545827
25392,02333,27,Under 35,F,8506,9333,17839,827,0.0972254878909005
30523,02141,39,35-39,F,8412,9428,17840,1016,0.1207798383262006
23741,47111,72,70-74,F,8256,9585,17841,1329,0.1609738372093023
25469,30043,61,60-64,F,7791,10053,17844,2262,0.2903350019252984
20795,06062,55,55-59,F,7759,10086,17845,2327,0.2999097821884263
24605,07005,26,Under 35,F,8230,9617,17847,1387,0.1685297691373025
23658,98117,66,65-69,F,8271,9578,17849,1307,0.1580220045943658
24414,02043,39,35-39,F,8199,9650,17849,1451,0.176972801561166
24347,02043,43,40-44,F,8199,9650,17849,1451,0.176972801561166
25955,02176,40,40-44,M,7594,10255,17849,2661,0.3504082170134316
23713,58103,68,65-69,F,8260,9591,17851,1331,0.161138014527845
24277,01983,28,Under 35,F,8667,9185,17852,518,0.0597669320410753
26249,05495,34,Under 35,F,8132,9721,17853,1589,0.1954008853910477
23188,22940,71,70-74,M,8168,9686,17854,1518,0.1858472086190009
26457,01902,45,45-49,F,7747,10107,17854,2360,0.3046340518910546
27581,60657,39,35-39,M,8376,9481,17857,1105,0.1319245463228271
24930,01545,43,40-44,F,8759,9099,17858,340,0.0388172165772348
25847,02453,36,35-39,F,8025,9833,17858,1808,0.2252959501557632
28260,97229,42,40-44,M,7899,9961,17860,2062,0.2610457019875933
25533,01760,37,35-39,M,7774,10086,17860,2312,0.2974015950604579
26274,02127,25,Under 35,M,7259,10601,17860,3342,0.4603939936630389
26130,11209,36,35-39,M,8069,9792,17861,1723,0.2135332754988226
26102,32459,47,45-49,M,8069,9792,17861,1723,0.2135332754988226
10605,45701,48,45-49,M,6304,11558,17862,5254,0.8334390862944162
26118,01748,47,45-49,M,8409,9454,17863,1045,0.1242716137471756
25738,02169,29,Under 35,M,7893,9974,17867,2081,0.2636513366273914
25356,12866,62,60-64,F,8378,9490,17868,1112,0.1327285748388637
15913,21042,69,65-69,M,7845,10025,17870,2180,0.2778840025493945
22196,89131,54,50-54,F,7388,10483,17871,3095,0.4189225771521386
24866,33414,31,Under 35,F,7254,10617,17871,3363,0.4636062861869313
24224,01949,32,Under 35,F,8603,9269,17872,666,0.0774148552830408
27486,75056,26,Under 35,M,8498,9379,17877,881,0.1036714521063779
30545,28027,50,50-54,F,8302,9575,17877,1273,0.1533365454107444
18721,32459,40,40-44,F,7158,10719,17877,3561,0.4974853310980721
27025,08562,51,50-54,M,8237,9641,17878,1404,0.170450406701469
30394,01550,45,45-49,F,8394,9484,17878,1090,0.1298546580891112
27544,01776,65,65-69,M,7753,10125,17878,2372,0.3059460853863021
23702,20191,70,70-74,F,8456,9422,17878,966,0.1142384105960264
25057,03087,31,Under 35,M,7616,10263,17879,2647,0.3475577731092437
28039,02356,37,35-39,M,8033,9848,17881,1815,0.2259429851861073
29822,02914,60,60-64,M,8744,9137,17881,393,0.0449451052150045
23422,17022,63,60-64,F,8102,9780,17882,1678,0.2071093557146383
27225,03045,38,35-39,M,8155,9728,17883,1573,0.1928877988963825
24095,11570,47,45-49,M,8099,9785,17884,1686,0.2081738486232868
7736,49306,26,Under 35,M,7571,10313,17884,2742,0.3621714436666226
29543,02148,27,Under 35,M,8064,9821,17885,1757,0.2178819444444444
26294,34401,25,Under 35,M,8186,9700,17886,1514,0.1849499144881505
30249,84321,50,50-54,F,8244,9646,17890,1402,0.1700630761766133
17664,12550,39,35-39,F,8415,9476,17891,1061,0.1260843731431966
23528,28730,61,60-64,F,7881,10010,17891,2129,0.2701433828194391
27456,02129,30,Under 35,F,7915,9976,17891,2061,0.2603916614024005
15941,43015,58,55-59,M,8050,9841,17891,1791,0.2224844720496894
25718,03842,33,Under 35,M,8387,9505,17892,1118,0.1333015380946703
24178,68131,64,60-64,M,8058,9834,17892,1776,0.2204020848845867
21907,93036,65,65-69,M,7361,10532,17893,3171,0.4307838608884662
28944,02151,40,40-44,F,8525,9369,17894,844,0.0990029325513196
24049,27705,55,55-59,M,7336,10559,17895,3223,0.439340239912759
28349,01760,24,Under 35,F,8160,9735,17895,1575,0.1930147058823529
25854,02141,46,45-49,F,8242,9654,17896,1412,0.1713176413491871
29916,80112,24,Under 35,M,7461,10435,17896,2974,0.3986060849752044
10449,92617,52,50-54,M,8103,9794,17897,1691,0.2086881401949895
26281,01772,30,Under 35,M,7527,10370,17897,2843,0.3777069217483725
24482,02118,21,Under 35,M,8454,9444,17898,990,0.1171043293115684
27649,94122,35,35-39,M,8493,9406,17899,913,0.1075002943600612
21856,92618,57,55-59,F,8103,9796,17899,1693,0.2089349623596199
25401,02492,37,35-39,M,8174,9725,17899,1551,0.1897479814044531
24074,56601,50,50-54,F,8745,9156,17901,411,0.0469982847341337
27074,28216,34,Under 35,M,7417,10485,17902,3068,0.4136443305918835
27032,28078,39,35-39,M,7300,10602,17902,3302,0.4523287671232877
26680,10016,39,35-39,F,8550,9353,17903,803,0.0939181286549707
25070,01880,35,35-39,F,8264,9639,17903,1375,0.1663843175217812
23375,44313,60,60-64,F,8211,9695,17906,1484,0.1807331628303495
25063,02050,32,Under 35,M,7957,9950,17907,1993,0.2504712831469147
22871,44321,69,65-69,M,7685,10222,17907,2537,0.3301236174365647
25303,02339,33,Under 35,M,7966,9941,17907,1975,0.2479286969620888
27482,55318,28,Under 35,M,8313,9596,17909,1283,0.1543365812582701
26324,02215,23,Under 35,F,7156,10753,17909,3597,0.5026551145891559
26588,02339,49,45-49,M,8147,9763,17910,1616,0.1983552227813919
30689,10021,23,Under 35,M,8105,9806,17911,1701,0.2098704503392967
28338,02144,30,Under 35,F,7682,10230,17912,2548,0.3316844571726113
29889,90005,34,Under 35,M,8232,9685,17917,1453,0.1765063168124392
24655,02114,25,Under 35,F,8828,9091,17919,263,0.0297915722700498
26275,02127,24,Under 35,F,8596,9324,17920,728,0.0846905537459283
26449,02135,24,Under 35,F,8596,9324,17920,728,0.0846905537459283
27319,01915,58,55-59,M,8279,9642,17921,1363,0.1646334098321053
26048,02139,29,Under 35,F,8330,9592,17922,1262,0.151500600240096
27812,22066,47,45-49,M,8376,9549,17925,1173,0.1400429799426934
24079,29464,41,40-44,F,8746,9179,17925,433,0.0495083466727646
21793,79925,53,50-54,F,7763,10164,17927,2401,0.3092876465284039
28182,01876,34,Under 35,F,8185,9743,17928,1558,0.1903481979230299
28052,02632,56,55-59,F,8282,9646,17928,1364,0.164694518232311
26490,03874,21,Under 35,F,8553,9376,17929,823,0.0962235472933473
24545,02149,26,Under 35,M,8175,9755,17930,1580,0.1932721712538226
26390,02127,31,Under 35,M,8180,9751,17931,1571,0.1920537897310513
26591,02127,29,Under 35,F,8180,9751,17931,1571,0.1920537897310513
25376,01907,35,35-39,M,8370,9563,17933,1193,0.1425328554360812
25387,02032,32,Under 35,M,8331,9602,17933,1271,0.152562717560917
25091,66213,57,55-59,M,8092,9843,17935,1751,0.2163865546218487
30546,02139,30,Under 35,M,7815,10125,17940,2310,0.2955854126679462
15575,85621,58,55-59,F,7829,10113,17942,2284,0.2917358538766126
28923,02184,33,Under 35,F,8241,9701,17942,1460,0.1771629656595073
23653,80304,67,65-69,F,8250,9692,17942,1442,0.1747878787878788
29279,21811,38,35-39,M,7905,10038,17943,2133,0.2698292220113852
27565,02478,28,Under 35,M,8515,9428,17943,913,0.1072225484439224
25680,01757,30,Under 35,M,8877,9068,17945,191,0.0215162780218542
25685,90025,33,Under 35,M,8955,8990,17945,35,0.0039084310441094
26872,03841,23,Under 35,M,7387,10559,17946,3172,0.4294030052795451
21045,92173,54,50-54,F,8475,9472,17947,997,0.1176401179941002
19285,94618,61,60-64,M,7233,10714,17947,3481,0.4812664178072722
29500,01945,36,35-39,M,7927,10020,17947,2093,0.2640343131071023
16554,27127,66,65-69,M,7333,10615,17948,3282,0.4475657984453838
23383,55402,60,60-64,F,7830,10120,17950,2290,0.2924648786717752
23664,93465,67,65-69,F,8399,9552,17951,1153,0.137278247410406
26746,02144,31,Under 35,M,7433,10520,17953,3087,0.4153101035920893
30535,02170,59,55-59,M,8500,9454,17954,954,0.112235294117647
24189,34202,49,45-49,M,8744,9210,17954,466,0.0532936870997255
27013,08534,38,35-39,M,8962,8997,17959,35,0.0039053782637804
26064,02474,30,Under 35,F,7757,10203,17960,2446,0.3153280907567358
25029,03873,52,50-54,M,8494,9466,17960,972,0.1144337179185307
24061,36561,47,45-49,M,7587,10374,17961,2787,0.3673388691182285
15227,98296,27,Under 35,F,8203,9758,17961,1555,0.1895647933682799
28593,02180,27,Under 35,M,8329,9632,17961,1303,0.1564413495017409
28354,02109,52,50-54,F,8087,9876,17963,1789,0.2212192407567701
26521,02492,41,40-44,F,8141,9823,17964,1682,0.206608524751259
25727,02127,24,Under 35,F,8524,9442,17966,918,0.1076959174096668
29603,01864,59,55-59,M,8133,9835,17968,1702,0.2092708717570392
18467,60004,51,50-54,F,7764,10207,17971,2443,0.3146573930963421
7791,02135,28,Under 35,F,8777,9194,17971,417,0.0475105389085108
27560,01810,51,50-54,F,8600,9371,17971,771,0.0896511627906976
26108,02127,28,Under 35,F,8437,9537,17974,1100,0.1303780964797914
27822,02113,24,Under 35,M,7595,10380,17975,2785,0.3666886109282423
28019,02127,27,Under 35,F,7975,10002,17977,2027,0.2541692789968652
24063,03275,30,Under 35,M,8070,9907,17977,1837,0.227633209417596
27852,04072,57,55-59,M,8518,9460,17978,942,0.110589340220709
25058,03884,47,45-49,M,8092,9887,17979,1795,0.2218240237271379
26924,28203,39,35-39,F,8130,9849,17979,1719,0.2114391143911439
26141,08540,54,50-54,M,8006,9976,17982,1970,0.2460654509118161
22311,91765,64,60-64,F,8314,9671,17985,1357,0.1632186673081549
26103,01746,39,35-39,F,8367,9620,17987,1253,0.1497549898410421
26123,01746,36,35-39,F,8367,9620,17987,1253,0.1497549898410421
26556,02135,30,Under 35,M,7473,10520,17993,3047,0.407734510905928
25909,04364,43,40-44,F,8714,9279,17993,565,0.064838191416112
29022,02152,28,Under 35,F,8296,9698,17994,1402,0.1689971070395371
25373,02356,38,35-39,F,8427,9567,17994,1140,0.1352794588821644
26428,02379,35,35-39,F,8590,9404,17994,814,0.0947613504074505
25318,10019,49,45-49,M,7960,10035,17995,2075,0.2606783919597989
15635,02465,18,Under 35,M,6975,11020,17995,4045,0.5799283154121864
1968,06355,77,75-79,M,7988,10010,17998,2022,0.2531296945418127
23607,10801,66,65-69,F,8240,9759,17999,1519,0.1843446601941747
25520,20816,22,Under 35,F,8575,9427,18002,852,0.0993586005830903
15556,02176,50,50-54,M,7459,10543,18002,3084,0.4134602493631854
26005,02143,26,Under 35,F,8316,9686,18002,1370,0.1647426647426647
26849,02482,54,50-54,F,8319,9683,18002,1364,0.1639620146652242
21593,94030,49,45-49,F,8265,9737,18002,1472,0.1781004234724743
27982,10469,33,Under 35,M,6354,11649,18003,5295,0.8333333333333334
19274,76017,60,60-64,M,7209,10795,18004,3586,0.4974337633513663
23164,32605,63,60-64,F,7188,10816,18004,3628,0.5047301057317752
28418,01775,26,Under 35,F,8597,9408,18005,811,0.094335233220891
25653,02052,28,Under 35,M,7300,10706,18006,3406,0.4665753424657534
25158,01945,46,45-49,F,8690,9318,18008,628,0.0722669735327963
28491,02114,26,Under 35,F,8345,9663,18008,1318,0.1579388855602157
29577,02184,33,Under 35,F,8727,9284,18011,557,0.0638249111951415
25396,02668,27,Under 35,F,8317,9694,18011,1377,0.1655645064326079
25227,10016,26,Under 35,F,8578,9436,18014,858,0.1000233154581487
12317,28081,50,50-54,M,6417,11597,18014,5180,0.8072307932055478
20685,91776,55,55-59,F,7936,10079,18015,2143,0.2700352822580645
30310,30004,40,40-44,F,8978,9038,18016,60,0.0066830028959679
21969,34997,53,50-54,F,8067,9950,18017,1883,0.233420106607165
29003,01748,62,60-64,F,8499,9519,18018,1020,0.1200141193081539
21400,80919,62,60-64,M,6788,11231,18019,4443,0.6545374189746611
29504,97031,68,65-69,M,8405,9614,18019,1209,0.1438429506246282
14323,40217,44,40-44,F,5980,12039,18019,6059,1.0132107023411372
24661,02601,34,Under 35,M,7611,10411,18022,2800,0.3678885823150702
23268,92647,61,60-64,F,7712,10312,18024,2600,0.3371369294605809
30406,03086,43,40-44,F,8290,9734,18024,1444,0.1741857659831122
29592,02124,31,Under 35,M,7849,10176,18025,2327,0.2964708880112116
23712,32259,68,65-69,F,8326,9700,18026,1374,0.165025222195532
24070,02464,37,35-39,M,8000,10030,18030,2030,0.25375
25970,01803,49,45-49,M,7928,10102,18030,2174,0.274217961654894
25971,01803,48,45-49,F,7641,10389,18030,2748,0.3596387907341971
24087,02048,33,Under 35,M,7567,10466,18033,2899,0.3831108761728558
23668,98052,67,65-69,F,8304,9731,18035,1427,0.1718448940269749
26321,02114,29,Under 35,M,8356,9682,18038,1326,0.1586883676400191
25250,02125,29,Under 35,F,8170,9870,18040,1700,0.208078335373317
21922,20737,61,60-64,F,7275,10765,18040,3490,0.4797250859106529
28068,02128,28,Under 35,F,8235,9805,18040,1570,0.1906496660595021
24212,01721,22,Under 35,M,8562,9479,18041,917,0.1071011445923849
26451,02026,26,Under 35,F,8483,9558,18041,1075,0.1267240363079099
28321,01746,26,Under 35,M,8066,9976,18042,1910,0.2367964294569799
26278,01773,26,Under 35,F,8498,9547,18045,1049,0.1234408096022593
30674,10013,36,35-39,F,8967,9079,18046,112,0.0124902419984387
24612,07924,41,40-44,F,8967,9079,18046,112,0.0124902419984387
25247,02043,27,Under 35,F,8293,9754,18047,1461,0.176172675750633
28450,02446,43,40-44,M,7830,10220,18050,2390,0.3052362707535121
25335,02114,28,Under 35,F,8001,10050,18051,2049,0.2560929883764529
26060,02659,28,Under 35,F,8219,9832,18051,1613,0.1962525854726852
26494,01950,35,35-39,M,8323,9728,18051,1405,0.1688093235612159
26310,03051,41,40-44,F,8354,9698,18052,1344,0.1608810150825951
23365,03824,61,60-64,F,8134,9918,18052,1784,0.2193262847307597
24298,02186,36,35-39,M,8217,9837,18054,1620,0.1971522453450164
26401,01960,49,45-49,F,7917,10138,18055,2221,0.2805355563976253
27377,02127,37,35-39,M,7930,10126,18056,2196,0.2769230769230769
25114,02124,50,50-54,M,8042,10018,18060,1976,0.2457100223824919
23681,88011,66,65-69,F,8407,9655,18062,1248,0.1484477221363149
25814,33446,40,40-44,F,7951,10111,18062,2160,0.2716639416425607
30530,40220,24,Under 35,M,8067,9999,18066,1932,0.2394942357753811
24088,02360,41,40-44,F,8621,9445,18066,824,0.0955805590998724
24805,02882,55,55-59,F,8266,9802,18068,1536,0.1858214372126784
29085,03106,51,50-54,M,8238,9833,18071,1595,0.1936149550861859
26820,01749,33,Under 35,F,8236,9837,18073,1601,0.19439048081593
24350,84009,41,40-44,F,8123,9952,18075,1829,0.2251631170749723
23523,35634,71,70-74,M,7907,10168,18075,2261,0.2859491589730618
30660,08876,56,55-59,F,8227,9851,18078,1624,0.1973988088002917
23682,93003,75,75-79,M,7702,10378,18080,2676,0.3474422227992729
25958,20036,32,Under 35,M,8088,9992,18080,1904,0.2354104846686449
26260,02465,21,Under 35,F,8623,9459,18082,836,0.096950017395338
26266,02465,49,45-49,M,8623,9459,18082,836,0.096950017395338
26306,02176,39,35-39,M,7993,10091,18084,2098,0.2624796697109971
27322,02138,32,Under 35,M,7096,10989,18085,3893,0.548618940248027
30436,06611,29,Under 35,F,8137,9950,18087,1813,0.2228093892097824
26339,02493,54,50-54,F,8797,9292,18089,495,0.0562691826759122
29713,02035,55,55-59,F,8709,9380,18089,671,0.077046733264439
24889,02141,31,Under 35,M,7902,10189,18091,2287,0.2894203998987598
15906,78266,59,55-59,F,7611,10481,18092,2870,0.3770857968729471
26614,02476,45,45-49,M,8253,9839,18092,1586,0.1921725433175815
23588,54601,67,65-69,F,8100,9994,18094,1894,0.2338271604938271
26114,32250,27,Under 35,F,8401,9694,18095,1293,0.1539102487799071
29185,02151,26,Under 35,M,8431,9666,18097,1235,0.1464832167002728
25744,02061,36,35-39,M,7693,10407,18100,2714,0.3527882490575848
25206,90036,34,Under 35,F,8440,9660,18100,1220,0.1445497630331753
26999,01886,33,Under 35,M,8381,9720,18101,1339,0.1597661376923994
28001,04101,30,Under 35,M,6976,11126,18102,4150,0.5948967889908257
12889,72207,46,45-49,F,8083,10021,18104,1938,0.2397624644315229
22180,90630,53,50-54,F,8188,9916,18104,1728,0.2110405471421592
24969,01752,33,Under 35,F,8318,9786,18104,1468,0.1764847319067083
30511,02186,22,Under 35,F,8735,9371,18106,636,0.0728105323411562
28955,01923,48,45-49,F,8548,9559,18107,1011,0.1182732802994852
29306,60586,36,35-39,F,8582,9525,18107,943,0.1098811465858774
15756,44236,62,60-64,M,9064,9044,18108,-20,-0.0022065313327449
27680,01748,31,Under 35,M,7504,10608,18112,3104,0.4136460554371002
24409,02113,23,Under 35,F,8574,9540,18114,966,0.112666200139958
28133,02144,22,Under 35,F,8141,9975,18116,1834,0.2252794496990541
22392,80439,56,55-59,F,7316,10800,18116,3484,0.4762165117550574
28150,01510,23,Under 35,F,8141,9975,18116,1834,0.2252794496990541
23129,06902,62,60-64,F,8458,9658,18116,1200,0.1418775124142823
17765,32940,43,40-44,F,6922,11195,18117,4273,0.6173071366657036
29553,19426,26,Under 35,M,7870,10249,18119,2379,0.302287166454892
23433,98296,63,60-64,F,7975,10145,18120,2170,0.2721003134796238
24336,02118,27,Under 35,F,8288,9833,18121,1545,0.1864140926640926
27733,01960,31,Under 35,F,8522,9601,18123,1079,0.1266134710161933
26345,02127,25,Under 35,M,8209,9914,18123,1705,0.2076988670970885
29468,03102,32,Under 35,F,8582,9545,18127,963,0.1122116056863202
25549,02184,24,Under 35,F,8640,9488,18128,848,0.0981481481481481
26035,11105,50,50-54,F,8521,9608,18129,1087,0.1275671869498885
22630,08853,55,55-59,F,7682,10449,18131,2767,0.360192658161937
25285,02113,26,Under 35,F,8515,9616,18131,1101,0.129301233118027
26563,06488,50,50-54,F,8711,9422,18133,711,0.0816209390425898
22936,19130,66,65-69,M,8199,9935,18134,1736,0.2117331381875838
7729,55112,57,55-59,M,7289,10847,18136,3558,0.488132802853615
24459,02186,20,Under 35,F,8400,9738,18138,1338,0.1592857142857142
27540,02127,35,35-39,F,8085,10056,18141,1971,0.2437847866419295
15748,01886,65,65-69,M,8591,9551,18142,960,0.1117448492608543
24501,02368,62,60-64,M,7703,10440,18143,2737,0.3553161106062573
24561,04107,66,65-69,M,8472,9671,18143,1199,0.1415250236071766
28181,02482,26,Under 35,F,8942,9201,18143,259,0.028964437486021
24682,11231,32,Under 35,M,8422,9723,18145,1301,0.1544763714082165
23295,34229,68,65-69,F,8151,9995,18146,1844,0.2262299104404367
23691,81005,75,75-79,M,8395,9754,18149,1359,0.1618820726622989
26690,02127,31,Under 35,M,8323,9833,18156,1510,0.1814249669590291
25813,02152,38,35-39,F,8241,9915,18156,1674,0.2031306880232981
25818,01028,36,35-39,F,8241,9916,18157,1675,0.2032520325203252
26647,94526,53,50-54,F,8295,9864,18159,1569,0.1891500904159132
26648,94116,57,55-59,M,8295,9864,18159,1569,0.1891500904159132
26477,75080,53,50-54,F,8158,10006,18164,1848,0.2265261093405246
25579,02184,22,Under 35,F,8393,9771,18164,1378,0.1641844394137972
26439,95126,49,45-49,F,8293,9875,18168,1582,0.190763294344628
24151,02492,21,Under 35,F,8298,9871,18169,1573,0.1895637503012774
24084,02492,53,50-54,F,8298,9871,18169,1573,0.1895637503012774
25745,02186,21,Under 35,F,8083,10086,18169,2003,0.2478040331560064
29331,02138,30,Under 35,M,8474,9695,18169,1221,0.1440877979702619
25923,02493,46,45-49,M,7834,10343,18177,2509,0.3202706152667858
30626,77067,49,45-49,M,7981,10199,18180,2218,0.2779100363362987
26883,91103,39,35-39,F,8389,9792,18181,1403,0.1672428179759208
27623,02056,33,Under 35,F,8126,10056,18182,1930,0.2375092296332759
23070,46304,58,55-59,F,7974,10209,18183,2235,0.2802859292701279
24778,01983,45,45-49,F,8617,9567,18184,950,0.1102471857955204
27034,02481,23,Under 35,F,6921,11267,18188,4346,0.6279439387371767
27052,02481,54,50-54,F,6920,11268,18188,4348,0.6283236994219653
30334,02481,24,Under 35,F,6921,11267,18188,4346,0.6279439387371767
26764,01450,22,Under 35,F,8115,10074,18189,1959,0.2414048059149722
29019,02048,27,Under 35,M,6939,11250,18189,4311,0.6212710765239948
22516,98034,61,60-64,F,7639,10551,18190,2912,0.3812017279748658
24361,01890,20,Under 35,F,8337,9857,18194,1520,0.1823197792971092
26370,92677,41,40-44,M,6847,11347,18194,4500,0.6572221410836863
26613,94010,56,55-59,M,8403,9791,18194,1388,0.1651791027014161
23140,20814,76,75-79,M,7707,10488,18195,2781,0.3608407940833009
26539,01473,47,45-49,F,8389,9806,18195,1417,0.1689116700441053
15757,01460,54,50-54,M,8258,9938,18196,1680,0.2034390893678856
26894,01880,29,Under 35,F,8461,9735,18196,1274,0.1505732182957097
28280,02664,55,55-59,M,7506,10695,18201,3189,0.4248601119104716
24514,02445,30,Under 35,F,8720,9481,18201,761,0.0872706422018348
24209,02129,27,Under 35,F,8956,9246,18202,290,0.0323805270209915
24491,02130,33,Under 35,F,8957,9246,18203,289,0.0322652673886345
24795,02050,30,Under 35,F,8386,9817,18203,1431,0.1706415454328643
24251,06514,29,Under 35,F,8956,9247,18203,291,0.032492184010719
24664,48236,51,50-54,F,8055,10149,18204,2094,0.2599627560521415
26779,01960,24,Under 35,F,8081,10123,18204,2042,0.2526914985769088
27062,27265,45,45-49,M,7732,10473,18205,2741,0.3545007759958613
26756,01960,24,Under 35,F,8081,10124,18205,2043,0.2528152456379161
24062,01760,46,45-49,M,8721,9484,18205,763,0.0874899667469326
23714,02840,69,65-69,F,8338,9870,18208,1532,0.1837371072199568
27867,02138,22,Under 35,M,9117,9097,18214,-20,-0.002193704069321
15547,76102,76,75-79,M,8232,9984,18216,1752,0.2128279883381924
23021,99204,58,55-59,F,7920,10297,18217,2377,0.3001262626262626
30329,01028,28,Under 35,F,8870,9348,18218,478,0.0538895152198421
23283,90025,62,60-64,F,8383,9835,18218,1452,0.1732076822140045
25460,02066,50,50-54,F,8345,9877,18222,1532,0.1835829838226483
25839,01845,63,60-64,M,8454,9769,18223,1315,0.1555476697421339
21421,48823,60,60-64,M,8285,9943,18228,1658,0.20012070006035
25829,02124,22,Under 35,M,8358,9871,18229,1513,0.1810241684613543
22943,60525,70,70-74,M,7999,10235,18234,2236,0.2795349418677335
25805,11213,46,45-49,M,8109,10126,18235,2017,0.2487359723763719
30282,02129,28,Under 35,M,7277,10964,18241,3687,0.5066648344097843
28538,01960,35,35-39,M,8294,9948,18242,1654,0.1994212683867856
26935,29707,42,40-44,M,8005,10237,18242,2232,0.2788257339163023
21946,94117,65,65-69,M,7470,10780,18250,3310,0.4431057563587684
28789,02038,38,35-39,F,8472,9778,18250,1306,0.1541548630783758
25809,03820,34,Under 35,F,8311,9940,18251,1629,0.1960052941884249
21011,95033,52,50-54,F,7939,10312,18251,2373,0.298904144098753
29017,48823,52,50-54,M,8574,9679,18253,1105,0.1288780032656869
26031,02118,24,Under 35,F,8666,9591,18257,925,0.1067389799215324
30661,06405,25,Under 35,M,8047,10214,18261,2167,0.2692929041878961
25351,94115,29,Under 35,M,8096,10165,18261,2069,0.2555583003952569
26351,02210,26,Under 35,F,8506,9755,18261,1249,0.1468375264519163
25878,01860,29,Under 35,M,7553,10710,18263,3157,0.417979610750695
26057,03801,53,50-54,F,8633,9631,18264,998,0.1156029190316228
28486,02760,41,40-44,F,8315,9950,18265,1635,0.1966325917017438
23440,44312,60,60-64,F,7897,10371,18268,2474,0.3132835253893883
26169,01887,41,40-44,M,7823,10447,18270,2624,0.3354211939153777
28643,01701,41,40-44,M,6498,11773,18271,5275,0.811788242536165
25988,02118,34,Under 35,F,8266,10009,18275,1743,0.2108637793370433
22963,33467,56,55-59,F,8120,10158,18278,2038,0.2509852216748768
29573,10024,40,40-44,F,8314,9964,18278,1650,0.1984604281934087
15883,46077,58,55-59,F,7255,11026,18281,3771,0.5197794624396967
22247,01854,69,65-69,M,6823,11458,18281,4635,0.6793199472372856
24042,02375,35,35-39,F,7905,10376,18281,2471,0.3125869702719797
26377,03110,26,Under 35,F,7988,10294,18282,2306,0.2886830245368052
24498,98029,51,50-54,M,8549,9733,18282,1184,0.1384957304947947
25188,02135,25,Under 35,F,8635,9648,18283,1013,0.1173132599884192
25216,01852,43,40-44,F,8340,9945,18285,1605,0.1924460431654676
24025,90266,58,55-59,M,8221,10066,18287,1845,0.2244252524023841
23467,33556,62,60-64,F,8524,9764,18288,1240,0.1454716095729704
22368,60188,56,55-59,F,8258,10030,18288,1772,0.2145798014046984
25637,22601,67,65-69,M,8522,9766,18288,1244,0.1459751232105139
24337,01748,50,50-54,M,6974,11315,18289,4341,0.622454832234012
29385,02186,40,40-44,M,8165,10125,18290,1960,0.2400489895897122
27447,01532,50,50-54,M,8487,9804,18291,1317,0.1551785083068222
25670,02906,45,45-49,M,8109,10183,18292,2074,0.2557651991614256
24038,02127,27,Under 35,M,8093,10201,18294,2108,0.2604720128506116
26327,02132,28,Under 35,M,8324,9973,18297,1649,0.1981018740989908
16019,01440,28,Under 35,F,6291,12007,18298,5716,0.9085995867111748
26640,03054,35,35-39,M,8074,10224,18298,2150,0.266286846668318
29755,15090,53,50-54,M,8422,9876,18298,1454,0.1726430776537639
26891,10001,28,Under 35,M,7116,11183,18299,4067,0.5715289488476673
18972,02118,40,40-44,F,8198,10106,18304,1908,0.2327396926079531
30548,27012,47,45-49,F,8556,9755,18311,1199,0.140135577372604
25741,02382,29,Under 35,F,8301,10010,18311,1709,0.2058788097819539
25154,02451,32,Under 35,F,7944,10368,18312,2424,0.3051359516616314
24869,01845,29,Under 35,F,8751,9562,18313,811,0.0926751228431036
25223,33556,31,Under 35,F,8425,9890,18315,1465,0.173887240356083
2875,34221,32,Under 35,M,8425,9890,18315,1465,0.173887240356083
24583,01752,27,Under 35,F,8491,9828,18319,1337,0.1574608408903545
23561,11718,64,60-64,F,7972,10347,18319,2375,0.2979177119919719
25743,02035,36,35-39,F,8441,9880,18321,1439,0.1704774315839355
27207,01803,57,55-59,F,8301,10021,18322,1720,0.2072039513311649
25999,28390,30,Under 35,M,7570,10753,18323,3183,0.4204755614266843
2960,30317,32,Under 35,M,8181,10143,18324,1962,0.2398239823982398
26795,02030,54,50-54,M,8562,9764,18326,1202,0.1403877598691894
30572,01890,56,55-59,F,8219,10107,18326,1888,0.2297116437522812
29586,02468,51,50-54,M,8140,10188,18328,2048,0.2515970515970516
27035,02908,34,Under 35,F,8390,9953,18343,1563,0.1862932061978545
24359,01757,39,35-39,F,9194,9152,18346,-42,-0.0045681966499891
27021,28205,26,Under 35,M,7890,10458,18348,2568,0.3254752851711026
28443,01376,35,35-39,M,8206,10143,18349,1937,0.2360467950280282
25831,02364,25,Under 35,F,7537,10815,18352,3278,0.4349210561231259
24437,10028,26,Under 35,F,8814,9538,18352,724,0.0821420467438166
26541,01760,48,45-49,M,8241,10112,18353,1871,0.2270355539376289
23766,48105,70,70-74,F,8405,9949,18354,1544,0.1837001784651993
26611,02118,27,Under 35,F,8804,9551,18355,747,0.0848477964561563
23715,15090,66,65-69,F,8826,9531,18357,705,0.0798776342624065
29040,01590,32,Under 35,F,8726,9634,18360,908,0.1040568416227366
23449,38308,61,60-64,F,7935,10425,18360,2490,0.3137996219281663
28404,20016,34,Under 35,M,8057,10305,18362,2248,0.2790120392205535
26179,01770,43,40-44,F,8881,9483,18364,602,0.0677851593289044
30532,02124,27,Under 35,F,8407,9957,18364,1550,0.1843701677173783
26757,01450,23,Under 35,F,8586,9778,18364,1192,0.138830654553925
28875,02127,26,Under 35,F,8365,10002,18367,1637,0.1956963538553496
23290,98027,61,60-64,F,7746,10622,18368,2876,0.3712884069197005
26694,02127,27,Under 35,F,8183,10186,18369,2003,0.2447757546132225
29798,02122,31,Under 35,M,8050,10319,18369,2269,0.2818633540372671
29454,02124,37,35-39,M,8170,10200,18370,2030,0.2484700122399021
26332,02568,48,45-49,M,8276,10095,18371,1819,0.2197921701304978
26590,02127,29,Under 35,M,8076,10298,18374,2222,0.2751362060425953
26093,01770,42,40-44,F,8639,9735,18374,1096,0.1268665354786433
21312,11375,46,45-49,F,7893,10482,18375,2589,0.3280121626757887
22875,70443,65,65-69,F,8727,9648,18375,921,0.1055345479546235
23160,94547,72,70-74,M,8586,9790,18376,1204,0.1402282785930584
26411,02210,30,Under 35,F,8625,9752,18377,1127,0.1306666666666666
23612,84037,80,80 and Over,M,8894,9485,18379,591,0.066449291657297
30647,77423,45,45-49,M,8479,9901,18380,1422,0.1677084561858709
28274,02171,66,65-69,M,8552,9830,18382,1278,0.1494387277829747
23631,01867,75,75-79,M,8165,10218,18383,2053,0.2514390691977954
28582,07079,39,35-39,M,7739,10645,18384,2906,0.3755007106861351
15754,03818,71,70-74,F,8409,9976,18385,1567,0.1863479605184921
29854,02339,41,40-44,M,8429,9957,18386,1528,0.1812789180211175
25270,01982,34,Under 35,F,8676,9710,18386,1034,0.1191793453204241
28569,02122,29,Under 35,F,8571,9816,18387,1245,0.1452572628631431
29338,33615,43,40-44,M,8739,9648,18387,909,0.1040164778578784
27458,01867,37,35-39,F,8598,9791,18389,1193,0.1387531984182368
29438,02127,23,Under 35,F,8825,9566,18391,741,0.0839660056657223
24260,01824,35,35-39,M,7990,10402,18392,2412,0.3018773466833542
24142,77043,65,65-69,M,8996,9396,18392,400,0.0444642063139172
23227,03054,60,60-64,F,8018,10376,18394,2358,0.2940883013220254
29236,01880,49,45-49,M,8691,9705,18396,1014,0.1166724197445633
29633,01880,21,Under 35,M,8692,9704,18396,1012,0.1164289001380579
24547,10010,38,35-39,F,8386,10011,18397,1625,0.1937753398521345
25399,01913,25,Under 35,F,7900,10499,18399,2599,0.3289873417721519
26220,01757,34,Under 35,M,8462,9939,18401,1477,0.1745450248168281
24526,02445,54,50-54,F,8751,9651,18402,900,0.1028453890983887
27686,30075,40,40-44,M,8120,10282,18402,2162,0.266256157635468
25792,72143,60,60-64,F,8182,10222,18404,2040,0.2493277927157174
19356,06776,67,65-69,M,7044,11361,18405,4317,0.612862010221465
30006,01590,32,Under 35,M,8530,9876,18406,1346,0.1577960140679953
28065,02189,30,Under 35,F,8457,9950,18407,1493,0.1765401442591935
28100,02364,31,Under 35,M,8457,9950,18407,1493,0.1765401442591935
25737,02150,34,Under 35,F,8368,10039,18407,1671,0.199689292543021
26666,03076,37,35-39,M,8432,9979,18411,1547,0.1834677419354838
24305,01742,32,Under 35,F,8041,10370,18411,2329,0.2896405919661733
28874,02331,51,50-54,M,8659,9753,18412,1094,0.1263425337798822
25425,02332,47,45-49,F,8447,9966,18413,1519,0.1798271575707351
26478,02140,35,35-39,M,8076,10338,18414,2262,0.2800891530460624
30276,10009,38,35-39,F,8952,9462,18414,510,0.056970509383378
29121,01915,37,35-39,M,7928,10491,18419,2563,0.323284561049445
23595,22601,67,65-69,F,7741,10680,18421,2939,0.3796667097274254
25283,92657,71,70-74,M,8057,10364,18421,2307,0.286334864093335
24782,02127,25,Under 35,F,8707,9714,18421,1007,0.115654071436775
12655,55110,26,Under 35,F,5817,12605,18422,6788,1.1669245315454702
30026,01748,28,Under 35,F,8882,9542,18424,660,0.0743075883809952
22045,30004,59,55-59,F,7754,10670,18424,2916,0.376063966984782
25997,02138,34,Under 35,F,8389,10038,18427,1649,0.1965669328883061
21468,60805,50,50-54,F,7360,11073,18433,3713,0.5044836956521739
25224,30309,46,45-49,M,8286,10148,18434,1862,0.2247163890900314
30015,02176,59,55-59,F,9142,9293,18435,151,0.0165171734850142
24662,26541,35,35-39,M,7338,11100,18438,3762,0.5126737530662305
27604,10029,28,Under 35,F,8522,9916,18438,1394,0.1635766252053508
29227,10016,26,Under 35,F,8821,9618,18439,797,0.0903525677360843
22974,94086,57,55-59,F,7712,10727,18439,3015,0.3909491701244813
29517,15108,40,40-44,F,7113,11326,18439,4213,0.5922957964290735
25640,01923,25,Under 35,M,8093,10352,18445,2259,0.2791301124428518
24609,02138,23,Under 35,F,8656,9789,18445,1133,0.1308918669131238
28864,02184,36,35-39,F,8200,10245,18445,2045,0.249390243902439
23598,32533,71,70-74,F,7625,10821,18446,3196,0.4191475409836065
29028,01721,47,45-49,M,8419,10028,18447,1609,0.1911153343627509
29441,10028,46,45-49,F,8623,9824,18447,1201,0.1392786733155514
25681,22030,49,45-49,F,9082,9366,18448,284,0.0312706452323276
26890,28205,50,50-54,F,8748,9701,18449,953,0.1089391860996799
24217,02138,25,Under 35,F,7560,10889,18449,3329,0.4403439153439153
27513,01905,67,65-69,M,8565,9884,18449,1319,0.1539988324576766
29760,01569,36,35-39,F,8172,10278,18450,2106,0.2577092511013216
25622,02210,60,60-64,F,8474,9976,18450,1502,0.1772480528675949
24439,02210,25,Under 35,M,8150,10301,18451,2151,0.2639263803680982
25671,03894,29,Under 35,F,8707,9746,18453,1039,0.119329275295739
26622,02144,50,50-54,F,8807,9647,18454,840,0.0953786760531395
11926,65202,45,45-49,M,6299,12161,18460,5862,0.9306239085569138
24261,02127,27,Under 35,M,7608,10857,18465,3249,0.4270504731861199
28054,02563,48,45-49,F,8567,9902,18469,1335,0.1558305124314229
7746,80020,40,40-44,F,8462,10011,18473,1549,0.1830536516190026
24133,02127,33,Under 35,F,8878,9598,18476,720,0.0810993466997071
29196,01844,59,55-59,M,8613,9865,18478,1252,0.1453616626030419
29260,54661,51,50-54,M,8246,10232,18478,1986,0.2408440455978656
29556,01560,41,40-44,M,8919,9560,18479,641,0.071869043614755
25018,01906,35,35-39,F,8778,9703,18481,925,0.1053770790612895
24934,02145,31,Under 35,F,8778,9703,18481,925,0.1053770790612895
19761,01833,46,45-49,F,7773,10709,18482,2936,0.3777177408979802
24185,23221,60,60-64,F,9041,9441,18482,400,0.0442428934852339
24128,02149,29,Under 35,F,9035,9448,18483,413,0.0457111234089651
24654,90250,37,35-39,M,8051,10433,18484,2382,0.295863867842504
24544,03076,27,Under 35,M,8130,10358,18488,2228,0.2740467404674047
25481,20169,39,35-39,F,8620,9870,18490,1250,0.1450116009280742
25915,02116,40,40-44,F,8821,9669,18490,848,0.0961342251445414
24380,06840,35,35-39,F,8086,10406,18492,2320,0.2869156566905763
24851,02136,44,40-44,F,8289,10205,18494,1916,0.231149716491736
27376,10464,71,70-74,M,7881,10613,18494,2732,0.3466565156706002
29421,02481,61,60-64,M,8034,10460,18494,2426,0.301966641772467
15710,10506,66,65-69,M,7879,10616,18495,2737,0.3473791090239878
25863,02135,24,Under 35,F,8843,9653,18496,810,0.0915978740246522
24368,06085,38,35-39,M,7957,10540,18497,2583,0.3246198315948221
26360,02054,26,Under 35,F,8838,9660,18498,822,0.0930074677528852
29540,02132,45,45-49,F,8677,9822,18499,1145,0.131958050017287
24942,27012,41,40-44,M,8629,9872,18501,1243,0.1440491366322864
27438,66208,51,50-54,F,8663,9838,18501,1175,0.135634306822117
22694,01742,50,50-54,F,7952,10551,18503,2599,0.3268360160965795
25788,01887,44,40-44,F,8672,9832,18504,1160,0.1337638376383763
28937,02382,39,35-39,M,8470,10035,18505,1565,0.1847697756788666
25573,10024,38,35-39,F,8958,9548,18506,590,0.0658629158294262
23638,39564,70,70-74,F,8035,10472,18507,2437,0.303298070939639
30467,01566,43,40-44,M,8369,10140,18509,1771,0.2116142908352252
25588,10522,57,55-59,M,8521,9989,18510,1468,0.1722802487970895
30636,02130,22,Under 35,M,7753,10760,18513,3007,0.3878498645685541
25645,02125,26,Under 35,M,8278,10236,18514,1958,0.2365305629379077
26115,01748,54,50-54,F,8220,10296,18516,2076,0.2525547445255474
30417,02777,54,50-54,M,8417,10099,18516,1682,0.1998336699536652
23364,05455,60,60-64,F,7176,11340,18516,4164,0.580267558528428
15772,91011,64,60-64,M,8505,10011,18516,1506,0.1770723104056437
15743,60601,63,60-64,M,8768,9748,18516,980,0.1117700729927007
25179,02127,26,Under 35,F,8812,9706,18518,894,0.1014525646845211
29716,60061,50,50-54,F,8378,10140,18518,1762,0.2103127238004297
23564,73003,63,60-64,F,8751,9769,18520,1018,0.116329562335733
28467,02472,45,45-49,F,8400,10121,18521,1721,0.2048809523809523
24006,01267,42,40-44,F,8700,9821,18521,1121,0.1288505747126437
28140,02124,26,Under 35,M,7607,10915,18522,3308,0.4348626265281977
22952,30097,58,55-59,F,8064,10459,18523,2395,0.2969990079365079
24371,91107,37,35-39,M,8275,10248,18523,1973,0.238429003021148
26372,66502,34,Under 35,F,8816,9708,18524,892,0.1011796733212341
29149,02368,36,35-39,F,8766,9758,18524,992,0.1131644992014601
26229,01801,29,Under 35,M,8574,9950,18524,1376,0.1604851877770002
29622,02330,38,35-39,F,8766,9758,18524,992,0.1131644992014601
26083,10002,44,40-44,M,8310,10215,18525,1905,0.2292418772563177
24525,20176,57,55-59,F,8886,9642,18528,756,0.0850776502363268
22242,86326,67,65-69,M,7301,11229,18530,3928,0.538008491987399
24426,21921,36,35-39,M,7925,10606,18531,2681,0.3382965299684543
24407,02482,23,Under 35,F,8573,9968,18541,1395,0.1627201679692056
23343,03070,70,70-74,M,8556,9987,18543,1431,0.1672510518934081
29870,02129,29,Under 35,F,9008,9536,18544,528,0.0586145648312611
23518,80202,79,75-79,M,8072,10473,18545,2401,0.2974479682854311
30475,77007,40,40-44,F,8703,9844,18547,1141,0.1311042169366885
26116,32550,58,55-59,F,8277,10271,18548,1994,0.2409085417421771
18588,32550,59,55-59,M,8275,10274,18549,1999,0.2415709969788519
25244,02170,24,Under 35,F,8343,10206,18549,1863,0.2233009708737864
29761,01801,19,Under 35,M,7942,10610,18552,2668,0.3359355326114329
25654,02466,48,45-49,M,8441,10111,18552,1670,0.1978438573628717
27688,02916,29,Under 35,F,8272,10282,18554,2010,0.2429883945841392
26003,02452,44,40-44,M,8656,9900,18556,1244,0.1437153419593345
15946,02138,61,60-64,F,8636,9923,18559,1287,0.1490273274664196
24082,01460,57,55-59,F,8728,9832,18560,1104,0.1264894592117323
25042,02346,31,Under 35,M,9277,9284,18561,7,0.0007545542740109
26317,02186,34,Under 35,M,8572,9990,18562,1418,0.1654223051796547
22190,32503,54,50-54,F,7741,10822,18563,3081,0.3980105929466477
28633,06070,56,55-59,M,8566,10001,18567,1435,0.1675227644174644
25840,02155,29,Under 35,F,8571,9997,18568,1426,0.1663749854159374
26299,02127,27,Under 35,F,8570,9998,18568,1428,0.1666277712952158
21466,95032,61,60-64,M,7503,11067,18570,3564,0.4750099960015994
26857,02135,51,50-54,F,8919,9651,18570,732,0.0820719811638076
29979,02145,27,Under 35,F,9253,9317,18570,64,0.0069166756727547
25085,03801,38,35-39,M,7753,10818,18571,3065,0.3953308396749645
26366,37207,43,40-44,F,8731,9840,18571,1109,0.1270186691100675
24856,02127,29,Under 35,F,8401,10171,18572,1770,0.2106892036662302
28346,02124,30,Under 35,F,8413,10159,18572,1746,0.2075359562581718
25193,02703,43,40-44,M,9072,9501,18573,429,0.0472883597883597
27618,01721,35,35-39,F,8163,10411,18574,2248,0.2753889501408795
26052,01778,50,50-54,F,8536,10038,18574,1502,0.1759606373008435
26856,11106,42,40-44,M,8651,9924,18575,1273,0.1471506184256155
29585,02131,38,35-39,F,8613,9963,18576,1350,0.1567398119122257
29888,02322,47,45-49,M,8543,10036,18579,1493,0.1747629638300362
15594,01085,60,60-64,M,8152,10429,18581,2277,0.2793179587831207
7720,22201,29,Under 35,M,7176,11407,18583,4231,0.5896042363433668
25485,02375,28,Under 35,M,8233,10350,18583,2117,0.2571359164338637
24417,20878,45,45-49,F,8406,10177,18583,1771,0.2106828455864858
24599,02127,24,Under 35,F,9616,8968,18584,-648,-0.0673876871880199
26848,02127,26,Under 35,F,8676,9908,18584,1232,0.1420009220839096
26851,02113,29,Under 35,F,8676,9908,18584,1232,0.1420009220839096
28031,02459,51,50-54,F,8716,9869,18585,1153,0.1322854520422212
25565,02118,50,50-54,M,8583,10003,18586,1420,0.165443318187114
30421,84337,30,Under 35,M,8525,10061,18586,1536,0.1801759530791788
29630,02019,56,55-59,M,8710,9881,18591,1171,0.1344431687715269
28135,01581,32,Under 35,F,8687,9905,18592,1218,0.1402095084609186
15525,02128,31,Under 35,F,8257,10335,18592,2078,0.2516652537241128
28232,02152,37,35-39,M,8687,9905,18592,1218,0.1402095084609186
25748,02359,27,Under 35,F,8616,9978,18594,1362,0.1580779944289693
30676,97408,43,40-44,F,8691,9904,18595,1213,0.1395696697733287
30459,01845,52,50-54,F,7978,10618,18596,2640,0.3309100025068939
24010,10024,52,50-54,F,9015,9581,18596,566,0.0627842484747642
15773,50309,65,65-69,M,7948,10648,18596,2700,0.3397081026673377
25746,28203,23,Under 35,F,8825,9773,18598,948,0.1074220963172804
26767,02113,27,Under 35,F,8673,9927,18600,1254,0.1445866482186094
24126,02141,31,Under 35,F,7727,10873,18600,3146,0.407143781545231
29986,63011,41,40-44,F,8183,10417,18600,2234,0.2730050103873885
22405,33813,67,65-69,M,7965,10638,18603,2673,0.335593220338983
24621,48380,49,45-49,M,8493,10110,18603,1617,0.1903920876015542
26609,02474,49,45-49,F,8272,10332,18604,2060,0.2490328820116054
23270,90405,63,60-64,F,7968,10637,18605,2669,0.334964859437751
24614,02026,38,35-39,F,8402,10203,18605,1801,0.2143537253034991
28631,01748,49,45-49,F,8883,9725,18608,842,0.0947877969154565
27589,01748,50,50-54,F,8883,9725,18608,842,0.0947877969154565
23710,01748,77,75-79,M,8323,10290,18613,1967,0.2363330529857022
28698,02052,44,40-44,F,8203,10412,18615,2209,0.2692917225405339
29992,03038,34,Under 35,F,8503,10113,18616,1610,0.1893449370810302
26917,28012,35,35-39,F,8963,9653,18616,690,0.0769831529621778
23577,53717,75,75-79,M,7965,10651,18616,2686,0.3372253609541745
28612,02038,53,50-54,M,8802,9815,18617,1013,0.1150874801181549
26262,03033,38,35-39,M,7886,10732,18618,2846,0.3608927212782145
28780,60515,63,60-64,M,8476,10143,18619,1667,0.1966729589428976
26010,02127,24,Under 35,F,8842,9778,18620,936,0.1058584030762271
23557,10980,71,70-74,M,8218,10403,18621,2185,0.2658797761012412
24619,93010,58,55-59,F,8973,9648,18621,675,0.0752256770310932
24700,91361,22,Under 35,M,7556,11066,18622,3510,0.4645314981471678
26822,01748,22,Under 35,F,8509,10113,18622,1604,0.1885062874603361
24991,02050,40,40-44,F,8460,10164,18624,1704,0.201418439716312
29465,01760,54,50-54,M,8492,10132,18624,1640,0.1931229392369289
21042,48154,65,65-69,M,8364,10260,18624,1896,0.2266857962697274
23616,29841,75,75-79,M,8581,10044,18625,1463,0.1704929495396807
22555,43214,67,65-69,M,7454,11176,18630,3722,0.4993292192111618
28581,02210,32,Under 35,F,8598,10034,18632,1436,0.167015585019772
26415,02026,29,Under 35,F,8847,9788,18635,941,0.1063637391206058
26420,02026,31,Under 35,M,8848,9787,18635,939,0.106125678119349
26333,80111,45,45-49,M,7490,11146,18636,3656,0.4881174899866489
26267,02116,26,Under 35,F,8851,9788,18639,937,0.1058637442096938
7743,07013,49,45-49,M,8089,10550,18639,2461,0.3042403263691433
22649,20815,59,55-59,F,8295,10344,18639,2049,0.2470162748643761
25540,01810,54,50-54,M,8417,10222,18639,1805,0.2144469525959368
29256,11103,27,Under 35,F,8483,10158,18641,1675,0.1974537309913945
27264,02135,30,Under 35,F,8242,10400,18642,2158,0.2618296529968454
24075,02127,26,Under 35,F,8534,10108,18642,1574,0.1844387157253339
28071,01001,21,Under 35,F,8734,9908,18642,1174,0.1344172200595374
28804,02481,42,40-44,F,8646,9998,18644,1352,0.1563728891973166
24669,53593,49,45-49,F,8715,9929,18644,1214,0.1393000573723465
26543,02081,52,50-54,M,8369,10276,18645,1907,0.2278647389174334
15715,50588,69,65-69,F,8751,9895,18646,1144,0.1307279168095075
27473,02132,23,Under 35,F,9104,9542,18646,438,0.0481107205623901
24720,08902,46,45-49,F,8668,9979,18647,1311,0.1512459621596677
27301,99603,44,40-44,F,8853,9795,18648,942,0.1064046086072517
25629,01913,35,35-39,F,8249,10400,18649,2151,0.2607588798642259
15763,01775,69,65-69,F,8160,10491,18651,2331,0.2856617647058823
26225,01966,50,50-54,M,8368,10286,18654,1918,0.2292065009560229
25484,02131,35,35-39,F,8135,10520,18655,2385,0.2931776275353411
26634,10509,45,45-49,M,8487,10170,18657,1683,0.1983032873806998
24709,10016,27,Under 35,F,8927,9732,18659,805,0.0901758709532877
25933,45040,50,50-54,M,8489,10171,18660,1682,0.1981387678171751
26861,18015,23,Under 35,F,8342,10319,18661,1977,0.2369935267321985
26836,02043,56,55-59,M,8551,10112,18663,1561,0.1825517483335282
26554,02043,47,45-49,M,8504,10161,18665,1657,0.1948494825964252
24377,02494,39,35-39,F,8704,9963,18667,1259,0.1446461397058823
30260,02129,27,Under 35,M,8547,10127,18674,1580,0.1848601848601848
26386,02048,28,Under 35,F,9055,9621,18676,566,0.0625069022639425
26309,02135,27,Under 35,F,9054,9622,18676,568,0.0627347028937486
26368,34135,61,60-64,M,8029,10650,18679,2621,0.3264416490222941
28008,03755,22,Under 35,F,8863,9817,18680,954,0.1076384971228703
30671,02459,59,55-59,M,7819,10862,18681,3043,0.3891802020718762
30354,03874,63,60-64,F,8824,9857,18681,1033,0.117067089755213
15259,04074,55,55-59,M,6641,12042,18683,5401,0.8132811323595844
25377,02474,37,35-39,M,7683,11001,18684,3318,0.4318625536899648
29814,02492,46,45-49,M,8341,10347,18688,2006,0.2404987411581345
25910,02127,25,Under 35,F,8597,10095,18692,1498,0.1742468302896359
25990,50312,54,50-54,F,8492,10202,18694,1710,0.2013659915214319
27485,55374,39,35-39,F,8784,9912,18696,1128,0.1284153005464481
25823,02186,19,Under 35,F,8797,9904,18701,1107,0.1258383539843128
30476,93536,47,45-49,F,8804,9897,18701,1093,0.124148114493412
26522,10536,24,Under 35,F,8003,10699,18702,2696,0.3368736723728602
26515,10536,58,55-59,M,8003,10699,18702,2696,0.3368736723728602
28668,02132,34,Under 35,M,7918,10785,18703,2867,0.3620863854508714
27792,49512,49,45-49,M,8426,10278,18704,1852,0.2197958699264182
25336,01773,23,Under 35,M,7713,10992,18705,3279,0.425126409957215
23674,92075,66,65-69,F,8617,10088,18705,1471,0.1707090634791691
29186,02445,54,50-54,F,9056,9651,18707,595,0.0657022968197879
28964,30033,51,50-54,M,8457,10258,18715,1801,0.2129596783729455
29501,02132,47,45-49,M,8729,9986,18715,1257,0.1440027494558368
15105,92602,44,40-44,F,8424,10294,18718,1870,0.2219848053181386
30501,02150,39,35-39,M,8541,10178,18719,1637,0.1916637396089451
22738,30519,55,55-59,F,7757,10963,18720,3206,0.4133041124145932
23334,68526,60,60-64,F,7964,10760,18724,2796,0.3510798593671522
22320,78240,66,65-69,M,7841,10886,18727,3045,0.3883433235556689
30635,78418,40,40-44,M,8198,10530,18728,2332,0.2844596242986094
27843,01701,41,40-44,M,7680,11051,18731,3371,0.4389322916666666
26316,35406,23,Under 35,M,8419,10312,18731,1893,0.2248485568357287
26970,10453,23,Under 35,M,8297,10438,18735,2141,0.2580450765336868
24807,02152,23,Under 35,F,8056,10680,18736,2624,0.3257199602780536
26819,02155,40,40-44,F,9036,9701,18737,665,0.0735945108455068
26062,01960,35,35-39,F,9011,9726,18737,715,0.0793474642104095
26955,78006,50,50-54,F,8699,10038,18737,1339,0.1539257385906426
23729,01229,66,65-69,F,8336,10401,18737,2065,0.2477207293666027
26371,95123,44,40-44,M,8619,10122,18741,1503,0.1743821789070657
29450,01760,42,40-44,M,7841,10903,18744,3062,0.3905114143604132
27071,07450,52,50-54,M,8615,10137,18752,1522,0.1766686012768427
25597,02135,23,Under 35,F,9109,9644,18753,535,0.0587331210890328
18160,17403,64,60-64,M,8453,10302,18755,1849,0.2187389092629835
27562,01748,34,Under 35,F,8782,9975,18757,1193,0.135846048736051
25404,02114,36,35-39,F,9396,9366,18762,-30,-0.0031928480204342
27702,01938,49,45-49,F,7254,11509,18763,4255,0.5865729252826027
26056,02134,28,Under 35,F,8422,10341,18763,1919,0.2278556162431726
7754,02122,40,40-44,M,8548,10220,18768,1672,0.1956013102480112
22968,08816,55,55-59,F,8749,10020,18769,1271,0.1452737455709224
6975,02155,49,45-49,M,8541,10229,18770,1688,0.1976349373609647
28132,80113,59,55-59,M,8613,10159,18772,1546,0.1794961105305932
27290,80111,32,Under 35,M,8614,10159,18773,1545,0.1793591827257952
28972,10010,36,35-39,M,8921,9852,18773,931,0.1043604977020513
25208,10040,33,Under 35,M,8241,10533,18774,2292,0.2781215871860211
24288,15201,30,Under 35,F,8420,10354,18774,1934,0.2296912114014251
24071,94947,53,50-54,M,8535,10240,18775,1705,0.1997656707674282
25953,02703,50,50-54,M,8245,10532,18777,2287,0.2773802304426925
18774,30739,66,65-69,M,7444,11334,18778,3890,0.5225685115529285
19223,12074,64,60-64,M,8314,10465,18779,2151,0.258720230935771
25225,02113,28,Under 35,F,8654,10126,18780,1472,0.1700947538710422
27689,01748,56,55-59,M,8379,10405,18784,2026,0.2417949635994749
26296,33467,46,45-49,F,9152,9632,18784,480,0.0524475524475524
24113,01581,27,Under 35,M,7354,11432,18786,4078,0.5545281479466957
24880,53012,50,50-54,M,9209,9577,18786,368,0.0399609078075795
24086,02446,49,45-49,F,9326,9461,18787,135,0.0144756594467081
15615,02152,27,Under 35,F,8487,10300,18787,1813,0.2136208318604925
25083,03045,49,45-49,F,8595,10193,18788,1598,0.1859220477021524
24225,01760,60,60-64,M,8577,10219,18796,1642,0.1914422292176751
25001,03909,35,35-39,M,8382,10416,18798,2034,0.2426628489620615
21574,66062,48,45-49,F,9030,9769,18799,739,0.0818383167220376
25086,02467,58,55-59,M,8582,10218,18800,1636,0.1906315544162199
20330,55122,64,60-64,M,6392,12409,18801,6017,0.9413329161451814
21426,30115,46,45-49,F,7431,11373,18804,3942,0.5304804198627372
22911,96766,56,55-59,F,8233,10575,18808,2342,0.2844649580954694
28602,02451,40,40-44,M,8443,10370,18813,1927,0.2282364088594101
26548,01923,23,Under 35,F,9025,9788,18813,763,0.0845429362880886
30652,08750,46,45-49,M,8577,10238,18815,1661,0.1936574559869418
21644,63109,50,50-54,F,7938,10880,18818,2942,0.3706223230032754
29006,02184,27,Under 35,F,8568,10250,18818,1682,0.1963118580765639
18118,98557,56,55-59,M,7117,11701,18818,4584,0.6440916116341155
29011,02341,24,Under 35,M,8567,10251,18818,1684,0.1965682269172405
26375,78648,44,40-44,F,8340,10478,18818,2138,0.2563549160671463
23363,17403,70,70-74,M,8464,10356,18820,1892,0.2235349716446124
24964,92037,30,Under 35,F,8924,9897,18821,973,0.1090318242940385
25595,01748,57,55-59,F,7702,11123,18825,3421,0.4441703453648403
26112,01529,68,65-69,M,8559,10269,18828,1710,0.1997896950578338
19387,01749,57,55-59,M,8560,10268,18828,1708,0.1995327102803738
22195,48230,51,50-54,F,7557,11272,18829,3715,0.4915971946539632
25611,32233,50,50-54,M,7993,10838,18831,2845,0.3559364443888402
29277,02127,26,Under 35,F,8978,9854,18832,876,0.0975718422811316
26210,02118,27,Under 35,M,8583,10256,18839,1673,0.1949201910753815
26209,02135,23,Under 35,M,8583,10257,18840,1674,0.1950367004543866
23368,49009,70,70-74,M,7481,11360,18841,3879,0.5185135677048522
25125,02127,25,Under 35,F,8812,10030,18842,1218,0.1382206082614616
15186,85308,60,60-64,M,6232,12610,18842,6378,1.0234274711168163
25724,33418,48,45-49,M,8832,10011,18843,1179,0.1334918478260869
20859,94538,46,45-49,F,8382,10464,18846,2082,0.2483894058697208
27731,27517,42,40-44,F,8209,10638,18847,2429,0.2958947496650018
24114,32940,52,50-54,M,7994,10856,18850,2862,0.358018513885414
24916,02481,43,40-44,M,8118,10732,18850,2614,0.3220004927322
27596,29063,43,40-44,F,8643,10207,18850,1564,0.1809556866828647
26672,94107,35,35-39,M,8258,10595,18853,2337,0.2829983046742552
25037,10009,25,Under 35,F,8299,10554,18853,2255,0.2717194842752138
25491,10128,59,55-59,M,8991,9862,18853,871,0.0968746524302079
27014,08057,45,45-49,F,8903,9951,18854,1048,0.1177131304054813
24445,02420,59,55-59,F,8667,10188,18855,1521,0.1754932502596054
24180,01581,41,40-44,M,8667,10188,18855,1521,0.1754932502596054
26320,33143,60,60-64,M,8162,10694,18856,2532,0.3102180838029895
30556,85746,44,40-44,F,8690,10166,18856,1476,0.1698504027617951
24725,02139,23,Under 35,F,8967,9891,18858,924,0.1030444964871194
21881,84663,53,50-54,F,8137,10724,18861,2587,0.3179304411945434
15771,33069,69,65-69,M,8601,10260,18861,1659,0.1928845483083362
28873,27262,39,35-39,F,8558,10304,18862,1746,0.2040196307548492
29721,01950,59,55-59,M,8515,10348,18863,1833,0.2152671755725191
22304,72715,53,50-54,F,8044,10819,18863,2775,0.344977623073098
30321,02860,34,Under 35,F,9037,9829,18866,792,0.0876397034414075
28585,07310,42,40-44,F,8866,10005,18871,1139,0.1284683058876607
25603,02038,35,35-39,F,8892,9986,18878,1094,0.1230319388214125
25627,21723,50,50-54,M,8305,10574,18879,2269,0.273208910295003
26944,02459,53,50-54,F,8166,10715,18881,2549,0.3121479304433014
19637,10128,60,60-64,M,8452,10430,18882,1978,0.2340274491244675
26447,01940,36,35-39,F,8417,10467,18884,2050,0.2435547107045265
28273,02136,31,Under 35,F,8700,10186,18886,1486,0.1708045977011494
27491,03031,40,40-44,M,8217,10670,18887,2453,0.2985274431057563
22977,94539,58,55-59,F,8387,10500,18887,2113,0.2519375223560272
19811,02038,61,60-64,F,7972,10915,18887,2943,0.3691670847967888
29080,01845,18,Under 35,M,7697,11191,18888,3494,0.4539430947122255
26235,10128,60,60-64,M,8079,10812,18891,2733,0.3382844411437059
28261,02115,24,Under 35,F,8735,10157,18892,1422,0.1627933600457927
22301,34135,68,65-69,M,8195,10697,18892,2502,0.3053081147040878
29999,02136,25,Under 35,F,8307,10588,18895,2281,0.2745876971229083
27770,02370,57,55-59,F,8159,10739,18898,2580,0.316215222453732
24888,02472,32,Under 35,M,8656,10245,18901,1589,0.1835720887245841
24411,01523,50,50-54,M,8235,10670,18905,2435,0.2956891317547055
28046,96921,60,60-64,M,8214,10694,18908,2480,0.3019235451667884
30663,49546,61,60-64,M,8811,10098,18909,1287,0.146067415730337
29708,19103,27,Under 35,F,8953,9957,18910,1004,0.1121411817267954
21587,29690,61,60-64,M,8021,10891,18912,2870,0.3578107467896771
28973,02360,27,Under 35,F,8703,10216,18919,1513,0.1738480983568884
24054,07646,60,60-64,M,8611,10310,18921,1699,0.1973057716873766
24328,19067,23,Under 35,F,9245,9676,18921,431,0.0466197944835046
23679,84108,72,70-74,F,8951,9972,18923,1021,0.1140654675455256
24936,02043,28,Under 35,M,8729,10196,18925,1467,0.168060488028411
25030,01844,45,45-49,M,8731,10194,18925,1463,0.1675638529378078
24986,02043,55,55-59,M,8728,10197,18925,1469,0.1683088909257561
24932,02171,57,55-59,M,8729,10197,18926,1468,0.1681750486882804
27749,01748,39,35-39,M,7108,11819,18927,4711,0.6627743387732132
25368,28401,25,Under 35,F,9036,9893,18929,857,0.0948428508189464
28510,00927,32,Under 35,M,7795,11141,18936,3346,0.4292495189223861
25523,02155,31,Under 35,M,8870,10066,18936,1196,0.134836527621195
25521,02155,29,Under 35,F,8871,10065,18936,1194,0.1345958741968211
25650,01701,37,35-39,M,8674,10266,18940,1592,0.183537007147798
15623,71291,61,60-64,M,8862,10078,18940,1216,0.1372150756037012
20927,21157,54,50-54,F,8288,10653,18941,2365,0.2853523166023166
25512,04064,34,Under 35,F,8758,10184,18942,1426,0.1628225622288193
25516,03034,58,55-59,F,8758,10185,18943,1427,0.1629367435487554
26232,01886,38,35-39,F,8212,10731,18943,2519,0.3067462250365319
29459,68071,39,35-39,F,8951,9993,18944,1042,0.116411574125796
26291,02035,62,60-64,M,9083,9862,18945,779,0.0857646152152372
28164,01966,36,35-39,M,8779,10170,18949,1391,0.1584462922884155
17388,43551,42,40-44,F,6079,12870,18949,6791,1.1171245270603718
30633,02138,39,35-39,F,8996,9955,18951,959,0.1066029346376167
28798,14043,45,45-49,F,8399,10552,18951,2153,0.2563400404810096
28175,01701,37,35-39,F,8513,10439,18952,1926,0.2262422177845647
30263,06259,64,60-64,M,8513,10439,18952,1926,0.2262422177845647
30542,02025,42,40-44,F,9017,9937,18954,920,0.1020294998336475
25482,20169,41,40-44,M,8904,10051,18955,1147,0.1288185085354896
26491,02111,60,60-64,M,8576,10379,18955,1803,0.2102378731343283
23594,59759,78,75-79,M,8762,10196,18958,1434,0.1636612645514722
23455,37067,70,70-74,M,8130,10831,18961,2701,0.3322263222632226
29334,02122,51,50-54,M,8667,10297,18964,1630,0.188069689627322
28105,02066,30,Under 35,F,9010,9956,18966,946,0.1049944506104328
25437,02127,29,Under 35,F,8804,10162,18966,1358,0.1542480690595184
16022,10039,37,35-39,F,7988,10980,18968,2992,0.3745618427641462
23648,80305,68,65-69,F,8484,10484,18968,2000,0.2357378595002357
23550,19958,71,70-74,M,8184,10786,18970,2602,0.3179374389051808
26706,46224,58,55-59,F,8158,10813,18971,2655,0.3254474135817602
30640,70605,57,55-59,M,8403,10571,18974,2168,0.2580030941330477
29568,10023,45,45-49,F,8696,10278,18974,1582,0.1819227230910763
25284,53562,50,50-54,F,8653,10322,18975,1669,0.1928810817057668
16482,33618,59,55-59,M,8046,10929,18975,2883,0.3583146905294556
25578,32277,58,55-59,M,8884,10091,18975,1207,0.1358622242233228
23037,33618,56,55-59,F,8047,10928,18975,2881,0.3580216229650801
28255,02093,41,40-44,F,9289,9689,18978,400,0.0430616858650016
26110,01748,25,Under 35,M,8595,10383,18978,1788,0.2080279232111692
26346,02116,31,Under 35,F,9014,9965,18979,951,0.1055025515864211
23726,32127,71,70-74,F,8280,10701,18981,2421,0.292391304347826
24381,01984,47,45-49,F,8747,10236,18983,1489,0.1702297930719103
27390,02190,30,Under 35,F,8781,10204,18985,1423,0.1620544357134722
25205,02341,35,35-39,F,8852,10134,18986,1282,0.1448260280162675
19628,67205,45,45-49,F,7954,11033,18987,3079,0.3871008297711843
26579,63109,37,35-39,M,8590,10397,18987,1807,0.2103608847497089
23661,60174,76,75-79,M,9686,9303,18989,-383,-0.0395416064422878
25535,06001,50,50-54,F,9072,9918,18990,846,0.0932539682539682
25041,02668,65,65-69,M,8344,10647,18991,2303,0.276006711409396
25950,02038,38,35-39,F,8930,10063,18993,1133,0.1268756998880179
30444,05403,47,45-49,M,8448,10548,18996,2100,0.2485795454545454
25787,02145,42,40-44,M,8069,10928,18997,2859,0.354318998636758
28117,11561,44,40-44,F,9353,9649,19002,296,0.0316475997006308
30558,11373,48,45-49,M,8977,10026,19003,1049,0.1168541829118859
24245,02113,29,Under 35,F,8993,10012,19005,1019,0.113310352496386
26982,28202,25,Under 35,F,8265,10741,19006,2476,0.2995765275257108
26045,92110,48,45-49,M,9151,9859,19010,708,0.0773685935963282
26015,01810,44,40-44,F,9151,9859,19010,708,0.0773685935963282
26026,02066,41,40-44,F,8747,10268,19015,1521,0.1738881902366525
24931,01960,36,35-39,F,8464,10552,19016,2088,0.2466918714555765
27557,01810,49,45-49,F,9311,9709,19020,398,0.0427451401568037
28144,01801,57,55-59,F,8841,10180,19021,1339,0.1514534554914602
25658,02026,63,60-64,M,8871,10150,19021,1279,0.1441776575357908
25690,02129,29,Under 35,F,8287,10740,19027,2453,0.2960057922046579
28808,02481,50,50-54,F,7940,11087,19027,3147,0.3963476070528967
29197,02109,27,Under 35,M,8923,10105,19028,1182,0.1324666591953379
26300,02130,38,35-39,F,9537,9492,19029,-45,-0.0047184649260773
29352,02152,33,Under 35,M,8529,10501,19030,1972,0.2312111619181615
26292,02493,57,55-59,M,8187,10844,19031,2657,0.324538903139123
25820,10038,22,Under 35,M,8535,10496,19031,1961,0.2297598125366139
25834,10038,21,Under 35,M,8535,10497,19032,1962,0.2298769771528998
25828,92663,21,Under 35,F,8535,10497,19032,1962,0.2298769771528998
23380,90021,65,65-69,F,8700,10332,19032,1632,0.1875862068965517
25822,02124,21,Under 35,F,8478,10554,19032,2076,0.2448690728945506
25575,10014,57,55-59,M,8868,10165,19033,1297,0.1462562020748759
23435,08540,62,60-64,F,7878,11155,19033,3277,0.415968519928916
18050,22968,64,60-64,M,7049,11985,19034,4936,0.7002411689601362
25884,01854,28,Under 35,F,8765,10270,19035,1505,0.1717056474614945
26828,17268,43,40-44,F,8916,10119,19035,1203,0.1349259757738896
26905,10709,51,50-54,F,8970,10065,19035,1095,0.1220735785953177
20245,90004,64,60-64,F,8261,10775,19036,2514,0.3043215107129887
25390,02539,52,50-54,F,8511,10526,19037,2015,0.2367524380213841
23756,76126,70,70-74,F,8354,10688,19042,2334,0.2793871199425425
21436,90064,60,60-64,M,7776,11268,19044,3492,0.449074074074074
26770,02184,28,Under 35,F,8810,10235,19045,1425,0.1617480136208853
26750,02129,30,Under 35,F,8876,10169,19045,1293,0.1456737269040108
27496,01824,63,60-64,M,8244,10802,19046,2558,0.3102862688015526
26781,02118,33,Under 35,M,8838,10211,19049,1373,0.1553518895677755
29853,33713,28,Under 35,F,9211,9839,19050,628,0.0681793507762457
26322,02215,31,Under 35,M,8796,10255,19051,1459,0.1658708503865393
25032,02038,30,Under 35,F,8637,10416,19053,1779,0.2059742966307745
21762,20880,65,65-69,M,7013,12041,19054,5028,0.716954227862541
24060,06110,38,35-39,M,7934,11121,19055,3187,0.4016889337030501
25494,19073,54,50-54,F,8688,10371,19059,1683,0.1937154696132596
20637,44720,60,60-64,M,6778,12282,19060,5504,0.812038949542638
29515,02038,49,45-49,M,8011,11050,19061,3039,0.3793533890900012
26183,33547,46,45-49,M,8840,10222,19062,1382,0.1563348416289592
30620,78702,29,Under 35,F,8423,10639,19062,2216,0.2630891606316039
28351,01721,23,Under 35,F,9099,9972,19071,873,0.095944609297725
28863,02132,37,35-39,M,8291,10784,19075,2493,0.3006874924617054
28492,01721,23,Under 35,F,9065,10011,19076,946,0.1043574186431329
28516,02132,45,45-49,M,9075,10006,19081,931,0.1025895316804407
28906,54115,60,60-64,M,8689,10393,19082,1704,0.1961100241684888
30364,01850,28,Under 35,F,8461,10627,19088,2166,0.2559981089705708
23707,02771,71,70-74,F,8294,10795,19089,2501,0.3015432843019049
26347,01824,23,Under 35,F,8047,11046,19093,2999,0.3726854728470237
28343,02482,48,45-49,F,8500,10596,19096,2096,0.2465882352941176
27837,02341,26,Under 35,F,9290,9806,19096,516,0.0555435952637244
25518,01851,37,35-39,F,9509,9589,19098,80,0.0084130823430434
26549,02047,23,Under 35,F,9026,10073,19099,1047,0.1159982273432306
28680,02122,59,55-59,M,8281,10819,19100,2538,0.3064847240671416
28797,72713,52,50-54,M,8602,10498,19100,1896,0.2204138572425017
7747,85295,49,45-49,M,8639,10465,19104,1826,0.2113670563722653
26024,02127,27,Under 35,F,9116,9988,19104,872,0.0956559894690653
26618,02176,47,45-49,F,8723,10382,19105,1659,0.1901868623180098
26765,02127,23,Under 35,F,8324,10783,19107,2459,0.2954108601633829
24732,11217,40,40-44,M,9143,9966,19109,823,0.0900142185278355
26926,72401,36,35-39,M,7082,12028,19110,4946,0.698390285230161
24586,43016,49,45-49,F,9095,10016,19111,921,0.1012644310060472
25555,02140,27,Under 35,F,9053,10058,19111,1005,0.1110129238926322
23159,32195,60,60-64,F,8717,10396,19113,1679,0.1926121372031662
27601,22202,47,45-49,M,8921,10195,19116,1274,0.1428091021185965
21387,53224,50,50-54,F,7909,11209,19118,3300,0.4172461752433936
23352,12186,74,70-74,M,7354,11767,19121,4413,0.6000815882512918
24136,02118,36,35-39,F,8956,10169,19125,1213,0.1354399285395265
22494,33327,65,65-69,M,6680,12446,19126,5766,0.8631736526946108
26709,01801,37,35-39,M,8263,10863,19126,2600,0.3146556940578482
24543,03060,38,35-39,F,8841,10286,19127,1445,0.1634430494287976
26710,02135,50,50-54,M,8567,10562,19129,1995,0.2328703163301038
26637,02090,30,Under 35,F,9126,10005,19131,879,0.096318211702827
30040,02459,58,55-59,M,7966,11166,19132,3200,0.4017072558373085
30478,02532,52,50-54,F,8633,10501,19134,1868,0.2163790107726167
30515,02140,28,Under 35,M,8564,10571,19135,2007,0.2343531060252218
24106,02113,23,Under 35,F,8798,10337,19135,1539,0.1749261195726301
27899,11421,48,45-49,M,8264,10872,19136,2608,0.3155856727976767
27548,02346,40,40-44,F,9051,10087,19138,1036,0.1144624903325599
23734,34747,65,65-69,F,8444,10695,19139,2251,0.2665798199905258
26387,02118,30,Under 35,M,8950,10190,19140,1240,0.1385474860335195
27452,02184,49,45-49,F,9000,10142,19142,1142,0.1268888888888888
17656,34222,59,55-59,M,6189,12954,19143,6765,1.0930683470673777
25879,03053,40,40-44,F,7974,11172,19146,3198,0.401053423626787
28426,33327,41,40-44,M,8240,10909,19149,2669,0.3239077669902913
26227,02155,24,Under 35,F,9171,9979,19150,808,0.088103805473776
30466,12550,46,45-49,M,8296,10855,19151,2559,0.3084619093539055
26495,04039,32,Under 35,M,8734,10418,19152,1684,0.1928097091825051
26082,08226,24,Under 35,F,8799,10354,19153,1555,0.1767246277986134
24208,03875,63,60-64,F,8744,10414,19158,1670,0.1909881061299176
26104,32566,59,55-59,F,8063,11095,19158,3032,0.3760386952747116
26791,01824,46,45-49,F,8961,10198,19159,1237,0.1380426291708514
25008,01776,34,Under 35,F,8863,10297,19160,1434,0.1617962315243145
24429,10010,26,Under 35,F,8727,10437,19164,1710,0.1959436232382262
12367,98058,40,40-44,F,5971,13197,19168,7226,1.2101825489867697
26655,02467,46,45-49,F,9467,9703,19170,236,0.0249286996936727
29641,02347,38,35-39,M,8883,10288,19171,1405,0.1581672858268603
24176,18940,54,50-54,M,8096,11075,19171,2979,0.3679594861660079
23722,90712,68,65-69,F,9000,10173,19173,1173,0.1303333333333333
25506,01915,30,Under 35,M,9240,9935,19175,695,0.0752164502164502
26485,44141,45,45-49,M,8919,10263,19182,1344,0.1506895391860074
26951,07030,40,40-44,M,8149,11034,19183,2885,0.3540311694686464
15860,92610,64,60-64,M,8402,10783,19185,2381,0.2833849083551535
28966,02122,36,35-39,M,9034,10151,19185,1117,0.1236440115120655
24019,02127,25,Under 35,F,8251,10940,19191,2689,0.3258998909223125
26675,01742,39,35-39,F,8569,10622,19191,2053,0.2395845489555374
26676,01742,29,Under 35,F,8569,10622,19191,2053,0.2395845489555374
29566,04046,31,Under 35,F,9315,9878,19193,563,0.0604401502952227
24005,78701,56,55-59,M,7144,12052,19196,4908,0.687010078387458
24796,02445,25,Under 35,M,8650,10549,19199,1899,0.2195375722543352
15583,60305,57,55-59,M,8526,10673,19199,2147,0.251817968566737
25211,01966,49,45-49,M,9066,10134,19200,1068,0.1178027796161482
25877,02170,25,Under 35,F,8622,10579,19201,1957,0.2269774994200881
25872,10025,60,60-64,M,8769,10433,19202,1664,0.1897593796327973
26050,02061,19,Under 35,F,8290,10914,19204,2624,0.3165259348612786
24303,01810,23,Under 35,M,7694,11510,19204,3816,0.4959708864049909
26039,01960,25,Under 35,F,9051,10155,19206,1104,0.1219754723235001
24466,02169,25,Under 35,F,9029,10177,19206,1148,0.1271458633292723
24148,02445,37,35-39,M,8517,10689,19206,2172,0.2550193730186685
15776,33020,62,60-64,F,8377,10831,19208,2454,0.2929449683657634
24722,94555,51,50-54,F,9126,10083,19209,957,0.1048652202498356
24116,02360,27,Under 35,F,8792,10417,19209,1625,0.1848271155595996
29646,02339,45,45-49,M,8762,10449,19211,1687,0.1925359506961881
24791,02482,40,40-44,F,9074,10137,19211,1063,0.1171478950848578
24149,98388,51,50-54,F,8799,10413,19212,1614,0.1834299352199113
23771,17011,76,75-79,F,8313,10900,19213,2587,0.3111993263563093
26499,01887,40,40-44,M,8826,10390,19216,1564,0.1772037162927713
25966,02563,43,40-44,F,8762,10457,19219,1695,0.1934489842501712
26230,02129,26,Under 35,F,9194,10027,19221,833,0.0906025668914509
27839,02025,24,Under 35,M,8486,10742,19228,2256,0.2658496346924346
26708,02180,27,Under 35,M,8122,11108,19230,2986,0.3676434375769515
23757,94127,73,70-74,F,9199,10032,19231,833,0.0905533210131536
28483,02155,51,50-54,F,8334,10906,19240,2572,0.308615310775138
29295,01851,33,Under 35,F,8846,10395,19241,1549,0.1751073931720551
28648,03106,45,45-49,F,9290,9956,19246,666,0.0716899892357373
25170,02459,49,45-49,F,8956,10295,19251,1339,0.1495087092451987
15755,01760,67,65-69,M,8324,10928,19252,2604,0.3128303700144161
26552,70503,61,60-64,M,8461,10793,19254,2332,0.2756175392979553
26484,01748,53,50-54,F,8980,10276,19256,1296,0.1443207126948775
19345,84057,42,40-44,F,7992,11265,19257,3273,0.4095345345345345
27047,23602,42,40-44,M,8387,10871,19258,2484,0.2961726481459401
27073,10002,38,35-39,M,7845,11413,19258,3568,0.4548119821542383
15523,01845,19,Under 35,F,7721,11542,19263,3821,0.4948840823727496
100,01845,69,65-69,M,7792,11471,19263,3679,0.4721509240246406
26888,10010,40,40-44,M,9322,9942,19264,620,0.06650933276121
4652,47353,37,35-39,M,6406,12860,19266,6454,1.0074929753356228
24137,02186,37,35-39,M,8891,10377,19268,1486,0.1671353053649758
28630,02118,21,Under 35,M,6293,12975,19268,6682,1.0618147147624344
25321,02633,29,Under 35,F,8258,11012,19270,2754,0.3334947929280697
28840,02139,30,Under 35,M,9503,9771,19274,268,0.0282016205408818
15393,77004,25,Under 35,F,7322,11953,19275,4631,0.6324774651734498
28634,01746,39,35-39,M,8208,11068,19276,2860,0.3484405458089669
29045,02379,47,45-49,M,8396,10881,19277,2485,0.2959742734635541
28963,75115,71,70-74,M,9078,10199,19277,1121,0.1234853491958581
24615,14086,43,40-44,F,8698,10581,19279,1883,0.2164865486318694
24353,03055,49,45-49,M,8598,10685,19283,2087,0.242730867643638
24028,02184,24,Under 35,F,9002,10283,19285,1281,0.1423017107309487
25906,02210,35,35-39,F,8879,10410,19289,1531,0.172429327626985
30409,02852,44,40-44,F,8714,10577,19291,1863,0.2137938948817994
25559,02118,42,40-44,F,9393,9899,19292,506,0.0538699031193441
29231,63040,43,40-44,F,8797,10497,19294,1700,0.1932476980788905
24590,02119,24,Under 35,F,9253,10041,19294,788,0.0851615692207932
30317,02116,25,Under 35,M,7875,11421,19296,3546,0.4502857142857143
26258,02116,28,Under 35,M,8943,10353,19296,1410,0.1576652130157665
25715,01913,40,40-44,M,8764,10533,19297,1769,0.2018484710178001
29717,01923,24,Under 35,F,9130,10175,19305,1045,0.1144578313253012
24529,10024,51,50-54,F,7768,11537,19305,3769,0.4851956745623069
28312,02169,48,45-49,M,7547,11759,19306,4212,0.5581025573075394
24528,10024,51,50-54,F,7768,11538,19306,3770,0.4853244078269825
25704,02081,28,Under 35,F,8437,10869,19306,2432,0.2882541187625933
23272,98012,73,70-74,M,8273,11037,19310,2764,0.3340988758612353
26902,28277,50,50-54,M,8190,11120,19310,2930,0.3577533577533577
29681,33325,30,Under 35,F,9026,10285,19311,1259,0.1394859295368934
28333,10023,26,Under 35,F,8937,10374,19311,1437,0.1607922121517287
28381,75225,57,55-59,M,8937,10374,19311,1437,0.1607922121517287
24902,06614,42,40-44,F,8817,10497,19314,1680,0.1905410003402518
22931,18901,65,65-69,M,8336,10980,19316,2644,0.3171785028790786
22172,91321,50,50-54,F,7566,11750,19316,4184,0.5530002643404706
27828,02465,34,Under 35,F,8891,10425,19316,1534,0.1725340231694972
15855,01570,46,45-49,F,7430,11898,19328,4468,0.6013458950201884
25180,02072,54,50-54,M,9064,10265,19329,1201,0.1325022065313327
15576,02832,66,65-69,M,8814,10518,19332,1704,0.1933287950987066
27545,02135,28,Under 35,M,9771,9561,19332,-210,-0.0214921707092416
25641,01880,23,Under 35,F,8730,10604,19334,1874,0.2146620847651775
26997,11751,38,35-39,M,8564,10770,19334,2206,0.2575899112564222
25234,94025,48,45-49,F,8895,10442,19337,1547,0.1739179314221473
27851,03052,40,40-44,F,9388,9950,19338,562,0.05986365573072
28433,01760,46,45-49,F,8900,10438,19338,1538,0.1728089887640449
24048,07040,31,Under 35,M,7266,12073,19339,4807,0.6615744563721442
30482,94061,53,50-54,M,9042,10298,19340,1256,0.1389073213890732
25141,02118,31,Under 35,M,8880,10470,19350,1590,0.179054054054054
24927,02128,30,Under 35,F,9150,10201,19351,1051,0.114863387978142
24898,02451,47,45-49,M,8464,10889,19353,2425,0.2865075614366729
24857,04401,31,Under 35,M,8404,10949,19353,2545,0.3028319847691575
26840,02451,35,35-39,F,9369,9986,19355,617,0.0658554808410716
26592,02139,24,Under 35,F,9371,9986,19357,615,0.0656280012805463
25903,01960,26,Under 35,F,9371,9986,19357,615,0.0656280012805463
27684,02459,41,40-44,F,9207,10150,19357,943,0.1024220701640056
29202,95448,44,40-44,M,9321,10037,19358,716,0.0768157922969638
29054,02129,26,Under 35,F,9106,10253,19359,1147,0.1259609048978695
23439,19006,61,60-64,F,8893,10467,19360,1574,0.176993140672439
23576,34237,74,70-74,M,7855,11510,19365,3655,0.4653087205601527
22600,02664,71,70-74,M,8555,10810,19365,2255,0.2635885447106955
27045,04074,51,50-54,M,8387,10979,19366,2592,0.3090497198044593
24311,02459,31,Under 35,F,9411,9956,19367,545,0.0579109552651152
26573,02472,27,Under 35,F,8216,11152,19368,2936,0.3573515092502434
25551,02467,49,45-49,F,9207,10161,19368,954,0.1036168132942326
24911,02115,27,Under 35,F,8921,10451,19372,1530,0.1715054366102454
28215,60643,51,50-54,F,9308,10066,19374,758,0.0814353244520842
24860,33837,42,40-44,F,9210,10164,19374,954,0.1035830618892508
27802,06820,50,50-54,F,9309,10065,19374,756,0.0812117305833064
30648,01890,23,Under 35,M,9533,9843,19376,310,0.0325186195321514
23635,14564,66,65-69,F,7901,11476,19377,3575,0.4524743703328692
27065,08820,49,45-49,M,8623,10760,19383,2137,0.2478255827438246
26389,02127,25,Under 35,F,9369,10015,19384,646,0.068950795175579
27285,02481,23,Under 35,F,8976,10409,19385,1433,0.1596479500891265
26681,55304,51,50-54,M,7653,11732,19385,4079,0.5329935972821116
28532,60175,55,55-59,F,9151,10236,19387,1085,0.1185662769096273
17276,06756,61,60-64,M,6851,12541,19392,5690,0.8305356882206977
27919,02446,45,45-49,M,8009,11383,19392,3374,0.421276064427519
27918,02446,38,35-39,F,8009,11383,19392,3374,0.421276064427519
28126,01949,39,35-39,M,8862,10532,19394,1670,0.1884450462649514
28455,02129,31,Under 35,F,9270,10125,19395,855,0.0922330097087378
23064,91731,58,55-59,F,7390,12007,19397,4617,0.6247631935047361
28620,97132,47,45-49,M,8565,10838,19403,2273,0.2653823701109165
26202,10598,24,Under 35,M,7075,12329,19404,5254,0.7426148409893993
28656,97221,39,35-39,M,8343,11061,19404,2718,0.325782092772384
29452,97229,36,35-39,M,8343,11062,19405,2719,0.3259019537336689
24130,02474,46,45-49,F,8389,11018,19407,2629,0.313386577661223
25479,20689,41,40-44,M,8152,11255,19407,3103,0.3806427870461236
25419,02128,31,Under 35,F,8680,10727,19407,2047,0.2358294930875576
24098,02466,43,40-44,F,7637,11771,19408,4134,0.5413120335210161
16564,10023,45,45-49,F,9652,9756,19408,104,0.0107749689183588
24708,76132,60,60-64,M,8962,10447,19409,1485,0.1656996206203972
23694,20155,68,65-69,F,8593,10818,19411,2225,0.2589316885837309
30287,31210,49,45-49,F,9243,10169,19412,926,0.100183922968733
20456,20874,60,60-64,M,7915,11500,19415,3585,0.4529374605180037
26483,02054,56,55-59,M,8076,11339,19415,3263,0.4040366518078256
15783,02871,67,65-69,M,9025,10391,19416,1366,0.1513573407202216
25510,02180,36,35-39,M,8874,10543,19417,1669,0.1880775298625197
30320,02905,30,Under 35,F,9109,10314,19423,1205,0.1322867493687561
28490,01960,32,Under 35,F,8565,10859,19424,2294,0.2678342089900759
28599,02360,28,Under 35,M,8465,10961,19426,2496,0.2948611931482575
28651,02124,52,50-54,F,8521,10906,19427,2385,0.2798967257364159
25713,17050,59,55-59,M,9379,10048,19427,669,0.0713295660518179
24842,02138,50,50-54,F,8521,10906,19427,2385,0.2798967257364159
26658,03246,35,35-39,F,9204,10224,19428,1020,0.1108213820078226
26567,02144,27,Under 35,M,8302,11127,19429,2825,0.3402794507347627
23373,96816,61,60-64,F,8573,10856,19429,2283,0.2663011781173451
23042,34251,59,55-59,F,7187,12244,19431,5057,0.7036315569778767
25691,02116,25,Under 35,M,8309,11123,19432,2814,0.3386689132266217
24266,01940,55,55-59,F,9057,10377,19434,1320,0.1457436237164624
24749,01746,57,55-59,M,8119,11319,19438,3200,0.3941372090158886
30420,11216,44,40-44,F,8968,10472,19440,1504,0.167707404103479
28600,10462,49,45-49,F,8968,10473,19441,1505,0.1678189116859946
30606,90232,38,35-39,F,9417,10024,19441,607,0.0644578952957417
27806,90037,44,40-44,M,8968,10473,19441,1505,0.1678189116859946
28781,02332,18,Under 35,F,8990,10452,19442,1462,0.1626251390433815
24354,02482,39,35-39,F,9012,10431,19443,1419,0.15745672436751
24480,02115,25,Under 35,F,9012,10432,19444,1420,0.1575676875277407
30388,01801,36,35-39,M,9315,10130,19445,815,0.0874932903918411
30562,60657,36,35-39,M,8500,10946,19446,2446,0.2877647058823529
24065,02026,21,Under 35,F,9206,10242,19448,1036,0.1125353030632196
25619,02492,44,40-44,F,8523,10926,19449,2403,0.2819429778247096
25618,02492,45,45-49,F,8524,10926,19450,2402,0.2817925856405443
29036,01701,35,35-39,M,8163,11290,19453,3127,0.3830699497733676
30690,60601,41,40-44,M,8445,11008,19453,2563,0.3034931912374186
24651,11238,49,45-49,M,8568,10885,19453,2317,0.2704248366013072
23286,92870,62,60-64,F,8507,10947,19454,2440,0.2868226166686258
24692,01776,44,40-44,F,9194,10261,19455,1067,0.1160539482271046
26000,01886,25,Under 35,F,8942,10513,19455,1571,0.1756877656005367
28523,32773,44,40-44,M,9366,10090,19456,724,0.0773008755071535
23559,92509,66,65-69,F,8509,10948,19457,2439,0.2866376777529674
26535,16066,51,50-54,M,8565,10893,19458,2328,0.2718038528896672
26553,02118,30,Under 35,M,8566,10892,19458,2326,0.2715386411393883
15900,34747,56,55-59,F,8782,10678,19460,1896,0.2158961512184012
26589,04072,40,40-44,M,8183,11278,19461,3095,0.3782231455456434
26168,07922,50,50-54,M,9199,10263,19462,1064,0.1156647461680617
24040,02127,28,Under 35,F,9164,10300,19464,1136,0.123963334788302
26295,02359,65,65-69,M,8854,10619,19473,1765,0.1993449288457194
30644,77479,38,35-39,M,8603,10870,19473,2267,0.2635127281180983
29954,60614,32,Under 35,F,9314,10164,19478,850,0.0912604681125187
24983,02492,32,Under 35,M,8230,11250,19480,3020,0.3669501822600243
28690,02124,33,Under 35,F,9020,10466,19486,1446,0.160310421286031
25217,01749,43,40-44,M,8760,10730,19490,1970,0.2248858447488584
28640,01960,40,40-44,F,9513,9980,19493,467,0.0490907179648901
30670,02169,41,40-44,M,9200,10294,19494,1094,0.1189130434782608
11418,02114,26,Under 35,F,7269,12226,19495,4957,0.6819369927087633
29929,63128,62,60-64,M,8744,10752,19496,2008,0.2296431838975297
28494,02472,45,45-49,F,8532,10969,19501,2437,0.2856305672761369
26685,30068,51,50-54,F,9272,10229,19501,957,0.103213977566868
23747,33319,81,80 and Over,M,8934,10571,19505,1637,0.1832325945824938
29918,78642,39,35-39,M,9028,10478,19506,1450,0.1606114311032344
24696,02210,40,40-44,F,8039,11467,19506,3428,0.426421196666252
17071,33486,63,60-64,M,7545,11963,19508,4418,0.5855533465871438
28405,28277,44,40-44,F,8902,10609,19511,1707,0.1917546618737362
7745,77012,61,60-64,M,8599,10913,19512,2314,0.2691010582625887
16580,33602,36,35-39,F,7605,11912,19517,4307,0.5663379355687048
29529,01930,33,Under 35,M,9061,10457,19518,1396,0.1540668800353161
26649,02118,40,40-44,F,9088,10430,19518,1342,0.1476672535211267
25143,02141,30,Under 35,F,8889,10629,19518,1740,0.1957475531555855
27303,02460,30,Under 35,F,8888,10630,19518,1742,0.195994599459946
25882,02375,50,50-54,M,8612,10908,19520,2296,0.2666047375754761
22634,61853,59,55-59,F,8182,11339,19521,3157,0.385846981178196
27734,11238,40,40-44,F,8793,10730,19523,1937,0.2202888661435232
26516,01960,30,Under 35,M,7918,11607,19525,3689,0.4659004799191715
29094,01507,26,Under 35,M,8086,11439,19525,3353,0.4146673262428889
25730,39110,38,35-39,F,9137,10388,19525,1251,0.1369158367078909
23517,19428,61,60-64,F,8492,11035,19527,2543,0.2994583137070183
26948,10069,49,45-49,F,9502,10026,19528,524,0.0551462849926331
25524,02038,25,Under 35,F,9244,10287,19531,1043,0.1128299437472955
26774,01826,38,35-39,F,8934,10597,19531,1663,0.1861428251623013
24918,02131,42,40-44,M,8870,10662,19532,1792,0.2020293122886133
26722,32966,36,35-39,F,9131,10402,19533,1271,0.1391961450005475
28575,60302,41,40-44,F,8647,10886,19533,2239,0.2589337342430901
25557,02446,55,55-59,F,9160,10376,19536,1216,0.1327510917030567
26363,77302,61,60-64,M,9315,10222,19537,907,0.0973698336017176
26458,02114,27,Under 35,F,10329,9211,19540,-1118,-0.1082389389098654
25040,01890,66,65-69,M,8730,10810,19540,2080,0.2382588774341351
30428,01760,39,35-39,F,8849,10698,19547,1849,0.2089501638603232
24906,10023,31,Under 35,F,8787,10761,19548,1974,0.2246500512120177
29499,01801,46,45-49,F,7981,11570,19551,3589,0.4496930209246961
24541,01824,44,40-44,F,8821,10730,19551,1909,0.2164153724067566
27524,01702,65,65-69,M,8881,10670,19551,1789,0.2014412791352325
24690,55369,62,60-64,M,9044,10509,19553,1465,0.161985846970367
24804,01803,34,Under 35,M,8556,11001,19557,2445,0.2857643758765778
28957,01880,33,Under 35,M,9224,10334,19558,1110,0.1203382480485689
24018,29072,57,55-59,M,8932,10629,19561,1697,0.1899910434393193
26821,02127,33,Under 35,F,8905,10659,19564,1754,0.1969679955081414
29106,02081,55,55-59,M,7930,11635,19565,3705,0.4672131147540984
26636,02128,28,Under 35,F,8488,11081,19569,2593,0.3054901036757775
28535,01604,36,35-39,F,8966,10603,19569,1637,0.182578630381441
27809,11355,49,45-49,F,9002,10568,19570,1566,0.1739613419240168
30003,02763,35,35-39,M,7642,11929,19571,4287,0.5609788013609003
28108,02135,46,45-49,F,8807,10766,19573,1959,0.2224366980810719
26758,28277,50,50-54,M,8263,11311,19574,3048,0.3688732905724313
30539,08873,33,Under 35,M,9495,10080,19575,585,0.0616113744075829
24937,60610,51,50-54,M,8238,11337,19575,3099,0.3761835396941005
30053,02186,61,60-64,M,8846,10734,19580,1888,0.2134297987791092
28262,02130,27,Under 35,F,8615,10965,19580,2350,0.2727800348229832
27579,01810,52,50-54,M,9463,10118,19581,655,0.0692169502272006
24940,02113,26,Under 35,F,9120,10463,19583,1343,0.1472587719298245
25388,02136,44,40-44,F,8845,10738,19583,1893,0.2140192198982476
28861,02066,50,50-54,F,8960,10624,19584,1664,0.1857142857142857
26338,02118,36,35-39,M,8740,10845,19585,2105,0.2408466819221968
30103,02364,59,55-59,M,8577,11009,19586,2432,0.2835490264661303
26533,02053,41,40-44,F,9401,10187,19588,786,0.0836081267950218
28649,02062,44,40-44,M,8612,10977,19589,2365,0.2746168137482582
27717,10470,46,45-49,F,9356,10234,19590,878,0.0938435228730226
26246,01748,49,45-49,M,8508,11084,19592,2576,0.3027738598965679
24835,02446,23,Under 35,F,8964,10631,19595,1667,0.1859660865684962
26866,07481,73,70-74,M,8223,11372,19595,3149,0.3829502614617536
25273,02446,22,Under 35,F,8964,10631,19595,1667,0.1859660865684962
15640,87121,34,Under 35,F,8921,10675,19596,1754,0.1966147292904383
24714,78681,50,50-54,F,8744,10853,19597,2109,0.2411939615736505
27824,92111,37,35-39,F,9899,9703,19602,-196,-0.0197999797959389
27607,01721,36,35-39,F,9256,10348,19604,1092,0.1179775280898876
28475,06776,29,Under 35,F,8941,10666,19607,1725,0.1929314394363046
26732,02141,33,Under 35,F,9075,10532,19607,1457,0.1605509641873278
27362,01801,68,65-69,F,9082,10526,19608,1444,0.1589958158995816
27348,30309,55,55-59,F,9438,10170,19608,732,0.0775588048315321
26379,01915,25,Under 35,F,9021,10588,19609,1567,0.1737057975834164
21932,17036,67,65-69,M,7844,11766,19610,3922,0.5
23445,30519,63,60-64,F,7824,11788,19612,3964,0.5066462167689162
24033,28078,41,40-44,M,9038,10575,19613,1537,0.170059747731799
28220,01746,39,35-39,M,8738,10876,19614,2138,0.2446784161135271
10062,61282,54,50-54,M,8136,11479,19615,3343,0.410889872173058
28069,02118,55,55-59,F,8602,11013,19615,2411,0.2802836549639618
15782,01581,63,60-64,M,9251,10366,19617,1115,0.1205275105394011
21151,76078,63,60-64,M,8497,11122,19619,2625,0.3089325644345063
27049,20772,41,40-44,M,8851,10769,19620,1918,0.2166986781154671
28123,02460,42,40-44,M,9582,10040,19622,458,0.0477979544980171
29201,32128,54,50-54,F,9211,10411,19622,1200,0.1302790142221257
29325,02370,36,35-39,M,9142,10481,19623,1339,0.1464668562677751
24839,02452,51,50-54,F,8914,10711,19625,1797,0.2015929997756338
24858,02122,42,40-44,M,9371,10255,19626,884,0.0943335823284601
28637,02127,26,Under 35,F,9217,10410,19627,1193,0.1294347401540631
25891,01583,28,Under 35,F,9447,10180,19627,733,0.0775907695564729
24097,06234,51,50-54,M,9260,10367,19627,1107,0.1195464362850971
24837,02460,48,45-49,F,8923,10711,19634,1788,0.2003810377675669
27324,01550,30,Under 35,F,8791,10846,19637,2055,0.2337618018427937
29225,01890,55,55-59,M,8893,10744,19637,1851,0.2081412346789609
4197,70605,31,Under 35,M,5686,13952,19638,8266,1.4537460429124165
25228,01907,40,40-44,F,9150,10490,19640,1340,0.146448087431694
26417,20194,49,45-49,M,7961,11681,19642,3720,0.467277980153247
30311,02119,27,Under 35,M,9184,10461,19645,1277,0.1390461672473867
24485,02116,35,35-39,F,9987,9659,19646,-328,-0.0328426955041554
21926,11004,49,45-49,F,9221,10428,19649,1207,0.1308968658496909
24772,02453,30,Under 35,F,9033,10617,19650,1584,0.175357024244437
29572,60638,37,35-39,M,8043,11607,19650,3564,0.443118239462887
25695,02127,29,Under 35,F,8941,10715,19656,1774,0.1984118107594228
26216,02458,38,35-39,F,9335,10329,19664,994,0.1064809855382967
30415,03103,42,40-44,F,7582,12085,19667,4503,0.5939066209443419
26374,01748,58,55-59,M,8786,10884,19670,2098,0.2387889824721147
19836,06820,62,60-64,M,8431,11242,19673,2811,0.33341240659471
26356,02481,58,55-59,M,8432,11241,19673,2809,0.3331356736242884
27681,01721,46,45-49,F,9659,10023,19682,364,0.0376850605652759
3102,05452,49,45-49,M,7899,11784,19683,3885,0.4918344094189137
25899,43026,72,70-74,M,9031,10652,19683,1621,0.1794928579337836
10185,05452,50,50-54,M,7901,11782,19683,3881,0.4912036451082141
6865,05452,50,50-54,M,7884,11799,19683,3915,0.4965753424657534
16570,05452,52,50-54,M,7900,11783,19683,3883,0.4915189873417721
23677,32162,69,65-69,F,8704,10981,19685,2277,0.2616038602941176
28470,01778,27,Under 35,M,7629,12057,19686,4428,0.5804168305151396
28130,01545,27,Under 35,F,8316,11372,19688,3056,0.3674843674843674
28101,02458,28,Under 35,M,8665,11023,19688,2358,0.2721292556260819
26081,10023,34,Under 35,F,10403,9286,19689,-1117,-0.107372873209651
26367,95051,47,45-49,F,8932,10758,19690,1826,0.2044334975369458
15758,01852,79,75-79,M,8997,10695,19692,1698,0.1887295765255085
23552,30307,64,60-64,F,9047,10650,19697,1603,0.1771858074499834
26801,02118,23,Under 35,F,8626,11072,19698,2446,0.2835613262230466
24845,33161,54,50-54,F,9211,10489,19700,1278,0.1387471501465638
28353,02144,22,Under 35,F,8854,10846,19700,1992,0.2249830585046306
25869,02127,26,Under 35,F,9970,9731,19701,-239,-0.0239719157472417
15618,30331,46,45-49,F,9052,10650,19702,1598,0.1765355722492267
26916,28027,50,50-54,M,8601,11103,19704,2502,0.290896407394489
27018,78209,56,55-59,F,9080,10625,19705,1545,0.1701541850220264
23558,01844,73,70-74,M,7975,11732,19707,3757,0.4710971786833856
27454,02128,43,40-44,M,8436,11274,19710,2838,0.3364153627311522
27683,02136,51,50-54,M,8446,11266,19712,2820,0.3338858631304759
26441,77007,65,65-69,F,8936,10778,19714,1842,0.2061324977618621
24783,20011,53,50-54,F,9715,9999,19714,284,0.0292331446217189
24372,02421,42,40-44,F,9725,9990,19715,265,0.0272493573264781
24044,02458,62,60-64,M,9518,10199,19717,681,0.0715486446732506
29284,46143,41,40-44,F,9192,10525,19717,1333,0.1450174064403829
29498,02120,36,35-39,F,9080,10642,19722,1562,0.1720264317180616
24378,02466,47,45-49,M,8999,10723,19722,1724,0.191576841871319
27675,02122,33,Under 35,M,9131,10591,19722,1460,0.1598948636512977
27472,02131,30,Under 35,F,9131,10591,19722,1460,0.1598948636512977
29158,03051,34,Under 35,M,8620,11102,19722,2482,0.2879350348027842
25200,29492,39,35-39,F,8918,10807,19725,1889,0.2118187934514465
25272,21212,34,Under 35,F,9084,10644,19728,1560,0.1717305151915455
25279,11001,62,60-64,M,9305,10428,19733,1123,0.1206878022568511
26418,02324,29,Under 35,M,8220,11517,19737,3297,0.4010948905109489
26454,01915,34,Under 35,F,9348,10393,19741,1045,0.1117886178861788
25905,30263,53,50-54,M,8168,11573,19741,3405,0.4168707149853085
28644,98104,29,Under 35,M,8748,10993,19741,2245,0.2566300868770004
26973,28104,48,45-49,M,9033,10713,19746,1680,0.1859847226834938
26467,01532,40,40-44,F,9087,10660,19747,1573,0.17310443490701
26124,01568,54,50-54,F,9189,10559,19748,1370,0.1490913048209816
26688,90245,42,40-44,F,9447,10305,19752,858,0.0908224833280406
26305,01772,36,35-39,F,7604,12156,19760,4552,0.5986322987901105
24781,02762,26,Under 35,F,8880,10889,19769,2009,0.2262387387387387
25028,02125,27,Under 35,F,8930,10843,19773,1913,0.2142217245240761
26939,34293,44,40-44,M,9870,9904,19774,34,0.0034447821681864
24881,89519,61,60-64,F,9475,10299,19774,824,0.0869656992084432
29950,93711,40,40-44,M,8837,10939,19776,2102,0.237863528346724
22030,78209,63,60-64,M,8834,10943,19777,2109,0.2387366991170477
27723,02019,62,60-64,M,9036,10742,19778,1706,0.1888003541389995
24474,02445,27,Under 35,F,9086,10698,19784,1612,0.1774158045344486
24450,20176,42,40-44,F,9067,10718,19785,1651,0.1820888937906694
28889,02062,53,50-54,M,8668,11120,19788,2452,0.2828795569912321
19230,94038,47,45-49,F,9183,10607,19790,1424,0.1550691495154089
26402,02171,40,40-44,M,9037,10753,19790,1716,0.1898860241230497
25836,19317,46,45-49,F,8573,11219,19792,2646,0.3086434153738481
25096,02128,30,Under 35,M,9040,10752,19792,1712,0.1893805309734513
24683,08540,65,65-69,M,9093,10700,19793,1607,0.1767293522489827
15943,90265,82,80 and Over,M,8417,11376,19793,2959,0.3515504336461922
29877,92021,42,40-44,F,9114,10681,19795,1567,0.1719332894448101
26238,02115,22,Under 35,F,8956,10839,19795,1883,0.2102501116569897
28040,02043,27,Under 35,F,8509,11288,19797,2779,0.3265953696086496
24179,01852,44,40-44,F,9649,10150,19799,501,0.0519224790133692
23632,75044,67,65-69,F,9065,10736,19801,1671,0.1843353557639272
25550,90024,53,50-54,F,9037,10766,19803,1729,0.1913245546088303
30630,60441,48,45-49,M,8621,11185,19806,2564,0.2974132931214476
25207,77546,44,40-44,F,8449,11357,19806,2908,0.3441827435199432
25726,77546,47,45-49,F,8449,11357,19806,2908,0.3441827435199432
25190,02127,25,Under 35,M,8386,11423,19809,3037,0.3621512043882661
26329,02467,19,Under 35,M,8174,11637,19811,3463,0.423660386591632
25173,02130,28,Under 35,F,9392,10420,19812,1028,0.1094548551959114
28421,02134,43,40-44,M,8603,11209,19812,2606,0.3029175868882948
22272,34202,52,50-54,F,8600,11213,19813,2613,0.3038372093023256
18267,34211,54,50-54,F,8600,11213,19813,2613,0.3038372093023256
25034,02481,43,40-44,F,8203,11610,19813,3407,0.4153358527368036
24249,02115,37,35-39,F,9431,10385,19816,954,0.1011557629095536
24157,02467,44,40-44,F,9431,10385,19816,954,0.1011557629095536
21925,95746,52,50-54,F,9279,10538,19817,1259,0.135682724431512
29697,85013,32,Under 35,F,8751,11068,19819,2317,0.2647697406010741
30457,02124,31,Under 35,F,8702,11119,19821,2417,0.2777522408641691
15537,01845,61,60-64,F,9093,10730,19823,1637,0.1800285934235126
15536,90026,30,Under 35,M,9093,10730,19823,1637,0.1800285934235126
27499,01746,41,40-44,M,8952,10873,19825,1921,0.2145889186773905
29599,01752,37,35-39,F,8761,11064,19825,2303,0.2628695354411597
25610,02148,31,Under 35,F,9767,10059,19826,292,0.0298965905600491
28802,01752,29,Under 35,M,8762,11064,19826,2302,0.2627254051586395
30371,07030,47,45-49,F,9212,10615,19827,1403,0.152301346070343
26769,02446,26,Under 35,F,9195,10634,19829,1439,0.1564980967917346
23310,94086,61,60-64,F,9279,10553,19832,1274,0.1372992779394331
27357,02184,52,50-54,M,8354,11478,19832,3124,0.373952597558056
30176,01746,60,60-64,F,9278,10555,19833,1277,0.137637421858159
26684,95747,48,45-49,M,8887,10949,19836,2062,0.2320243051648475
28977,94517,28,Under 35,F,9079,10757,19836,1678,0.1848221169732349
26159,07052,55,55-59,F,9350,10487,19837,1137,0.1216042780748663
30430,03101,55,55-59,F,9150,10691,19841,1541,0.1684153005464481
26586,17603,27,Under 35,F,9463,10378,19841,915,0.0966923808517383
26587,02564,34,Under 35,M,6827,13015,19842,6188,0.906401054636004
23058,60543,73,70-74,M,7965,11882,19847,3917,0.4917765222849968
23138,78746,55,55-59,F,8549,11298,19847,2749,0.3215580769680664
27522,01826,68,65-69,F,9000,10847,19847,1847,0.2052222222222222
29374,27713,40,40-44,F,9518,10330,19848,812,0.0853120403446102
25068,04106,41,40-44,F,9550,10299,19849,749,0.0784293193717277
24697,91708,50,50-54,M,9200,10653,19853,1453,0.1579347826086956
29089,98155,44,40-44,M,9386,10472,19858,1086,0.1157042403579799
28689,97209,52,50-54,F,9643,10215,19858,572,0.0593176397386705
27042,07960,42,40-44,F,8758,11106,19864,2348,0.2680977392098653
24244,06426,40,40-44,M,7978,11890,19868,3912,0.4903484582602156
30465,49002,47,45-49,M,7211,12657,19868,5446,0.7552350575509638
27206,03053,24,Under 35,M,9037,10833,19870,1796,0.1987385194201615
17354,16415,37,35-39,F,8622,11248,19870,2626,0.3045697054047784
28846,02131,37,35-39,F,9411,10460,19871,1049,0.1114653065561576
24041,02062,27,Under 35,F,9135,10738,19873,1603,0.1754789272030651
28657,02131,38,35-39,M,8396,11479,19875,3083,0.3671986660314435
24956,01545,40,40-44,F,9456,10419,19875,963,0.1018401015228426
28316,02141,43,40-44,M,9039,10837,19876,1798,0.198915809270937
29962,11725,37,35-39,M,8119,11759,19878,3640,0.4483310752555733
15737,02780,73,70-74,M,8718,11162,19880,2444,0.2803395274145446
24120,77401,41,40-44,M,9072,10809,19881,1737,0.1914682539682539
23221,78232,60,60-64,F,8867,11018,19885,2151,0.2425848652306304
27993,60610,48,45-49,M,8670,11221,19891,2551,0.2942329873125721
24777,02138,30,Under 35,F,8469,11428,19897,2959,0.3493918998701145
29923,02446,32,Under 35,F,8797,11100,19897,2303,0.2617937933386381
29457,75229,60,60-64,M,9180,10720,19900,1540,0.167755991285403
23689,90604,65,65-69,F,8999,10903,19902,1904,0.2115790643404822
26436,02494,38,35-39,F,8881,11022,19903,2141,0.2410764553541267
26433,02494,40,40-44,M,8881,11022,19903,2141,0.2410764553541267
24421,02474,38,35-39,F,9436,10469,19905,1033,0.1094743535396354
27027,11102,31,Under 35,M,8556,11349,19905,2793,0.326437587657784
15836,45331,71,70-74,M,8311,11597,19908,3286,0.3953796173745638
27716,02382,33,Under 35,F,9284,10626,19910,1342,0.1445497630331753
15871,45331,48,45-49,F,8311,11599,19910,3288,0.395620262302972
24516,02138,34,Under 35,F,9027,10883,19910,1856,0.2056054060042096
30552,48197,38,35-39,F,9052,10860,19912,1808,0.1997348652231551
27714,02339,44,40-44,F,9398,10516,19914,1118,0.1189614811662055
28459,02445,53,50-54,F,9481,10439,19920,958,0.1010441936504588
22373,45223,61,60-64,F,8654,11267,19921,2613,0.3019412988213543
23735,95928,74,70-74,F,9006,10916,19922,1910,0.2120808349988896
30628,60439,43,40-44,F,9078,10844,19922,1766,0.1945362414628773
23717,94930,75,75-79,M,8303,11619,19922,3316,0.399373720342045
28687,01887,30,Under 35,F,8862,11061,19923,2199,0.2481381178063642
21260,13152,61,60-64,M,9162,10762,19924,1600,0.1746343593101942
24247,06460,26,Under 35,F,9163,10761,19924,1598,0.1743970315398886
25519,01821,47,45-49,M,8058,11868,19926,3810,0.4728220402084884
26754,02116,28,Under 35,F,8628,11300,19928,2672,0.3096893834028744
30381,92120,39,35-39,F,9240,10692,19932,1452,0.1571428571428571
25938,94507,55,55-59,F,9741,10194,19935,453,0.0465044656606097
24879,02066,33,Under 35,M,9259,10677,19936,1418,0.1531482881520682
28022,02809,25,Under 35,F,8342,11595,19937,3253,0.3899544473747303
22544,02445,71,70-74,M,7852,12086,19938,4234,0.5392256749872644
16853,03820,55,55-59,M,6393,13545,19938,7152,1.1187236039418114
29340,08869,49,45-49,M,9342,10597,19939,1255,0.1343395418539927
25330,02026,29,Under 35,F,9445,10494,19939,1049,0.1110640550555849
24442,02066,23,Under 35,F,9536,10404,19940,868,0.0910234899328859
15921,91101,61,60-64,F,9132,10811,19943,1679,0.1838589575120455
28664,01923,44,40-44,M,8653,11298,19951,2645,0.3056743326014099
26752,01970,36,35-39,F,8670,11286,19956,2616,0.3017301038062284
29600,02180,56,55-59,M,8130,11827,19957,3697,0.4547355473554735
28960,01879,31,Under 35,F,9013,10947,19960,1934,0.2145789415289027
27288,02135,23,Under 35,F,9524,10437,19961,913,0.0958630827383452
21830,01940,47,45-49,F,8443,11519,19962,3076,0.3643254767262821
23742,28803,73,70-74,F,9243,10719,19962,1476,0.1596884128529698
30669,07006,60,60-64,M,7918,12045,19963,4127,0.5212174791614044
30502,20748,49,45-49,M,8587,11377,19964,2790,0.3249097472924188
26979,02127,44,40-44,M,8619,11349,19968,2730,0.3167420814479638
26077,85262,56,55-59,F,9790,10179,19969,389,0.0397344228804903
29637,01529,59,55-59,F,9277,10693,19970,1416,0.1526355502856526
19964,94301,61,60-64,M,8278,11693,19971,3415,0.4125392606909882
25705,02125,31,Under 35,F,9212,10759,19971,1547,0.1679331306990881
29582,60505,45,45-49,M,7985,11986,19971,4001,0.5010644959298685
24451,02155,25,Under 35,F,8995,10977,19972,1982,0.2203446359088382
26815,02134,22,Under 35,M,8202,11771,19973,3569,0.4351377712752987
13628,92675,57,55-59,M,9335,10641,19976,1306,0.1399035886448848
24765,01824,30,Under 35,F,8992,10987,19979,1995,0.2218638790035587
24968,21046,34,Under 35,F,9504,10478,19982,974,0.1024831649831649
5260,04252,35,35-39,M,5972,14014,19986,8042,1.3466175485599463
29269,04110,52,50-54,F,9284,10704,19988,1420,0.1529513140887548
24548,02114,56,55-59,F,8984,11004,19988,2020,0.2248441674087266
15614,02132,32,Under 35,M,8861,11128,19989,2267,0.2558401986231802
29371,02184,41,40-44,F,9339,10650,19989,1311,0.1403790555734018
25178,10011,36,35-39,F,9618,10382,20000,764,0.0794343938448741
25835,02125,62,60-64,F,9085,10919,20004,1834,0.2018712162905888
25808,02339,46,45-49,M,9084,10920,20004,1836,0.202113606340819
28488,39437,57,55-59,F,9097,10908,20005,1811,0.1990766186654941
25538,02141,27,Under 35,F,9548,10457,20005,909,0.0952031839128613
26702,01748,24,Under 35,F,9548,10458,20006,910,0.095307917888563
24129,02062,50,50-54,M,9354,10655,20009,1301,0.1390848834723113
26645,06611,51,50-54,F,9269,10743,20012,1474,0.1590247060092782
25662,01602,49,45-49,F,9589,10429,20018,840,0.0876003754301804
15935,98004,75,75-79,F,8441,11581,20022,3140,0.3719938395924653
28899,81147,73,70-74,M,9204,10821,20025,1617,0.1756844850065189
29734,06516,28,Under 35,F,9327,10699,20026,1372,0.1470998177334619
29824,02375,37,35-39,F,9301,10725,20026,1424,0.1531018170089237
25264,02038,37,35-39,F,9301,10725,20026,1424,0.1531018170089237
30254,84321,62,60-64,F,9441,10586,20027,1145,0.1212795254739964
24915,01602,35,35-39,F,9239,10793,20032,1554,0.1682000216473644
25078,02038,41,40-44,F,9347,10687,20034,1340,0.1433615063656788
24959,02038,44,40-44,F,9349,10685,20034,1336,0.1429029842763932
25553,90230,51,50-54,F,9037,11001,20038,1964,0.2173287595440965
24094,28411,44,40-44,F,9677,10365,20042,688,0.0710964141779477
15549,91762,37,35-39,M,8802,11243,20045,2441,0.2773233356055442
26289,02048,50,50-54,M,9116,10931,20047,1815,0.1991004826678367
29305,02703,60,60-64,F,8807,11240,20047,2433,0.2762575224253434
26285,02048,46,45-49,M,9082,10965,20047,1883,0.2073331865227923
25723,84096,42,40-44,F,9197,10850,20047,1653,0.1797325214743938
28435,02141,26,Under 35,F,9527,10522,20049,995,0.1044400125957804
22861,02136,66,65-69,M,8991,11060,20051,2069,0.2301190078967857
24825,01950,21,Under 35,F,9121,10933,20054,1812,0.1986624273654204
16579,18940,56,55-59,M,7467,12587,20054,5120,0.6856836748359448
25087,60044,51,50-54,M,9018,11036,20054,2018,0.2237746728764693
28693,02148,29,Under 35,M,8347,11709,20056,3362,0.4027794417155864
20720,19518,61,60-64,M,8535,11533,20068,2998,0.3512595196250732
28151,48189,57,55-59,F,9629,10441,20070,812,0.0843285907155467
25564,02184,53,50-54,M,9030,11040,20070,2010,0.2225913621262458
25598,95746,56,55-59,F,9307,10766,20073,1459,0.1567637262275706
24977,01906,56,55-59,M,8916,11158,20074,2242,0.2514580529385374
25849,06057,62,60-64,F,9171,10903,20074,1732,0.1888561770799258
28415,28104,46,45-49,F,9233,10842,20075,1609,0.1742662189970757
22471,90057,57,55-59,F,7731,12348,20079,4617,0.5972060535506403
24171,01834,34,Under 35,F,9965,10115,20080,150,0.0150526843953838
29192,01834,41,40-44,M,9391,10691,20082,1300,0.1384304120966883
15942,02155,55,55-59,F,8104,11981,20085,3877,0.4784057255676209
25920,01880,25,Under 35,F,9251,10834,20085,1583,0.1711166360393471
24360,01887,25,Under 35,F,9252,10834,20086,1582,0.170990056204064
24287,02048,34,Under 35,F,7917,12170,20087,4253,0.5371984337501579
26925,28217,29,Under 35,F,9921,10172,20093,251,0.025299868964822
30632,77077,35,35-39,F,9360,10741,20101,1381,0.147542735042735
7756,03275,36,35-39,F,9251,10852,20103,1601,0.1730623716354988
30299,02121,39,35-39,M,9156,10951,20107,1795,0.1960463084316295
26019,02446,24,Under 35,M,8754,11355,20109,2601,0.2971213159698423
5209,14564,47,45-49,M,6431,13679,20110,7248,1.127040895661639
29953,02148,49,45-49,F,9034,11077,20111,2043,0.2261456719061323
22184,23452,67,65-69,M,8606,11509,20115,2903,0.3373227980478736
25382,02072,46,45-49,F,9538,10577,20115,1039,0.1089326902914657
27641,02144,28,Under 35,F,9467,10649,20116,1182,0.1248547586352593
29735,02132,38,35-39,M,9026,11090,20116,2064,0.2286727232439619
24923,02420,56,55-59,M,8427,11698,20125,3271,0.3881571140382105
24582,07092,31,Under 35,M,9010,11117,20127,2107,0.2338512763596004
24581,07092,28,Under 35,F,9009,11118,20127,2109,0.2340992340992341
29843,28209,37,35-39,M,9590,10543,20133,953,0.0993743482794577
28896,02081,30,Under 35,M,9868,10266,20134,398,0.0403323875152006
21839,19977,53,50-54,F,8178,11956,20134,3778,0.4619711420885302
26182,77479,23,Under 35,M,9410,10733,20143,1323,0.1405951115834219
25159,02124,24,Under 35,F,9502,10641,20143,1139,0.119869501157651
25146,01940,23,Under 35,F,9503,10641,20144,1138,0.1197516573713564
25582,02171,55,55-59,F,9158,10991,20149,1833,0.2001528718060712
30454,01833,48,45-49,M,8982,11168,20150,2186,0.2433756401692273
30149,01867,45,45-49,M,8981,11169,20150,2188,0.2436254314664291
29283,94122,62,60-64,F,9440,10710,20150,1270,0.1345338983050847
25846,01420,56,55-59,M,9049,11102,20151,2053,0.2268758978892695
15638,55412,28,Under 35,F,9092,11062,20154,1970,0.2166739991201056
25213,77082,43,40-44,F,8821,11333,20154,2512,0.2847749688243963
29780,01803,39,35-39,F,8389,11766,20155,3377,0.4025509595899392
27450,01938,41,40-44,F,8425,11731,20156,3306,0.3924035608308605
30348,07302,48,45-49,M,9104,11053,20157,1949,0.2140817223198594
29619,02130,43,40-44,F,8983,11178,20161,2195,0.2443504397194701
26171,28314,51,50-54,M,8938,11231,20169,2293,0.2565450883866637
29135,02130,25,Under 35,M,9164,11008,20172,1844,0.2012221737232649
30327,02125,26,Under 35,F,9164,11008,20172,1844,0.2012221737232649
25006,28451,59,55-59,M,8665,11507,20172,2842,0.3279861511829198
26358,01960,24,Under 35,M,8814,11360,20174,2546,0.2888586339913773
25981,02184,31,Under 35,F,8965,11209,20174,2244,0.2503067484662576
24976,02482,49,45-49,M,8935,11239,20174,2304,0.2578623391158366
29815,02184,28,Under 35,F,8965,11209,20174,2244,0.2503067484662576
27722,03901,45,45-49,M,8772,11404,20176,2632,0.3000455996352029
25349,40517,64,60-64,F,9822,10362,20184,540,0.0549786194257788
30010,21215,55,55-59,F,9271,10913,20184,1642,0.1771114227159961
29873,03902,21,Under 35,F,8988,11197,20185,2209,0.2457721406319537
23353,14043,70,70-74,M,8316,11869,20185,3553,0.4272486772486772
25075,03052,40,40-44,M,8861,11325,20186,2464,0.2780724523191513
28454,01516,26,Under 35,F,9102,11085,20187,1983,0.2178642056690837
25076,03052,41,40-44,F,8862,11325,20187,2463,0.2779282329045362
20494,97062,60,60-64,M,8204,11984,20188,3780,0.4607508532423208
24637,37130,53,50-54,F,8521,11668,20189,3147,0.369322849430818
25056,01571,26,Under 35,F,9493,10696,20189,1203,0.1267249552301696
24844,32256,47,45-49,F,8521,11668,20189,3147,0.369322849430818
27647,96306,37,35-39,M,7431,12758,20189,5327,0.7168617951823443
7750,90278,53,50-54,F,8811,11379,20190,2568,0.2914538644875724
24966,90034,39,35-39,M,8485,11706,20191,3221,0.3796110783736005
15522,02138,73,70-74,F,9157,11034,20191,1877,0.2049797968767063
15521,27608,49,45-49,M,9157,11035,20192,1878,0.2050890029485639
25077,01527,39,35-39,F,9612,10581,20193,969,0.1008114856429463
25307,21204,26,Under 35,F,9309,10888,20197,1579,0.1696207970780964
25391,06820,50,50-54,F,9462,10736,20198,1274,0.1346438385119425
24435,03811,39,35-39,F,9081,11118,20199,2037,0.2243145028080607
29326,19446,30,Under 35,F,8910,11290,20200,2380,0.2671156004489338
21442,00907,65,65-69,M,7950,12253,20203,4303,0.5412578616352202
25112,02139,31,Under 35,F,8501,11703,20204,3202,0.3766615692271498
22484,79707,66,65-69,M,8738,11472,20210,2734,0.3128862439917601
27819,33139,66,65-69,M,8831,11381,20212,2550,0.2887555203261239
26053,03106,29,Under 35,F,9016,11198,20214,2182,0.242014196983141
29535,90245,44,40-44,M,8501,11715,20216,3214,0.3780731678626044
29296,02904,28,Under 35,F,9260,10960,20220,1700,0.183585313174946
25994,01519,54,50-54,M,7960,12260,20220,4300,0.5402010050251256
25514,02346,27,Under 35,F,8729,11492,20221,2763,0.3165311032191545
24826,01810,27,Under 35,F,9183,11039,20222,1856,0.2021125993683981
29448,01532,49,45-49,F,9010,11213,20223,2203,0.2445061043285238
23667,32934,75,75-79,M,8041,12184,20225,4143,0.5152344235791568
27256,02493,63,60-64,F,9672,10559,20231,887,0.091708023159636
27223,01754,32,Under 35,F,9491,10740,20231,1249,0.1315983563375829
22442,98422,65,65-69,M,9206,11028,20234,1822,0.1979144036497936
25939,01945,45,45-49,M,8427,11809,20236,3382,0.4013290613504213
15766,04103,72,70-74,M,8716,11522,20238,2806,0.3219366681964203
26777,28173,51,50-54,F,9403,10835,20238,1432,0.152291821759013
26239,01940,25,Under 35,F,9237,11002,20239,1765,0.1910793547688643
25902,02481,41,40-44,F,8918,11322,20240,2404,0.2695671675263512
30088,45237,34,Under 35,F,9368,10874,20242,1506,0.1607600341588386
26555,02554,46,45-49,M,8922,11324,20246,2402,0.2692221475005604
26953,07840,45,45-49,M,9127,11119,20246,1992,0.2182535334721157
25455,20817,51,50-54,M,9791,10456,20247,665,0.0679195179246246
23381,12061,66,65-69,F,8282,11965,20247,3683,0.4446993479835788
26344,02356,45,45-49,M,9159,11090,20249,1931,0.2108308767332678
29871,00966,52,50-54,M,8791,11459,20250,2668,0.3034922079399386
30573,01760,49,45-49,F,8722,11528,20250,2806,0.3217152029351066
23542,03222,62,60-64,F,7705,12548,20253,4843,0.6285528877352369
18113,10573,58,55-59,F,7791,12464,20255,4673,0.5997946348350661
24181,45140,72,70-74,F,8733,11523,20256,2790,0.3194778426657506
24508,07869,57,55-59,F,9014,11246,20260,2232,0.2476148213889505
23333,44691,61,60-64,F,8563,11699,20262,3136,0.3662267896765152
22808,37205,65,65-69,M,7313,12954,20267,5641,0.7713660604403118
26303,07481,55,55-59,M,8370,11906,20276,3536,0.4224611708482676
30012,02461,58,55-59,M,8990,11286,20276,2296,0.2553948832035595
27654,06838,63,60-64,F,9993,10284,20277,291,0.0291203842689882
30450,37221,59,55-59,M,9032,11248,20280,2216,0.2453498671390611
25931,94523,63,60-64,F,9560,10723,20283,1163,0.1216527196652719
25011,02481,56,55-59,F,8373,11911,20284,3538,0.4225486683387077
27331,80521,32,Under 35,F,8666,11618,20284,2952,0.3406415878144472
15764,01845,54,50-54,M,8448,11838,20286,3390,0.4012784090909091
24384,02364,52,50-54,M,8788,11500,20288,2712,0.3086026399635867
24100,01944,62,60-64,M,9503,10788,20291,1285,0.1352204566978848
7760,01267,65,65-69,M,9725,10569,20294,844,0.0867866323907455
23540,85379,73,70-74,M,8893,11406,20299,2513,0.2825818059147644
26198,02114,29,Under 35,F,7599,12704,20303,5105,0.6717989209106462
15784,02132,66,65-69,M,8823,11481,20304,2658,0.3012580754845291
29989,02132,35,35-39,F,9049,11258,20307,2209,0.2441153718642943
15599,11214,26,Under 35,F,9269,11039,20308,1770,0.1909591110152119
24416,07641,47,45-49,M,9469,10844,20313,1375,0.1452106875066005
25416,02118,23,Under 35,F,9477,10837,20314,1360,0.1435053286905138
28409,30041,52,50-54,M,8599,11715,20314,3116,0.3623677171764158
26068,02114,24,Under 35,F,9129,11186,20315,2057,0.2253258845437616
29280,32703,53,50-54,M,8358,11960,20318,3602,0.4309643455372098
24374,02127,25,Under 35,F,9159,11159,20318,2000,0.2183644502674964
30397,01880,31,Under 35,M,9153,11166,20319,2013,0.2199278924942641
25310,01880,29,Under 35,F,9152,11167,20319,2015,0.2201704545454545
24395,01945,37,35-39,F,9847,10473,20320,626,0.063572661724383
24394,01568,34,Under 35,F,9848,10473,20321,625,0.0634646628757108
30616,60544,46,45-49,M,9048,11274,20322,2226,0.2460212201591512
27590,06111,65,65-69,F,9603,10719,20322,1116,0.1162136832239925
25517,01887,41,40-44,F,9446,10877,20323,1431,0.1514926953207707
23273,11978,60,60-64,F,7732,12596,20328,4864,0.6290739782721159
25832,02122,56,55-59,M,8979,11351,20330,2372,0.264171956788061
26818,02048,53,50-54,F,9109,11221,20330,2112,0.2318586013832473
23753,11797,71,70-74,F,9260,11073,20333,1813,0.1957883369330453
23249,33609,60,60-64,F,8103,12235,20338,4132,0.5099345921263729
24489,01720,56,55-59,F,9925,10413,20338,488,0.049168765743073
30446,02190,40,40-44,F,9411,10928,20339,1517,0.161194347040697
24233,45140,72,70-74,F,8818,11521,20339,2703,0.3065320934452257
21766,37302,53,50-54,F,8906,11434,20340,2528,0.2838535818549292
7733,02453,45,45-49,M,8095,12245,20340,4150,0.5126621371216801
24538,92647,47,45-49,F,9504,10837,20341,1333,0.140256734006734
28128,02136,54,50-54,F,9336,11010,20346,1674,0.179305912596401
26915,29715,52,50-54,M,9384,10962,20346,1578,0.168158567774936
24518,10017,28,Under 35,F,7739,12608,20347,4869,0.6291510531076366
24390,02494,55,55-59,M,8982,11366,20348,2384,0.26541972834558
27627,01603,50,50-54,M,8771,11580,20351,2809,0.3202599475544407
25875,02481,40,40-44,M,7614,12737,20351,5123,0.6728395061728395
25838,02481,39,35-39,F,8866,11485,20351,2619,0.2953981502368599
28457,03885,40,40-44,M,8762,11592,20354,2830,0.3229856197215248
30337,98607,64,60-64,M,9662,10692,20354,1030,0.1066031877458083
28434,03865,47,45-49,F,9004,11351,20355,2347,0.2606619280319858
26810,77536,55,55-59,F,9176,11179,20355,2003,0.2182868352223191
29722,02025,60,60-64,F,9284,11073,20357,1789,0.192697113313227
24078,98020,64,60-64,M,9411,10951,20362,1540,0.1636382956115184
26354,04102,39,35-39,F,9512,10850,20362,1338,0.1406644238856181
23546,14564,64,60-64,F,7611,12752,20363,5141,0.6754697148863487
25982,02140,31,Under 35,F,9102,11262,20364,2160,0.2373104812129202
27564,04090,59,55-59,F,8856,11511,20367,2655,0.2997967479674797
21086,38804,48,45-49,F,8795,11573,20368,2778,0.3158612848209209
25218,02303,42,40-44,M,9554,10814,20368,1260,0.1318819342683692
27019,07028,52,50-54,F,8872,11497,20369,2625,0.2958746618575293
24215,02333,30,Under 35,F,8184,12189,20373,4005,0.4893695014662756
25673,02127,25,Under 35,F,8706,11669,20375,2963,0.3403399954054675
23141,92691,60,60-64,F,8827,11548,20375,2721,0.3082587515577206
27421,01908,62,60-64,F,9903,10474,20377,571,0.0576592951630818
24546,02180,56,55-59,F,8576,11810,20386,3234,0.3770988805970149
25313,90250,32,Under 35,F,9530,10858,20388,1328,0.1393494228751311
28723,11709,54,50-54,F,9079,11310,20389,2231,0.2457319088005287
25790,02152,34,Under 35,F,9337,11052,20389,1715,0.1836778408482381
24957,02127,24,Under 35,F,8647,11746,20393,3099,0.3583901931305655
24240,01463,20,Under 35,F,9573,10825,20398,1252,0.1307844980674814
24352,02066,20,Under 35,F,9578,10820,20398,1242,0.1296721653789935
27720,32820,61,60-64,M,9072,11328,20400,2256,0.2486772486772486
29398,02460,24,Under 35,F,9532,10869,20401,1337,0.14026437263953
30473,01960,42,40-44,M,9140,11264,20404,2124,0.2323851203501094
1388,95135,55,55-59,M,8988,11416,20404,2428,0.2701379617267467
29456,15143,51,50-54,M,9427,10977,20404,1550,0.1644213429510979
26663,02131,42,40-44,F,9854,10550,20404,696,0.0706312157499492
30373,02170,37,35-39,F,9476,10931,20407,1455,0.1535457999155761
25367,10001,25,Under 35,F,9411,10999,20410,1588,0.1687387100201891
25361,80021,27,Under 35,F,9411,10999,20410,1588,0.1687387100201891
24015,78721,47,45-49,M,9076,11337,20413,2261,0.249118554429264
15030,95630,29,Under 35,F,8524,11892,20416,3368,0.3951196621304552
25965,02170,28,Under 35,F,8887,11529,20416,2642,0.297288173736919
26032,02021,35,35-39,F,9437,10983,20420,1546,0.1638232489138497
30351,07446,49,45-49,M,9339,11083,20422,1744,0.1867437627154941
30353,07446,48,45-49,F,9339,11083,20422,1744,0.1867437627154941
22914,44202,56,55-59,F,9584,10840,20424,1256,0.1310517529215359
29273,29492,32,Under 35,F,9204,11220,20424,2016,0.2190352020860495
26180,06883,56,55-59,F,9134,11293,20427,2159,0.236369608057806
14628,34231,51,50-54,M,8359,12070,20429,3711,0.4439526259121905
24446,33404,28,Under 35,F,9577,10855,20432,1278,0.1334447112874595
28771,60602,57,55-59,M,9109,11326,20435,2217,0.2433856625315621
24250,02889,40,40-44,F,9682,10757,20439,1075,0.111030778764718
29241,02360,35,35-39,M,9765,10675,20440,910,0.0931899641577061
28953,02135,35,35-39,M,9329,11113,20442,1784,0.1912316432629435
29118,02081,30,Under 35,M,9196,11249,20445,2053,0.223249238799478
28198,01701,49,45-49,F,9487,10961,20448,1474,0.155370507009592
28770,01701,40,40-44,F,9488,10961,20449,1473,0.1552487352445194
20724,92336,46,45-49,F,10478,9973,20451,-505,-0.0481962206527963
24500,02043,24,Under 35,F,9111,11341,20452,2230,0.2447590824278344
26762,89135,47,45-49,M,9464,10990,20454,1526,0.1612426035502958
24236,02210,30,Under 35,M,9755,10702,20457,947,0.0970784213223987
24195,02210,27,Under 35,F,9755,10702,20457,947,0.0970784213223987
27835,02128,37,35-39,F,9412,11049,20461,1637,0.1739269018274543
15907,48076,67,65-69,M,9034,11427,20461,2393,0.2648882001328315
24847,22026,45,45-49,F,9242,11222,20464,1980,0.2142393421337373
27863,02113,25,Under 35,F,9751,10723,20474,972,0.0996820838888319
29069,94080,59,55-59,M,9510,10966,20476,1456,0.1531019978969506
25657,60010,54,50-54,F,9701,10775,20476,1074,0.1107102360581383
20312,94109,62,60-64,M,7982,12497,20479,4515,0.5656477073415184
26033,01940,42,40-44,F,9061,11428,20489,2367,0.2612294448736342
24487,02111,48,45-49,F,9061,11429,20490,2368,0.2613398079682154
29704,02066,43,40-44,F,9677,10814,20491,1137,0.117495091453963
24806,02129,27,Under 35,F,9854,10640,20494,786,0.0797645626141668
27391,01801,54,50-54,M,9112,11386,20498,2274,0.2495610184372256
28276,02052,21,Under 35,F,9303,11195,20498,1892,0.2033752552939912
29816,10591,47,45-49,F,9081,11418,20499,2337,0.2573505120581433
30049,10591,46,45-49,M,9066,11434,20500,2368,0.2611956761526582
28275,02122,33,Under 35,M,8559,11944,20503,3385,0.3954901273513261
29261,15224,29,Under 35,F,9749,10755,20504,1006,0.1031900707764899
28337,01550,54,50-54,F,9648,10859,20507,1211,0.1255182421227197
28188,02864,32,Under 35,M,9271,11243,20514,1972,0.2127062884262754
15797,23235,72,70-74,M,9212,11304,20516,2092,0.2270950933564915
28452,02762,36,35-39,F,9414,11103,20517,1689,0.1794136392606755
25080,02481,42,40-44,F,9599,10920,20519,1321,0.1376185019272841
30407,02155,52,50-54,M,7743,12777,20520,5034,0.6501356063541263
30412,02155,22,Under 35,M,7745,12777,20522,5032,0.6497094899935443
23711,85635,66,65-69,F,9346,11178,20524,1832,0.1960196875668735
24405,02127,27,Under 35,F,9641,10887,20528,1246,0.1292397054247484
24494,02459,24,Under 35,F,9094,11436,20530,2342,0.2575324389707499
29936,01510,23,Under 35,F,9003,11532,20535,2529,0.2809063645451516
29423,02135,34,Under 35,M,10142,10394,20536,252,0.0248471701833957
25397,32803,44,40-44,M,9431,11105,20536,1674,0.1774997349167638
25402,01742,50,50-54,F,9432,11104,20536,1672,0.1772688719253604
23645,78645,66,65-69,F,8904,11637,20541,2733,0.3069407008086253
26105,07059,65,65-69,F,9666,10879,20545,1213,0.1254914132009104
15808,02132,59,55-59,M,9150,11396,20546,2246,0.2454644808743169
26713,02115,43,40-44,M,7323,13223,20546,5900,0.8056807319404615
28554,02333,25,Under 35,F,9753,10797,20550,1044,0.1070439864657028
28210,02360,62,60-64,M,8774,11781,20555,3007,0.3427171187599726
29286,19966,34,Under 35,M,9646,10915,20561,1269,0.1315571221231598
26574,02465,18,Under 35,F,9801,10764,20565,963,0.0982552800734618
25290,02122,31,Under 35,F,9126,11440,20566,2314,0.2535612535612536
25344,02127,25,Under 35,F,9502,11066,20568,1564,0.1645969269627447
26721,02554,56,55-59,M,8944,11628,20572,2684,0.3000894454382826
26446,02668,28,Under 35,F,9306,11267,20573,1961,0.2107242639157532
29942,01824,24,Under 35,F,9145,11429,20574,2284,0.2497539639147075
28791,01821,66,65-69,M,8351,12223,20574,3872,0.4636570470602323
26643,01420,41,40-44,M,8063,12511,20574,4448,0.5516557112737195
25949,02129,37,35-39,F,9693,10888,20581,1195,0.1232848447333127
25576,32003,39,35-39,M,8069,12512,20581,4443,0.5506258520262733
26889,28202,27,Under 35,M,9063,11519,20582,2456,0.270991945271985
26359,02061,53,50-54,F,9420,11167,20587,1747,0.1854564755838641
26378,29687,44,40-44,M,9685,10903,20588,1218,0.1257614868353123
15790,44620,69,65-69,M,9466,11127,20593,1661,0.1754701035284175
28060,02038,47,45-49,M,8879,11715,20594,2836,0.3194053384390134
24175,03885,61,60-64,F,10351,10246,20597,-105,-0.0101439474446913
25985,22902,21,Under 35,F,10171,10427,20598,256,0.02516959984269
24511,03062,25,Under 35,M,8610,11988,20598,3378,0.3923344947735191
23708,96761,76,75-79,M,8363,12240,20603,3877,0.4635896209494201
24520,02056,45,45-49,F,9954,10653,20607,699,0.0702230259192284
30561,01908,55,55-59,F,9660,10949,20609,1289,0.1334368530020704
30541,02124,36,35-39,M,9374,11236,20610,1862,0.198634521015575
26627,02446,25,Under 35,F,9943,10668,20611,725,0.0729156190284622
28958,02190,41,40-44,F,9514,11101,20615,1587,0.1668068110153458
25635,80305,20,Under 35,F,8445,12178,20623,3733,0.4420367081113084
25825,02124,21,Under 35,M,8539,12089,20628,3550,0.4157395479564352
15572,60010,69,65-69,M,9318,11311,20629,1993,0.2138871002361021
24504,02467,20,Under 35,F,9388,11251,20639,1863,0.1984448231785257
26162,55426,42,40-44,M,9667,10979,20646,1312,0.1357194579497258
24321,01545,57,55-59,M,9279,11368,20647,2089,0.2251320185364802
26265,02664,42,40-44,M,9426,11225,20651,1799,0.1908550816889454
26407,02356,70,70-74,M,9107,11544,20651,2437,0.2675963544526188
23347,34996,63,60-64,F,9461,11196,20657,1735,0.183384420251559
26185,01760,39,35-39,M,9252,11412,20664,2160,0.2334630350194552
28655,02554,33,Under 35,F,9317,11348,20665,2031,0.2179886229473006
15759,31794,67,65-69,M,8955,11712,20667,2757,0.3078726968174204
27537,01907,47,45-49,F,9410,11261,20671,1851,0.1967056323060574
29147,07834,48,45-49,M,8467,12210,20677,3743,0.442069209873627
25490,28277,53,50-54,F,9812,10865,20677,1053,0.1073175703220546
29120,60504,36,35-39,M,8820,11858,20678,3038,0.3444444444444444
18364,31405,40,40-44,F,7126,13555,20681,6429,0.9021891664327814
26686,02459,70,70-74,M,9059,11628,20687,2569,0.283585384700298
29013,60015,54,50-54,M,9388,11301,20689,1913,0.2037707711972731
30453,75214,35,35-39,F,10006,10685,20691,679,0.0678592844293424
29257,01453,49,45-49,M,9001,11694,20695,2693,0.2991889790023331
29521,02127,27,Under 35,F,10240,10456,20696,216,0.02109375
26284,01867,42,40-44,F,9478,11218,20696,1740,0.183583034395442
25005,02493,24,Under 35,F,9498,11212,20710,1714,0.1804590440092651
26308,85086,56,55-59,F,9395,11315,20710,1920,0.204364023416711
30553,84043,43,40-44,M,9290,11420,20710,2130,0.2292787944025834
29606,02351,61,60-64,F,8743,11970,20713,3227,0.3690952762209767
26204,37919,32,Under 35,M,9279,11435,20714,2156,0.2323526242051945
29511,02659,59,55-59,F,8743,11971,20714,3228,0.3692096534370353
28359,02135,32,Under 35,F,9804,10910,20714,1106,0.1128110975112199
25783,03869,51,50-54,F,9876,10838,20714,962,0.0974078574321587
27832,60516,61,60-64,M,8960,11755,20715,2795,0.3119419642857143
28412,02045,59,55-59,F,9512,11203,20715,1691,0.1777754415475189
29783,15090,45,45-49,F,10199,10527,20726,328,0.0321600156878125
24422,34202,24,Under 35,F,9251,11476,20727,2225,0.2405145389687601
29429,78681,39,35-39,F,9626,11105,20731,1479,0.1536463744026594
26871,94608,39,35-39,M,9090,11645,20735,2555,0.2810781078107811
28738,03103,33,Under 35,F,9862,10874,20736,1012,0.1026161022105049
26987,02118,27,Under 35,M,8059,12686,20745,4627,0.5741407122471771
25919,02108,26,Under 35,F,9424,11326,20750,1902,0.2018251273344652
29773,95683,55,55-59,M,7453,13298,20751,5845,0.7842479538440896
29948,77008,28,Under 35,F,9605,11146,20751,1541,0.1604372722540343
30399,02145,30,Under 35,M,9320,11432,20752,2112,0.2266094420600858
26143,02494,42,40-44,F,9670,11084,20754,1414,0.1462254395036194
23459,87508,70,70-74,M,8946,11812,20758,2866,0.3203666443103062
26190,02127,28,Under 35,F,9355,11406,20761,2051,0.2192410475681454
24464,05143,45,45-49,F,9604,11159,20763,1555,0.1619117034568929
29460,11735,31,Under 35,M,9952,10813,20765,861,0.0865152733118971
26313,85054,61,60-64,F,9228,11549,20777,2321,0.2515171218032076
29623,01085,56,55-59,F,9308,11470,20778,2162,0.2322733132788998
27511,01845,35,35-39,F,9597,11183,20780,1586,0.1652599770761696
29802,02124,48,45-49,M,9270,11512,20782,2242,0.2418554476806904
29994,02048,60,60-64,M,9269,11513,20782,2244,0.2420973136260653
22254,01201,53,50-54,F,8669,12116,20785,3447,0.3976237166916599
23251,94566,73,70-74,M,8339,12447,20786,4108,0.4926250149898069
29302,02127,37,35-39,F,9410,11382,20792,1972,0.2095642933049946
29588,02127,35,35-39,F,9410,11382,20792,1972,0.2095642933049946
24470,01748,34,Under 35,M,9017,11778,20795,2761,0.3061994011311966
28020,01938,25,Under 35,F,9810,10988,20798,1178,0.1200815494393476
30477,02135,32,Under 35,M,8363,12439,20802,4076,0.4873849097213918
25308,91384,25,Under 35,F,9566,11239,20805,1673,0.1748902362533974
15780,80202,76,75-79,M,9467,11343,20810,1876,0.1981620365480088
28230,63109,36,35-39,F,9558,11253,20811,1695,0.177338355304457
30362,78258,49,45-49,F,9911,10906,20817,995,0.1003935021693068
24022,02129,30,Under 35,F,9846,10976,20822,1130,0.11476741824091
29908,84088,28,Under 35,M,9248,11575,20823,2327,0.2516219723183391
25912,02726,44,40-44,F,9322,11502,20824,2180,0.233855395837803
28484,02451,45,45-49,M,8564,12262,20826,3698,0.4318075665576833
21615,03053,52,50-54,F,8511,12320,20831,3809,0.4475384796146164
15806,03301,59,55-59,M,8017,12814,20831,4797,0.5983534988150181
24210,02135,30,Under 35,F,9948,10883,20831,935,0.0939887414555689
24481,02453,30,Under 35,F,9084,11750,20834,2666,0.293483047115808
26429,02132,53,50-54,F,9533,11301,20834,1768,0.1854610301059477
30537,02125,38,35-39,M,9141,11694,20835,2553,0.2792911060059074
26998,11755,43,40-44,M,8768,12070,20838,3302,0.3765967153284671
24672,60538,57,55-59,F,9853,10990,20843,1137,0.1153963259920836
24675,28120,50,50-54,F,9784,11065,20849,1281,0.1309280457890433
26895,28277,45,45-49,F,10024,10830,20854,806,0.0804070231444533
24068,06105,55,55-59,M,9534,11320,20854,1786,0.1873295573736102
30004,23663,25,Under 35,M,8839,12017,20856,3178,0.3595429347211223
26151,34714,33,Under 35,F,9663,11195,20858,1532,0.1585428955810824
25386,02184,53,50-54,F,9637,11223,20860,1586,0.1645740375635571
24386,02747,47,45-49,F,9791,11072,20863,1281,0.1308344397916453
29959,01843,42,40-44,M,6738,14125,20863,7387,1.0963193826061146
25754,02048,54,50-54,F,9573,11292,20865,1719,0.1795675336884989
28661,02155,51,50-54,F,9464,11404,20868,1940,0.2049873203719357
24108,02115,59,55-59,F,9667,11203,20870,1536,0.1588910727216302
26877,84098,23,Under 35,F,8420,12455,20875,4035,0.4792161520190023
29077,02370,36,35-39,M,8825,12053,20878,3228,0.3657790368271955
26794,01760,43,40-44,M,9039,11840,20879,2801,0.3098794114393185
25380,02132,25,Under 35,F,9420,11462,20882,2042,0.2167728237791932
26963,28277,49,45-49,M,9357,11532,20889,2175,0.2324462968900288
26427,02155,29,Under 35,M,9265,11624,20889,2359,0.2546141392336751
25347,02030,48,45-49,F,9110,11780,20890,2670,0.2930845225027442
26892,29841,49,45-49,F,9297,11595,20892,2298,0.2471765085511455
28319,02109,64,60-64,M,9244,11649,20893,2405,0.2601687581133708
25937,03079,41,40-44,F,9649,11247,20896,1598,0.1656130168929422
26747,54914,69,65-69,M,10092,10805,20897,713,0.0706500198176773
24134,08534,43,40-44,M,9440,11466,20906,2026,0.2146186440677966
25209,01752,29,Under 35,M,8556,12354,20910,3798,0.4438990182328191
23720,78610,66,65-69,F,9007,11905,20912,2898,0.3217497501942933
26910,60503,60,60-64,M,10080,10833,20913,753,0.0747023809523809
26453,02109,25,Under 35,F,9544,11369,20913,1825,0.191219614417435
29238,02043,44,40-44,F,9122,11792,20914,2670,0.2926989695242271
27020,21212,38,35-39,M,9559,11357,20916,1798,0.1880949890155874
26652,02492,56,55-59,M,9620,11302,20922,1682,0.1748440748440748
26654,90230,27,Under 35,F,9620,11302,20922,1682,0.1748440748440748
23161,08241,65,65-69,M,7782,13141,20923,5359,0.6886404523258802
24161,17015,70,70-74,M,9767,11159,20926,1392,0.1425207330807822
15751,01821,60,60-64,M,9228,11702,20930,2474,0.2680970957954053
25324,02108,34,Under 35,M,8539,12393,20932,3854,0.4513409064293243
26687,02169,29,Under 35,M,9739,11197,20936,1458,0.1497073621521716
26492,19146,27,Under 35,F,9658,11282,20940,1624,0.1681507558500724
24428,01803,49,45-49,M,9208,11733,20941,2525,0.2742180712423979
28549,02143,36,35-39,M,9767,11182,20949,1415,0.1448756015153066
24963,02186,53,50-54,M,8525,12424,20949,3899,0.4573607038123167
24952,02492,53,50-54,M,8526,12423,20949,3897,0.4570724841660802
25739,02139,24,Under 35,F,8526,12424,20950,3898,0.4571897724607084
24039,07079,56,55-59,M,9434,11518,20952,2084,0.2209031163875344
20745,94123,56,55-59,F,9458,11502,20960,2044,0.2161133432015225
24373,02043,24,Under 35,F,10172,10790,20962,618,0.0607550137632717
28296,02324,45,45-49,M,9415,11551,20966,2136,0.2268720127456187
29649,11433,66,65-69,F,9724,11242,20966,1518,0.1561085972850678
23579,24151,61,60-64,F,9476,11491,20967,2015,0.2126424651751794
29903,02139,54,50-54,M,9477,11490,20967,2013,0.2124089901867679
26462,03801,24,Under 35,F,8835,12133,20968,3298,0.3732880588568195
25156,95037,59,55-59,F,9956,11022,20978,1066,0.1070711128967456
29714,92843,44,40-44,F,9718,11266,20984,1548,0.1592920353982301
27859,33498,68,65-69,M,9597,11389,20986,1792,0.186725018234865
29706,44120,34,Under 35,F,9509,11477,20986,1968,0.2069618256388684
29369,84098,67,65-69,M,9161,11828,20989,2667,0.2911254229887567
15627,38863,40,40-44,M,9811,11178,20989,1367,0.1393334012842727
30401,02131,38,35-39,M,7995,12996,20991,5001,0.625515947467167
30403,84321,41,40-44,M,7153,13840,20993,6687,0.9348525094366
7739,02360,72,70-74,M,9774,11219,20993,1445,0.1478412113771229
24604,01075,38,35-39,M,9709,11292,21001,1583,0.1630445977958595
28162,02364,33,Under 35,M,8406,12596,21002,4190,0.4984534856055199
15750,02062,60,60-64,M,10429,10574,21003,145,0.0139035382107584
25860,11217,56,55-59,F,9704,11301,21005,1597,0.1645713107996702
24345,03840,53,50-54,F,9314,11691,21005,2377,0.2552072149452437
21723,64113,65,65-69,M,7690,13318,21008,5628,0.7318595578673602
23452,10019,71,70-74,M,8149,12859,21008,4710,0.5779850288378943
25995,93924,60,60-64,F,8687,12324,21011,3637,0.4186715782203292
28578,10010,36,35-39,M,8546,12465,21011,3919,0.4585771120992277
28777,01760,31,Under 35,F,8546,12465,21011,3919,0.4585771120992277
24861,33897,55,55-59,M,9067,11950,21017,2883,0.3179662512407632
24846,20774,45,45-49,F,9532,11502,21034,1970,0.2066722618548048
29526,02703,54,50-54,F,9844,11201,21045,1357,0.1378504672897196
29845,03079,32,Under 35,F,9520,11526,21046,2006,0.2107142857142857
14933,44709,51,50-54,M,10521,10526,21047,5,0.000475239996198
25104,02128,41,40-44,F,9839,11213,21052,1374,0.1396483382457566
26127,01568,66,65-69,F,9494,11562,21056,2068,0.2178217821782178
26502,01040,33,Under 35,F,9783,11273,21056,1490,0.1523050189103547
25974,02128,24,Under 35,F,9268,11789,21057,2521,0.2720112214069918
15765,06906,73,70-74,M,10363,10700,21063,337,0.0325195406735501
23418,11509,69,65-69,F,9678,11385,21063,1707,0.1763794172349659
25928,02176,22,Under 35,F,9639,11426,21065,1787,0.185392675588754
15788,94563,78,75-79,F,10099,10966,21065,867,0.0858500841667491
28178,02144,30,Under 35,M,9335,11730,21065,2395,0.256561328334226
26578,02090,33,Under 35,F,9335,11733,21068,2398,0.2568826995179432
25684,20841,56,55-59,M,8708,12362,21070,3654,0.4196141479099678
23456,98092,62,60-64,F,9623,11448,21071,1825,0.1896497973604904
24658,28226,46,45-49,M,9997,11075,21072,1078,0.1078323497049114
24066,02139,64,60-64,M,9510,11565,21075,2055,0.2160883280757097
25047,01776,60,60-64,F,9487,11588,21075,2101,0.2214609465584484
26486,44256,40,40-44,F,9531,11551,21082,2020,0.2119399853110901
26729,94107,51,50-54,M,9077,12011,21088,2934,0.3232345488597554
24331,30004,41,40-44,M,9045,12045,21090,3000,0.3316749585406301
26826,02125,24,Under 35,F,9581,11511,21092,1930,0.201440350694082
25276,02125,24,Under 35,F,9581,11511,21092,1930,0.201440350694082
24850,80921,51,50-54,F,9934,11158,21092,1224,0.1232132071673042
21553,43560,62,60-64,M,7141,13953,21094,6812,0.9539280212855342
29156,03049,62,60-64,F,9244,11850,21094,2606,0.2819125919515361
15793,95616,74,70-74,M,9860,11239,21099,1379,0.1398580121703854
26544,01902,24,Under 35,M,8404,12696,21100,4292,0.5107091861018562
26007,02882,60,60-64,F,9102,12000,21102,2898,0.3183915622940013
24507,02127,25,Under 35,F,9589,11515,21104,1926,0.2008551465220565
25212,02339,50,50-54,M,10090,11019,21109,929,0.0920713577799801
26734,02108,24,Under 35,F,9798,11312,21110,1514,0.1545213308838538
25358,03054,30,Under 35,F,9872,11239,21111,1367,0.1384724473257698
26145,10040,45,45-49,F,9937,11179,21116,1242,0.1249874207507295
24852,02116,42,40-44,M,9371,11752,21123,2381,0.2540817415430583
24632,94121,60,60-64,F,9733,11391,21124,1658,0.1703482995993013
24854,02122,45,45-49,M,9372,11753,21125,2381,0.2540546308151942
26152,91607,57,55-59,M,9511,11616,21127,2105,0.2213226790032594
26473,02093,44,40-44,F,9289,11840,21129,2551,0.2746259016040478
24388,34202,46,45-49,M,8690,12444,21134,3754,0.4319907940161104
29292,08057,43,40-44,F,9825,11309,21134,1484,0.1510432569974554
28905,03054,42,40-44,M,9026,12111,21137,3085,0.3417903833370264
24726,07305,61,60-64,F,10114,11024,21138,910,0.0899742930591259
28416,02114,24,Under 35,M,8381,12765,21146,4384,0.5230879370003579
24255,02135,31,Under 35,F,9906,11244,21150,1338,0.1350696547546941
27239,02478,21,Under 35,F,9344,11811,21155,2467,0.2640196917808219
29174,02747,29,Under 35,M,9674,11487,21161,1813,0.1874095513748191
24279,02460,54,50-54,F,9202,11961,21163,2759,0.2998261247554879
23608,32207,66,65-69,F,8846,12322,21168,3476,0.3929459642776396
24096,83002,51,50-54,F,9775,11395,21170,1620,0.1657289002557544
26843,01609,30,Under 35,F,9549,11624,21173,2075,0.2173002408629175
26661,02131,44,40-44,M,9873,11303,21176,1430,0.1448394611566899
30230,02125,45,45-49,F,9247,11930,21177,2683,0.2901481561587541
23769,02458,75,75-79,F,10142,11038,21180,896,0.0883454939854072
7752,07016,42,40-44,F,9120,12061,21181,2941,0.3224780701754386
30423,28303,51,50-54,F,9418,11763,21181,2345,0.2489912932682098
27306,03811,50,50-54,F,9587,11597,21184,2010,0.2096589131115051
26827,95691,38,35-39,M,9758,11427,21185,1669,0.1710391473662635
29044,03087,55,55-59,M,9052,12140,21192,3088,0.341140079540433
24924,68022,41,40-44,F,9657,11538,21195,1881,0.1947809878844361
24291,02760,43,40-44,F,9426,11770,21196,2344,0.2486738807553575
15643,11238,39,35-39,F,9681,11518,21199,1837,0.1897531246772027
26798,01880,39,35-39,M,7534,13669,21203,6135,0.8143084682771436
25777,02134,25,Under 35,F,10225,10982,21207,757,0.0740342298288508
24248,27217,69,65-69,M,8754,12457,21211,3703,0.4230066255426091
7795,32708,22,Under 35,M,10620,10597,21217,-23,-0.0021657250470809
25858,01876,20,Under 35,F,9652,11568,21220,1916,0.1985080812266887
15528,02169,34,Under 35,M,9717,11507,21224,1790,0.1842132345374086
24401,06074,46,45-49,F,9383,11845,21228,2462,0.2623894276883726
15767,02131,65,65-69,M,8300,12929,21229,4629,0.557710843373494
26382,02190,35,35-39,M,9721,11514,21235,1793,0.1844460446456126
24433,02703,43,40-44,F,9868,11372,21240,1504,0.1524118362383461
23396,78628,60,60-64,F,8165,13076,21241,4911,0.6014696876913656
7776,19085,54,50-54,M,9976,11265,21241,1289,0.1292101042502005
26125,01569,39,35-39,F,9566,11676,21242,2110,0.2205728622203638
29428,37174,41,40-44,F,9900,11342,21242,1442,0.1456565656565656
26799,02451,26,Under 35,F,9707,11539,21246,1832,0.1887297826310909
24295,11946,63,60-64,F,10185,11062,21247,877,0.0861070201276386
26514,07016,44,40-44,M,8950,12298,21248,3348,0.3740782122905028
30347,10460,46,45-49,F,10090,11160,21250,1070,0.1060455896927651
24554,02132,59,55-59,F,9432,11819,21251,2387,0.2530746395250212
15775,08062,77,75-79,F,9379,11878,21257,2499,0.2664463162384049
24667,85255,43,40-44,F,9044,12214,21258,3170,0.3505086245024325
24659,85255,44,40-44,M,9043,12215,21258,3172,0.3507685502598695
21406,84604,56,55-59,F,8472,12787,21259,4315,0.509324834749764
30469,07307,44,40-44,F,9945,11316,21261,1371,0.1378582202111614
26829,06355,36,35-39,M,9938,11324,21262,1386,0.1394646810223385
26683,55044,53,50-54,F,10309,10954,21263,645,0.0625666893006111
25786,11373,47,45-49,M,9453,11811,21264,2358,0.2494446207553157
24030,90016,22,Under 35,M,10178,11090,21268,912,0.0896050304578502
25759,02446,46,45-49,M,7419,13850,21269,6431,0.8668284135328211
23768,83864,82,80 and Over,F,9813,11458,21271,1645,0.1676347702027922
24410,02446,28,Under 35,F,9609,11664,21273,2055,0.2138620043709022
26954,28270,33,Under 35,M,9804,11471,21275,1667,0.170032639738882
23719,95973,66,65-69,F,9177,12099,21276,2922,0.3184047074207257
28066,01569,30,Under 35,M,9566,11716,21282,2150,0.2247543382814133
24640,18901,63,60-64,M,8336,12957,21293,4621,0.5543426103646834
19861,83709,62,60-64,M,8338,12955,21293,4617,0.5537299112497002
19522,95050,64,60-64,M,9658,11637,21295,1979,0.204907848415821
24870,02703,31,Under 35,F,9368,11929,21297,2561,0.2733774551665243
27024,10024,26,Under 35,F,9592,11707,21299,2115,0.2204962468723936
28514,02135,26,Under 35,F,9551,11750,21301,2199,0.2302376714480159
28466,01760,57,55-59,F,9552,11749,21301,2197,0.2300041876046901
24237,07046,56,55-59,M,9367,11937,21304,2570,0.2743674602327319
22134,92231,57,55-59,F,9328,11977,21305,2649,0.283983704974271
26120,08816,48,45-49,M,10594,10716,21310,122,0.0115159524259014
30645,02474,46,45-49,M,9077,12237,21314,3160,0.3481326429437039
29237,10036,53,50-54,M,10071,11243,21314,1172,0.116373746400556
24427,02468,48,45-49,M,9771,11545,21316,1774,0.1815576706580698
25017,02421,55,55-59,F,9425,11891,21316,2466,0.2616445623342175
29534,10580,49,45-49,M,9670,11651,21321,1981,0.2048603929679421
29607,02062,45,45-49,F,9418,11903,21321,2485,0.2638564451051178
26201,02035,25,Under 35,M,9318,12003,21321,2685,0.2881519639407598
26867,30324,46,45-49,F,10094,11229,21323,1135,0.1124430354666138
29344,76262,58,55-59,F,9559,11770,21329,2211,0.2313003452243958
27718,32828,54,50-54,M,9519,11812,21331,2293,0.2408866477571173
25395,02129,31,Under 35,F,9829,11503,21332,1674,0.170312341031641
26528,02053,21,Under 35,M,9695,11640,21335,1945,0.2006188757091284
7792,12590,52,50-54,M,9691,11645,21336,1954,0.2016303787018883
28666,02038,32,Under 35,F,9868,11474,21342,1606,0.1627482772598297
28900,01701,29,Under 35,F,9869,11474,21343,1605,0.1626304590130712
27026,07747,50,50-54,M,9633,11712,21345,2079,0.2158206166303332
27879,05602,65,65-69,F,10242,11110,21352,868,0.0847490724467877
28155,01701,51,50-54,M,8512,12841,21353,4329,0.5085761278195489
24648,36655,53,50-54,F,10019,11336,21355,1317,0.1314502445353827
26063,02026,36,35-39,M,9471,11884,21355,2413,0.2547777425826206
22812,72034,66,65-69,M,8265,13094,21359,4829,0.5842710223835451
21164,95014,61,60-64,M,8320,13044,21364,4724,0.5677884615384615
20547,84103,60,60-64,F,9791,11573,21364,1782,0.18200388111531
28898,01420,38,35-39,M,9468,11896,21364,2428,0.2564427545416138
26550,02864,34,Under 35,F,9476,11888,21364,2412,0.2545377796538624
24124,01833,69,65-69,M,9613,11766,21379,2153,0.2239675439508998
23150,84310,67,65-69,F,7639,13740,21379,6101,0.7986647466945935
24475,02127,23,Under 35,F,10389,10991,21380,602,0.0579459043218789
24840,45207,55,55-59,F,8830,12554,21384,3724,0.4217440543601359
30028,02170,57,55-59,M,9716,11670,21386,1954,0.201111568546727
30097,33165,30,Under 35,F,10264,11122,21386,858,0.083593141075604
15769,01845,52,50-54,F,9410,11979,21389,2569,0.2730074388947928
26397,76210,56,55-59,F,10166,11227,21393,1061,0.1043674995081644
30349,02155,40,40-44,F,9710,11683,21393,1973,0.2031925849639546
30507,18036,57,55-59,M,9645,11750,21395,2105,0.2182477967858994
7772,54220,36,35-39,F,10212,11183,21395,971,0.095084214649432
26864,60076,55,55-59,F,9998,11404,21402,1406,0.140628125625125
15779,29926,78,75-79,M,10004,11399,21403,1395,0.1394442223110755
28833,01721,29,Under 35,F,9543,11864,21407,2321,0.2432149219323064
25171,02135,32,Under 35,F,9854,11556,21410,1702,0.1727217373655368
25359,02113,25,Under 35,F,9618,11792,21410,2174,0.2260345186109378
28396,02136,31,Under 35,M,9317,12097,21414,2780,0.2983793066437694
24341,10030,46,45-49,M,9360,12055,21415,2695,0.2879273504273504
25302,83002,59,55-59,M,10056,11365,21421,1309,0.1301710421638822
27292,02536,41,40-44,F,9619,11806,21425,2187,0.2273625116956024
24187,10003,36,35-39,F,10122,11304,21426,1182,0.1167753408417308
28264,02128,54,50-54,F,9714,11723,21437,2009,0.2068149063207741
28402,02127,26,Under 35,F,10458,10980,21438,522,0.0499139414802065
26113,11356,63,60-64,F,10251,11190,21441,939,0.0916008194322505
30284,02466,27,Under 35,F,9588,11858,21446,2270,0.2367542761785565
15791,95677,60,60-64,M,10124,11325,21449,1201,0.1186290003951007
26078,05048,47,45-49,F,10227,11224,21451,997,0.0974870440989537
27536,20105,42,40-44,F,9890,11561,21451,1671,0.168958543983822
25020,02127,30,Under 35,F,10012,11446,21458,1434,0.1432281262485017
28779,21212,43,40-44,M,10201,11257,21458,1056,0.1035192628173708
24938,02127,26,Under 35,F,10013,11445,21458,1432,0.143014081693798
30360,60657,41,40-44,F,9977,11481,21458,1504,0.1507467174501353
27082,32259,30,Under 35,M,10264,11195,21459,931,0.090705378020265
7731,32506,36,35-39,M,9411,12058,21469,2647,0.2812666029114866
28894,01801,28,Under 35,F,10678,10794,21472,116,0.0108634575763251
25060,85044,42,40-44,M,9107,12365,21472,3258,0.3577467881849127
28092,01748,51,50-54,M,9428,12046,21474,2618,0.2776834959694527
23532,78247,71,70-74,M,7555,13921,21476,6366,0.842620780939775
26501,02155,42,40-44,F,9881,11600,21481,1719,0.1739702459265256
15616,33702,50,50-54,F,10137,11353,21490,1216,0.1199565946532504
26290,01810,61,60-64,M,9586,11909,21495,2323,0.2423325683288128
29620,02360,43,40-44,M,9034,12462,21496,3428,0.3794553907460704
28717,98959,65,65-69,F,10401,11097,21498,696,0.0669166426305162
24521,07302,40,40-44,F,9939,11561,21500,1622,0.1631954925042761
26480,02493,23,Under 35,F,6910,14590,21500,7680,1.1114327062228655
28526,94587,65,65-69,F,9807,11694,21501,1887,0.1924135821352095
28980,01876,29,Under 35,M,10032,11470,21502,1438,0.143341307814992
24636,22203,44,40-44,M,10265,11238,21503,973,0.0947881149537262
25427,02332,39,35-39,M,9545,11961,21506,2416,0.2531168150864327
24909,13662,37,35-39,F,9337,12176,21513,2839,0.3040591196315733
22632,98275,67,65-69,M,9374,12142,21516,2768,0.2952848303819074
29467,02135,31,Under 35,M,9830,11686,21516,1856,0.1888097660223804
28179,01606,39,35-39,F,9186,12334,21520,3148,0.3426954060526889
25926,28412,52,50-54,M,9809,11713,21522,1904,0.194107452339688
29251,34212,47,45-49,M,9114,12408,21522,3294,0.3614219881500987
24799,03909,63,60-64,F,9691,11833,21524,2142,0.221029821483851
28811,07920,56,55-59,F,9216,12316,21532,3100,0.3363715277777778
27868,02536,75,75-79,F,9348,12186,21534,2838,0.303594351732991
30514,02446,28,Under 35,F,10365,11183,21548,818,0.0789194404245055
26853,03053,28,Under 35,F,10365,11183,21548,818,0.0789194404245055
28862,01748,42,40-44,M,8770,12782,21552,4012,0.4574686431014823
25769,90049,45,45-49,M,9920,11637,21557,1717,0.1730846774193548
25291,43560,38,35-39,F,10336,11224,21560,888,0.0859133126934984
29794,34786,50,50-54,F,10465,11096,21561,631,0.0602962255136168
24535,10030,45,45-49,F,10259,11308,21567,1049,0.1022516814504337
24297,02129,38,35-39,F,10364,11205,21569,841,0.0811462755692782
25134,33713,36,35-39,M,7730,13841,21571,6111,0.7905562742561449
25137,33713,35,35-39,F,7730,13841,21571,6111,0.7905562742561449
23690,32937,65,65-69,F,8330,13243,21573,4913,0.5897959183673469
28675,02114,22,Under 35,F,10158,11418,21576,1260,0.1240401653868871
29187,27705,22,Under 35,F,10158,11418,21576,1260,0.1240401653868871
15795,78680,68,65-69,M,9671,11905,21576,2234,0.2309998965980767
29991,02122,33,Under 35,M,10135,11441,21576,1306,0.1288603848051307
15770,78680,68,65-69,F,9025,12551,21576,3526,0.3906925207756233
26444,01969,50,50-54,F,9794,11787,21581,1993,0.2034919338370431
25176,02045,41,40-44,M,9716,11869,21585,2153,0.2215932482503087
25682,21054,38,35-39,M,10101,11486,21587,1385,0.1371151371151371
26629,10024,61,60-64,F,9236,12353,21589,3117,0.3374837592031182
28897,10913,63,60-64,F,10005,11584,21589,1579,0.1578210894552723
28439,01721,38,35-39,F,10136,11457,21593,1321,0.130327545382794
24566,02492,69,65-69,F,10158,11439,21597,1281,0.1261075014766686
26468,02138,32,Under 35,F,9803,11796,21599,1993,0.2033051106804039
26469,02492,62,60-64,M,9804,11795,21599,1991,0.2030803753569971
25960,02118,27,Under 35,F,9953,11647,21600,1694,0.1701999397166683
25239,01824,26,Under 35,F,6946,14655,21601,7709,1.1098473941837028
25669,02339,37,35-39,F,10644,10957,21601,313,0.0294062382562946
19491,49712,41,40-44,F,10181,11421,21602,1240,0.1217955014242215
15768,13905,71,70-74,M,9845,11764,21609,1919,0.1949212798374809
25026,01756,23,Under 35,M,9682,11929,21611,2247,0.2320801487296013
26540,01879,39,35-39,F,9457,12155,21612,2698,0.2852913185999788
24119,98273,42,40-44,F,9962,11658,21620,1696,0.17024693836579
26243,02453,43,40-44,M,9121,12501,21622,3380,0.3705734020392501
30691,21229,36,35-39,F,10170,11458,21628,1288,0.1266470009832841
25843,02152,32,Under 35,F,10157,11472,21629,1315,0.1294673624101605
24160,46112,39,35-39,M,10089,11542,21631,1453,0.144018237684607
24292,01106,40,40-44,F,10095,11545,21640,1450,0.1436354631005448
28190,01701,64,60-64,F,9838,11805,21643,1967,0.1999390119943077
27205,02180,33,Under 35,F,10089,11557,21646,1468,0.1455050054514818
28460,20850,41,40-44,F,10137,11511,21648,1374,0.1355430600769458
29042,01560,28,Under 35,M,10398,11251,21649,853,0.0820350067320638
29422,01834,51,50-54,M,9935,11718,21653,1783,0.1794665324609964
30198,02143,39,35-39,F,9173,12484,21657,3311,0.3609506159380791
26547,70503,50,50-54,F,9307,12360,21667,3053,0.3280326635865477
23337,96816,62,60-64,F,10311,11358,21669,1047,0.101542042478906
27030,21915,59,55-59,F,10198,11473,21671,1275,0.125024514610708
26325,01752,25,Under 35,F,10271,11402,21673,1131,0.1101158601888813
26560,01056,32,Under 35,F,10304,11371,21675,1067,0.1035520186335403
26561,01056,33,Under 35,M,10304,11372,21676,1068,0.1036490683229813
24432,02189,24,Under 35,F,9797,11882,21679,2085,0.2128202510972746
24455,02124,25,Under 35,F,9797,11882,21679,2085,0.2128202510972746
29110,91504,53,50-54,F,10228,11455,21683,1227,0.1199648025029331
26107,30114,51,50-54,F,10291,11396,21687,1105,0.10737537654261
15785,48433,74,70-74,M,10529,11159,21688,630,0.0598347421407541
25319,10003,52,50-54,F,10397,11295,21692,898,0.0863710685774742
24769,02467,59,55-59,M,9031,12665,21696,3634,0.4023917617096667
24387,30005,54,50-54,M,9822,11882,21704,2060,0.2097332518835268
30398,90019,34,Under 35,M,9843,11862,21705,2019,0.2051203901249619
24958,01508,73,70-74,M,9770,11935,21705,2165,0.221596724667349
25881,02116,33,Under 35,F,9339,12372,21711,3033,0.3247671056858336
24438,80027,27,Under 35,F,9109,12604,21713,3495,0.3836864639367658
25453,94704,43,40-44,M,10611,11102,21713,491,0.0462727358401658
24304,06237,31,Under 35,F,10174,11540,21714,1366,0.1342638097110281
25733,02021,27,Under 35,F,8649,13069,21718,4420,0.511041738929356
24585,01945,28,Under 35,F,10219,11501,21720,1282,0.1254525883158821
29935,02038,38,35-39,M,9544,12184,21728,2640,0.2766135792120704
27833,03908,63,60-64,M,10467,11262,21729,795,0.0759529951275437
15777,02184,67,65-69,M,9812,11920,21732,2108,0.2148389726865063
26084,01906,57,55-59,F,9777,11956,21733,2179,0.2228700010228086
26176,02459,29,Under 35,M,9413,12322,21735,2909,0.3090406884096462
24568,01915,57,55-59,M,10221,11516,21737,1295,0.1266999315135505
24574,02460,47,45-49,F,10252,11488,21740,1236,0.1205618415918845
23114,01773,72,70-74,M,7896,13851,21747,5955,0.7541793313069909
24834,02151,41,40-44,F,9462,12294,21756,2832,0.2993024730500951
30440,84321,26,Under 35,M,9608,12152,21760,2544,0.2647793505412156
9580,19047,57,55-59,M,10612,11155,21767,543,0.0511684885035808
26743,12561,55,55-59,F,10419,11348,21767,929,0.0891640272578942
27043,28117,50,50-54,M,9861,11906,21767,2045,0.2073826183957002
30607,33708,58,55-59,M,10621,11150,21771,529,0.0498069861594953
26523,11209,43,40-44,F,8906,12870,21776,3964,0.4450931955984729
27429,48204,65,65-69,F,10239,11540,21779,1301,0.1270631897646254
27282,04021,50,50-54,F,10309,11473,21782,1164,0.1129110485983121
24947,02368,27,Under 35,M,10193,11596,21789,1403,0.1376434808201707
24949,02118,30,Under 35,F,10194,11596,21790,1402,0.1375318814989209
26301,01520,22,Under 35,F,10512,11280,21792,768,0.0730593607305936
29039,01520,55,55-59,M,10512,11280,21792,768,0.0730593607305936
25237,02148,38,35-39,F,10267,11526,21793,1259,0.1226258887698451
27774,40224,61,60-64,M,10749,11047,21796,298,0.0277235091636431
30678,27502,55,55-59,M,10097,11699,21796,1602,0.1586609884123997
28399,01824,69,65-69,F,9756,12042,21798,2286,0.2343173431734317
26315,60657,36,35-39,F,9756,12042,21798,2286,0.2343173431734317
27318,01118,48,45-49,F,10119,11683,21802,1564,0.1545607273445992
30625,70669,25,Under 35,M,10433,11374,21807,941,0.0901945749065465
25155,02445,48,45-49,F,9369,12440,21809,3071,0.3277831145266304
25045,03054,51,50-54,F,10280,11534,21814,1254,0.1219844357976653
24625,02145,41,40-44,F,10035,11783,21818,1748,0.1741903338315894
27728,01913,65,65-69,F,9828,11990,21818,2162,0.21998371998372
24342,78641,42,40-44,F,10325,11497,21822,1172,0.1135108958837772
27845,96819,53,50-54,M,9445,12384,21829,2939,0.3111699311805188
24454,03042,38,35-39,F,9229,12604,21833,3375,0.3656950915592155
28053,02128,32,Under 35,F,9660,12177,21837,2517,0.2605590062111801
26408,01742,55,55-59,M,9876,11975,21851,2099,0.2125354394491697
27657,11566,39,35-39,F,10024,11830,21854,1806,0.1801675977653631
28611,02136,45,45-49,F,10060,11798,21858,1738,0.1727634194831014
26129,34105,52,50-54,F,10317,11547,21864,1230,0.119220703692934
26212,01760,39,35-39,F,10111,11753,21864,1642,0.1623973889822965
26715,02120,24,Under 35,M,9496,12371,21867,2875,0.3027590564448189
25643,02492,37,35-39,F,9298,12569,21867,3271,0.3517960851796085
30595,02492,32,Under 35,M,9297,12570,21867,3273,0.3520490480800258
15792,77381,72,70-74,M,10091,11785,21876,1694,0.1678723615102566
7765,15042,45,45-49,F,9148,12745,21893,3597,0.3932006996064713
24443,01568,54,50-54,F,10500,11402,21902,902,0.0859047619047619
26551,03063,57,55-59,F,8769,13136,21905,4367,0.4980043334473714
25334,08610,41,40-44,F,10226,11680,21906,1454,0.142186583219245
25064,01740,35,35-39,M,9377,12532,21909,3155,0.3364615548682947
24206,02186,56,55-59,M,10367,11544,21911,1177,0.1135333269026719
26923,07311,45,45-49,F,10409,11507,21916,1098,0.1054856374291478
26394,02043,53,50-54,M,9971,11951,21922,1980,0.1985758700230669
29461,02452,49,45-49,F,10224,11699,21923,1475,0.1442683881064162
15595,02446,25,Under 35,F,10186,11738,21924,1552,0.1523659925387787
15596,92037,62,60-64,M,10186,11739,21925,1553,0.1524641665030434
25887,85262,58,55-59,F,10110,11822,21932,1712,0.1693372898120672
24389,37075,36,35-39,M,10579,11359,21938,780,0.0737309764628036
28107,02780,59,55-59,F,9738,12229,21967,2491,0.2558020127336208
28786,01701,43,40-44,F,10529,11441,21970,912,0.0866179124323297
15798,70809,69,65-69,M,9730,12245,21975,2515,0.2584789311408016
25495,01541,58,55-59,F,9648,12346,21994,2698,0.2796434494195688
24076,32720,39,35-39,F,10115,11894,22009,1779,0.1758774097874444
22267,45840,67,65-69,M,7734,14277,22011,6543,0.8460046547711404
24843,30035,40,40-44,F,9982,12042,22024,2060,0.2063714686435584
24362,02186,19,Under 35,F,10397,11642,22039,1245,0.1197460806001731
24280,02186,51,50-54,M,10397,11642,22039,1245,0.1197460806001731
28750,02054,35,35-39,M,10295,11758,22053,1463,0.1421078193297717
15945,19406,59,55-59,F,9797,12258,22055,2461,0.2511993467387975
25407,19709,42,40-44,F,10432,11624,22056,1192,0.1142638036809816
24479,01128,44,40-44,F,9800,12265,22065,2465,0.251530612244898
26181,01810,46,45-49,M,10191,11874,22065,1683,0.165145716808949
25874,02053,24,Under 35,F,9970,12107,22077,2137,0.2143430290872617
24517,02134,25,Under 35,F,9858,12225,22083,2367,0.2401095556908095
15799,95831,77,75-79,M,10851,11234,22085,383,0.0352962860565846
24715,01864,25,Under 35,F,10387,11708,22095,1321,0.1271782035236353
28425,40031,52,50-54,M,10056,12040,22096,1984,0.1972951471758154
26051,02149,52,50-54,M,9760,12347,22107,2587,0.265061475409836
25758,98902,59,55-59,M,9532,12582,22114,3050,0.3199748216533781
25586,02135,25,Under 35,F,10128,12010,22138,1882,0.1858214849921011
24156,01915,41,40-44,F,10481,11666,22147,1185,0.1130617307508825
25667,44107,68,65-69,M,9667,12491,22158,2824,0.2921278576600807
27000,08824,46,45-49,M,9130,13033,22163,3903,0.4274917853231106
24172,01864,33,Under 35,F,10402,11767,22169,1365,0.1312247644683714
24309,01864,35,35-39,F,10402,11767,22169,1365,0.1312247644683714
27044,32258,53,50-54,F,10586,11610,22196,1024,0.0967315322123559
24072,60521,53,50-54,F,10416,11782,22198,1366,0.1311443932411674
25210,30060,55,55-59,F,10202,11997,22199,1795,0.1759458929621642
24849,30052,56,55-59,F,9833,12418,22251,2585,0.2628902674666938
17401,60647,49,45-49,F,7377,14879,22256,7502,1.0169445574081606
24334,02360,34,Under 35,F,10599,11665,22264,1066,0.1005755259930182
23263,90066,70,70-74,M,10440,11828,22268,1388,0.1329501915708812
19548,19111,71,70-74,M,6443,15829,22272,9386,1.456774794350458
25862,27565,34,Under 35,M,9960,12319,22279,2359,0.2368473895582329
7751,95120,52,50-54,M,10033,12253,22286,2220,0.2212698096282268
15608,02332,57,55-59,M,9748,12563,22311,2815,0.2887771850636028
24676,77479,32,Under 35,M,10360,11978,22338,1618,0.1561776061776061
24154,01843,22,Under 35,F,10785,11566,22351,781,0.0724153917477978
24272,92131,72,70-74,F,10908,11452,22360,544,0.0498716538320498
20635,60647,68,65-69,M,8594,13815,22409,5221,0.607516872236444
15794,33704,64,60-64,M,9239,13196,22435,3957,0.428293105314428
15550,91762,38,35-39,F,11283,11279,22562,-4,-0.0003545156430027
15762,60614,63,60-64,M,10321,12256,22577,1935,0.1874818331557019
23560,89439,76,75-79,M,10743,11868,22611,1125,0.1047193521362747
15802,33019,64,60-64,M,9984,12657,22641,2673,0.2677283653846153
6724,01810,52,50-54,M,7285,15371,22656,8086,1.109951956074125
13992,34238,63,60-64,M,10874,11900,22774,1026,0.0943535037704616
7780,19355,64,60-64,F,10770,12187,22957,1417,0.1315691736304549
22745,30319,65,65-69,M,9401,13575,22976,4174,0.4439953196468461
18295,30306,61,60-64,M,9341,13646,22987,4305,0.4608714270420725
19624,95616,54,50-54,F,9700,13301,23001,3601,0.3712371134020618
15603,08820,57,55-59,F,10506,12593,23099,2087,0.1986483913953931
15805,01886,66,65-69,M,10498,12697,23195,2199,0.2094684701847971
15944,22630,68,65-69,F,10846,12351,23197,1505,0.1387608334869998
7763,92131,62,60-64,M,11056,12285,23341,1229,0.1111613603473227
21536,37363,55,55-59,F,8724,14658,23382,5934,0.6801925722145805
15787,01053,70,70-74,M,11307,12085,23392,778,0.0688069337578491
15622,77009,33,Under 35,F,11083,12350,23433,1267,0.1143192276459442
15613,38826,42,40-44,M,10520,12956,23476,2436,0.2315589353612167
7796,32751,24,Under 35,M,10846,12647,23493,1801,0.1660520007375991
30608,06830,52,50-54,F,10851,12665,23516,1814,0.1671735323933278
7759,03777,40,40-44,F,10699,12885,23584,2186,0.2043181605757547
7787,77047,50,50-54,F,10779,12892,23671,2113,0.1960293162631042
15593,28803,57,55-59,M,11043,12880,23923,1837,0.1663497238069365
7783,07430,19,Under 35,M,11077,13013,24090,1936,0.1747765640516385
25418,07430,53,50-54,M,11077,13014,24091,1937,0.1748668412024916
7691,28075,45,45-49,M,7286,17096,24382,9810,1.3464177875377437
7771,37419,63,60-64,M,10891,13701,24592,2810,0.2580112019098338
15778,29575,66,65-69,M,11957,12829,24786,872,0.0729279919712302
7318,20906,40,40-44,M,11536,13915,25451,2379,0.2062239944521497
7786,76259,44,40-44,M,12057,13809,25866,1752,0.1453097785518785
